fecha	objective	metric	first_metric_only	boost_from_average	feature_pre_filter	verbosity	seed	max_depth	min_gain_to_split	lambda_l1	lambda_l2	max_bin	num_iterations	force_row_wise	learning_rate	feature_fraction	min_data_in_leaf	num_leaves	ratio_corte	iteracion_bayesiana	ganancia
20211116 224828	binary	custom	TRUE	TRUE	FALSE	-100	999983	-1	0	0	0	31	356	TRUE	0.0485679609421641	0.812200082595518	6848	557	0.0357970759793461	1	6303750
20211116 225119	binary	custom	TRUE	TRUE	FALSE	-100	999983	-1	0	0	0	31	263	TRUE	0.0694525726698339	0.401175229586079	3844	906	0.0356799143046036	2	6521250
20211116 225237	binary	custom	TRUE	TRUE	FALSE	-100	999983	-1	0	0	0	31	170	TRUE	0.0280438727512956	0.160725437295332	6456	657	0.0402659570016654	3	5336250
20211116 225610	binary	custom	TRUE	TRUE	FALSE	-100	999983	-1	0	0	0	31	229	TRUE	0.0426151562482119	0.566880352397857	4333	491	0.0441908731055376	4	5900000
20211116 225809	binary	custom	TRUE	TRUE	FALSE	-100	999983	-1	0	0	0	31	185	TRUE	0.0769388209364843	0.349702172529942	3299	713	0.0358221820525052	5	6150000
20211116 225941	binary	custom	TRUE	TRUE	FALSE	-100	999983	-1	0	0	0	31	124	TRUE	0.0868696545087732	0.312519602611428	2060	213	0.0414124676759308	6	6565000
20211116 230245	binary	custom	TRUE	TRUE	FALSE	-100	999983	-1	0	0	0	31	90	TRUE	0.0846899416751694	0.95427214524243	2866	601	0.0364079904262174	7	5762500
20211116 230736	binary	custom	TRUE	TRUE	FALSE	-100	999983	-1	0	0	0	31	159	TRUE	0.0730772462580353	0.630408691486809	5420	413	0.0407597097737943	8	6162500
20211116 230841	binary	custom	TRUE	TRUE	FALSE	-100	999983	-1	0	0	0	31	98	TRUE	0.0985639136622194	0.243620223802282	2260	1020	0.0397136233921652	9	6268750
20211116 231217	binary	custom	TRUE	TRUE	FALSE	-100	999983	-1	0	0	0	31	259	TRUE	0.0344197078992147	0.534330553532345	5829	795	0.0301314721364431	10	5500000
20211116 231636	binary	custom	TRUE	TRUE	FALSE	-100	999983	-1	0	0	0	31	120	TRUE	0.0513272671634331	0.69484128067561	1470	749	0.0341400751508457	11	6351250
20211116 232107	binary	custom	TRUE	TRUE	FALSE	-100	999983	-1	0	0	0	31	366	TRUE	0.0368544003763236	0.489423041073314	1028	130	0.0358556568167173	12	6845000
20211116 232423	binary	custom	TRUE	TRUE	FALSE	-100	999983	-1	0	0	0	31	93	TRUE	0.0904848694708198	0.873797504692629	348	249	0.0330521453139514	13	6813750
20211116 233021	binary	custom	TRUE	TRUE	FALSE	-100	999983	-1	0	0	0	31	186	TRUE	0.0225729210360441	0.723101025544747	7367	292	0.0387344865389604	14	5115000
20211116 233531	binary	custom	TRUE	TRUE	FALSE	-100	999983	-1	0	0	0	31	209	TRUE	0.0644040121824946	0.909390308032744	7800	946	0.0321315892981179	15	6001250
20211116 233612	binary	custom	TRUE	TRUE	FALSE	-100	999983	-1	0	0	0	31	88	TRUE	0.0586509651492815	0.136960567996721	4809	353	0.0359309750361946	16	5033750
20211116 233701	binary	custom	TRUE	TRUE	FALSE	-100	999983	-1	0	0	0	31	55	TRUE	0.090654192342797	0.213355407468318	754	135	0.0356380708493385	17	6277500
20211116 234151	binary	custom	TRUE	TRUE	FALSE	-100	999983	-1	0	0	0	31	163	TRUE	0.0400717833089667	0.659040081726474	750	191	0.032926614948156	18	6332500
20211116 234454	binary	custom	TRUE	TRUE	FALSE	-100	999983	-1	0	0	0	31	355	TRUE	0.0348500399487419	0.336141820993611	1151	100	0.0320311650054815	19	6416250
20211116 234810	binary	custom	TRUE	TRUE	FALSE	-100	999983	-1	0	0	0	31	108	TRUE	0.0904395354566779	0.732531959336496	365	197	0.03578033859724	20	5956250
20211116 235002	binary	custom	TRUE	TRUE	FALSE	-100	999983	-1	0	0	0	31	69	TRUE	0.0514654778238516	0.463184047136181	1287	293	0.032667185525512	21	5271250
20211116 235144	binary	custom	TRUE	TRUE	FALSE	-100	999983	-1	0	0	0	31	96	TRUE	0.0718941044698805	0.493761698351757	619	107	0.0300143104617007	22	6067500
20211116 235528	binary	custom	TRUE	TRUE	FALSE	-100	999983	-1	0	0	0	31	272	TRUE	0.0398883232556668	0.489568827753354	3332	234	0.030097997372231	23	5755000
20211116 235954	binary	custom	TRUE	TRUE	FALSE	-100	999983	-1	0	0	0	31	163	TRUE	0.0317840394599736	0.969354339546012	5367	102	0.0389353351242332	24	5385000
20211117 000157	binary	custom	TRUE	TRUE	FALSE	-100	999983	-1	0	0	0	31	94	TRUE	0.034951696160064	0.484769892515332	762	160	0.032432862176027	25	5756250
20211117 000620	binary	custom	TRUE	TRUE	FALSE	-100	999983	-1	0	0	0	31	169	TRUE	0.0554934794114903	0.734236518382677	4314	846	0.0364498338814826	26	6156250
20211117 001113	binary	custom	TRUE	TRUE	FALSE	-100	999983	-1	0	0	0	31	198	TRUE	0.0473255690898746	0.718817888564453	6321	730	0.038868385595809	27	5845000
20211117 001404	binary	custom	TRUE	TRUE	FALSE	-100	999983	-1	0	0	0	31	248	TRUE	0.062278566761408	0.423446070845309	5296	627	0.0344664541019139	28	6052500
20211117 001759	binary	custom	TRUE	TRUE	FALSE	-100	999983	-1	0	0	0	31	133	TRUE	0.0291698684212565	0.990747633903171	6196	506	0.0394374565874152	29	5060000
20211117 001930	binary	custom	TRUE	TRUE	FALSE	-100	999983	-1	0	0	0	31	152	TRUE	0.0845429159516469	0.265302602361399	2184	862	0.0481869230833605	30	6102500
20211117 002404	binary	custom	TRUE	TRUE	FALSE	-100	999983	-1	0	0	0	31	163	TRUE	0.0722323446390033	0.951347630601563	2650	667	0.0404919116600972	31	6352500
20211117 002722	binary	custom	TRUE	TRUE	FALSE	-100	999983	-1	0	0	0	31	177	TRUE	0.0476338022232428	0.572736529607885	6004	663	0.0389018603600211	32	5740000
20211117 003009	binary	custom	TRUE	TRUE	FALSE	-100	999983	-1	0	0	0	31	343	TRUE	0.0551776551933028	0.327766494586272	6499	587	0.0364330964993765	33	6458750
20211117 003149	binary	custom	TRUE	TRUE	FALSE	-100	999983	-1	0	0	0	31	128	TRUE	0.0798047164328769	0.393344031555881	5062	686	0.0357301264509218	34	5963750
20211117 003445	binary	custom	TRUE	TRUE	FALSE	-100	999983	-1	0	0	0	31	171	TRUE	0.0386352451506071	0.404612072499818	875	661	0.0350187877114141	35	6520000
20211117 003633	binary	custom	TRUE	TRUE	FALSE	-100	999983	-1	0	0	0	31	92	TRUE	0.0433675417006388	0.112609258927475	2956	217	0.0374959202631116	36	5e+06
20211117 003943	binary	custom	TRUE	TRUE	FALSE	-100	999983	-1	0	0	0	31	159	TRUE	0.0697419938869402	0.427681592786498	466	679	0.0360146619467249	37	6571250
20211117 004337	binary	custom	TRUE	TRUE	FALSE	-100	999983	-1	0	0	0	31	276	TRUE	0.0556473292419501	0.554259937580652	5574	930	0.0319893215502163	38	6422500
20211117 004649	binary	custom	TRUE	TRUE	FALSE	-100	999983	-1	0	0	0	31	325	TRUE	0.0495886520421691	0.37796487140283	4246	549	0.0392282393110894	39	6491250
20211117 004907	binary	custom	TRUE	TRUE	FALSE	-100	999983	-1	0	0	0	31	172	TRUE	0.0849849735815264	0.319760480330302	1022	336	0.0368264249788691	40	6200000
20211117 005331	binary	custom	TRUE	TRUE	FALSE	-100	999983	-1	0	0	0	31	104	TRUE	0.0465037125027552	0.727070892823022	1014	527	0.0288343250232231	41	5593750
20211117 005739	binary	custom	TRUE	TRUE	FALSE	-100	999983	-1	0	0	0	31	179	TRUE	0.0574375245955959	0.803841766718193	7531	301	0.0361067175483083	42	5657500
20211117 010255	binary	custom	TRUE	TRUE	FALSE	-100	999983	-1	0	0	0	31	120	TRUE	0.0289933062436432	0.914142998647527	367	455	0.0350522624756262	43	6415000
20211117 010426	binary	custom	TRUE	TRUE	FALSE	-100	999983	-1	0	0	0	31	110	TRUE	0.0775838731076382	0.402970562975947	6385	731	0.0403329065300896	44	5726250
20211117 010737	binary	custom	TRUE	TRUE	FALSE	-100	999983	-1	0	0	0	31	63	TRUE	0.0345491855871305	0.707065885409084	1984	378	0.0317298921275723	45	4361250
20211117 011002	binary	custom	TRUE	TRUE	FALSE	-100	999983	-1	0	0	0	31	206	TRUE	0.0926832483600639	0.398507780198264	3202	509	0.0364330964993765	46	6358750
20211117 011503	binary	custom	TRUE	TRUE	FALSE	-100	999983	-1	0	0	0	31	125	TRUE	0.0389983416760899	0.639422746171732	1062	636	0.034734252215611	47	5862500
20211117 011650	binary	custom	TRUE	TRUE	FALSE	-100	999983	-1	0	0	0	31	364	TRUE	0.0361606589905545	0.154521770766121	3700	912	0.0372448595315207	48	5687500
20211117 011921	binary	custom	TRUE	TRUE	FALSE	-100	999983	-1	0	0	0	31	448	TRUE	0.0772020599885657	0.216171464156941	5029	768	0.0350773685487853	49	6311250
20211117 012143	binary	custom	TRUE	TRUE	FALSE	-100	999983	-1	0	0	0	31	168	TRUE	0.0574770347673632	0.355708580444171	1078	683	0.0331358322244818	50	6201250
20211117 012335	binary	custom	TRUE	TRUE	FALSE	-100	999983	-1	0	0	0	31	129	TRUE	0.0827201820322871	0.445122697189893	6778	906	0.0434125848376056	51	5966250
20211117 012532	binary	custom	TRUE	TRUE	FALSE	-100	999983	-1	0	0	0	31	160	TRUE	0.0614497867436148	0.376586052501737	3570	455	0.0429020946833706	52	6192500
20211117 013133	binary	custom	TRUE	TRUE	FALSE	-100	999983	-1	0	0	0	31	180	TRUE	0.047877269800941	0.874145279745277	1074	327	0.0363494095888462	53	6671250
20211117 013418	binary	custom	TRUE	TRUE	FALSE	-100	999983	-1	0	0	0	31	57	TRUE	0.0834577839007849	0.872471483844659	745	261	0.0403831186764078	54	6018750
20211117 013822	binary	custom	TRUE	TRUE	FALSE	-100	999983	-1	0	0	0	31	255	TRUE	0.051510483745411	0.563124464816041	2977	546	0.0433037918539161	55	6482500
20211117 013945	binary	custom	TRUE	TRUE	FALSE	-100	999983	-1	0	0	0	31	261	TRUE	0.0571897158379108	0.164488068650709	5694	655	0.0387261178479074	56	5916250
20211117 014224	binary	custom	TRUE	TRUE	FALSE	-100	999983	-1	0	0	0	31	169	TRUE	0.0261860305045731	0.513292195390165	7761	656	0.0380482538726118	57	5217500
20211117 014455	binary	custom	TRUE	TRUE	FALSE	-100	999983	-1	0	0	0	31	67	TRUE	0.048912320607733	0.995964059002022	6650	244	0.0395044061158394	58	5100000
20211117 015125	binary	custom	TRUE	TRUE	FALSE	-100	999983	-1	0	0	0	31	489	TRUE	0.0267261028291844	0.544028218840365	4986	184	0.0349099947277246	59	6236250
20211117 015353	binary	custom	TRUE	TRUE	FALSE	-100	999983	-1	0	0	0	31	176	TRUE	0.0609886662657373	0.497974649444339	6412	910	0.0272191676499879	60	5585000
20211117 015542	binary	custom	TRUE	TRUE	FALSE	-100	999983	-1	0	0	0	31	136	TRUE	0.0925959693831392	0.396578101772489	3028	198	0.0364582025725356	61	6455000
20211117 015910	binary	custom	TRUE	TRUE	FALSE	-100	999983	-1	0	0	0	31	335	TRUE	0.0481949858487211	0.421873312736605	6723	536	0.0379394608889224	62	6033750
20211117 020139	binary	custom	TRUE	TRUE	FALSE	-100	999983	-1	0	0	0	31	168	TRUE	0.0940431672497466	0.532507430415251	5945	1015	0.0335710041592395	63	6236250
20211117 020337	binary	custom	TRUE	TRUE	FALSE	-100	999983	-1	0	0	0	31	117	TRUE	0.068958120415397	0.482023982235603	1379	119	0.0305917501443599	64	6081250
20211117 020821	binary	custom	TRUE	TRUE	FALSE	-100	999983	-1	0	0	0	31	197	TRUE	0.0976996565995924	0.856334283117973	4080	535	0.0377720870678617	65	6208750
20211117 020931	binary	custom	TRUE	TRUE	FALSE	-100	999983	-1	0	0	0	31	239	TRUE	0.0723469795234688	0.130008793261764	6518	144	0.0366674198488614	66	6123750
20211117 021118	binary	custom	TRUE	TRUE	FALSE	-100	999983	-1	0	0	0	31	267	TRUE	0.0769593343723938	0.202459480938455	4644	217	0.024675085569866	67	5365000
20211117 021646	binary	custom	TRUE	TRUE	FALSE	-100	999983	-1	0	0	0	31	173	TRUE	0.0299708756191842	0.948382064583665	2101	385	0.0346840400692928	68	5870000
20211117 021829	binary	custom	TRUE	TRUE	FALSE	-100	999983	-1	0	0	0	31	224	TRUE	0.0630811281507835	0.271732241935167	7958	138	0.0354958031014369	69	6098750
20211117 022044	binary	custom	TRUE	TRUE	FALSE	-100	999983	-1	0	0	0	31	165	TRUE	0.0978895116117969	0.469711741302046	6729	896	0.0409019775216958	70	6241250
20211117 022305	binary	custom	TRUE	TRUE	FALSE	-100	999983	-1	0	0	0	31	156	TRUE	0.0255129659014009	0.451976334698149	5826	179	0.0376298193199602	71	5280000
20211117 022420	binary	custom	TRUE	TRUE	FALSE	-100	999983	-1	0	0	0	31	162	TRUE	0.0602211944327503	0.22254505741389	5277	374	0.0304996945427766	72	5895000
20211117 022742	binary	custom	TRUE	TRUE	FALSE	-100	999983	-1	0	0	0	31	101	TRUE	0.0948297502629645	0.784900363077223	2203	145	0.0241143832693128	73	5398750
20211117 023416	binary	custom	TRUE	TRUE	FALSE	-100	999983	-1	0	0	0	31	299	TRUE	0.0418801164876111	0.885492029009969	5218	163	0.0332864686634364	74	6328750
20211117 023849	binary	custom	TRUE	TRUE	FALSE	-100	999983	-1	0	0	0	31	180	TRUE	0.0387016240178421	0.920547404272342	6484	564	0.0348263078171943	75	5798750
20211117 024454	binary	custom	TRUE	TRUE	FALSE	-100	999983	-1	0	0	0	31	272	TRUE	0.0425319602072053	0.863257575254748	5544	388	0.0420987003422795	76	5712500
20211117 024703	binary	custom	TRUE	TRUE	FALSE	-100	999983	-1	0	0	0	31	452	TRUE	0.0303992116355896	0.165217367060971	7060	648	0.0359560811093537	77	6130000
20211117 024827	binary	custom	TRUE	TRUE	FALSE	-100	999983	-1	0	0	0	31	181	TRUE	0.0700494016601518	0.218210928347707	3345	632	0.0355711213209142	78	6287500
20211117 025253	binary	custom	TRUE	TRUE	FALSE	-100	999983	-1	0	0	0	31	189	TRUE	0.0647234458425082	0.799812874208856	5626	144	0.0348597825814064	79	6043750
20211117 025849	binary	custom	TRUE	TRUE	FALSE	-100	999983	-1	0	0	0	31	274	TRUE	0.0382203248930722	0.982837307361607	6530	540	0.0340647569313684	80	5962500
20211117 030049	binary	custom	TRUE	TRUE	FALSE	-100	999983	-1	0	0	0	31	352	TRUE	0.0404640250547417	0.175879165340634	3566	152	0.0383327893684149	81	6225000
20211117 030228	binary	custom	TRUE	TRUE	FALSE	-100	999983	-1	0	0	0	31	86	TRUE	0.0958131605852209	0.33169325672877	780	571	0.0314369879407162	82	6055000
20211117 030907	binary	custom	TRUE	TRUE	FALSE	-100	999983	-1	0	0	0	31	293	TRUE	0.0217320504062995	0.901632195077906	7441	811	0.0343743985003306	83	5566250
20211117 031248	binary	custom	TRUE	TRUE	FALSE	-100	999983	-1	0	0	0	31	130	TRUE	0.0631348979303241	0.792488310616324	4740	122	0.0373954959704753	84	5915000
20211117 031623	binary	custom	TRUE	TRUE	FALSE	-100	999983	-1	0	0	0	31	131	TRUE	0.0864638146546111	0.642167845299724	4207	1005	0.034491560175073	85	5798750
20211117 032050	binary	custom	TRUE	TRUE	FALSE	-100	999983	-1	0	0	0	31	153	TRUE	0.058037643837817	0.730735204925574	2643	624	0.028030930682132	86	5763750
20211117 032512	binary	custom	TRUE	TRUE	FALSE	-100	999983	-1	0	0	0	31	190	TRUE	0.0707739179464616	0.77025847955551	7023	154	0.0285665269095261	87	5733750
20211117 032834	binary	custom	TRUE	TRUE	FALSE	-100	999983	-1	0	0	0	31	94	TRUE	0.0589699120449461	0.926589186676079	3597	508	0.0304913258517235	88	5596250
20211117 033535	binary	custom	TRUE	TRUE	FALSE	-100	999983	-1	0	0	0	31	339	TRUE	0.0334567148417048	0.853748968570563	6684	599	0.0334705798666031	89	6051250
20211117 033656	binary	custom	TRUE	TRUE	FALSE	-100	999983	-1	0	0	0	31	83	TRUE	0.0779374062406458	0.341383242442389	2817	557	0.026733783568912	90	5307500
20211117 033951	binary	custom	TRUE	TRUE	FALSE	-100	999983	-1	0	0	0	31	95	TRUE	0.076169906396009	0.517671355470899	412	906	0.0355543839388081	91	6540000
20211117 034039	binary	custom	TRUE	TRUE	FALSE	-100	999983	-1	0	0	0	31	136	TRUE	0.082014807680212	0.138259828108992	7400	354	0.0373034403688919	92	5878750
20211117 034211	binary	custom	TRUE	TRUE	FALSE	-100	999983	-1	0	0	0	31	252	TRUE	0.0494141431783699	0.187329562072479	4239	284	0.0314035131765041	93	5910000
20211117 034730	binary	custom	TRUE	TRUE	FALSE	-100	999983	-1	0	0	0	31	179	TRUE	0.045332897095643	0.858515521227312	2030	782	0.0336965345250349	94	5917500
20211117 034930	binary	custom	TRUE	TRUE	FALSE	-100	999983	-1	0	0	0	31	130	TRUE	0.0854215697244927	0.486229236009857	7475	132	0.0314118818675571	95	5658750
20211117 035137	binary	custom	TRUE	TRUE	FALSE	-100	999983	-1	0	0	0	31	224	TRUE	0.0717484384932928	0.333622198364511	4631	1024	0.0372783342957328	96	6332500
20211117 035653	binary	custom	TRUE	TRUE	FALSE	-100	999983	-1	0	0	0	31	172	TRUE	0.079758728711661	0.518765215917537	5051	593	0.0247336664072372	97	5256250
20211117 035931	binary	custom	TRUE	TRUE	FALSE	-100	999983	-1	0	0	0	31	231	TRUE	0.0388794734793156	0.321540998298954	1553	367	0.0341819186061108	98	5945000
20211117 040240	binary	custom	TRUE	TRUE	FALSE	-100	999983	-1	0	0	0	31	166	TRUE	0.0567442471245304	0.562467300868337	2272	890	0.0334956859397622	99	6247500
20211117 040516	binary	custom	TRUE	TRUE	FALSE	-100	999983	-1	0	0	0	31	265	TRUE	0.0456288787491247	0.291893347817403	1581	603	0.0407346037006352	100	6516250
20211117 040826	binary	custom	TRUE	TRUE	FALSE	-100	999983	-1	0	0	0	31	101	TRUE	0.0479052742254548	0.876139235755522	5462	830	0.0372783342957328	101	5582500
20211117 041309	binary	custom	TRUE	TRUE	FALSE	-100	999983	-1	0	0	0	31	144	TRUE	0.0562308587797172	0.865958362022298	1627	315	0.035529277865649	102	6343750
20211117 042341	binary	custom	TRUE	TRUE	FALSE	-100	999983	-1	0	0	0	31	534	TRUE	0.021576027243454	0.67403223798289	6695	733	0.0352112676056338	103	6291250
20211117 042659	binary	custom	TRUE	TRUE	FALSE	-100	999983	-1	0	0	0	31	117	TRUE	0.0875337808310427	0.936169395356765	5433	319	0.0316796799812541	104	5618750
20211117 042816	binary	custom	TRUE	TRUE	FALSE	-100	999983	-1	0	0	0	31	103	TRUE	0.0826313996718079	0.211236353384797	712	536	0.0384666884252634	105	6655000
20211117 043012	binary	custom	TRUE	TRUE	FALSE	-100	999983	-1	0	0	0	31	156	TRUE	0.0801827503519505	0.429004823934217	6505	688	0.0445088833655528	106	6102500
20211117 043220	binary	custom	TRUE	TRUE	FALSE	-100	999983	-1	0	0	0	31	374	TRUE	0.0545240405045822	0.191001194075355	3287	866	0.0426259278786205	107	6283750
20211117 043735	binary	custom	TRUE	TRUE	FALSE	-100	999983	-1	0	0	0	31	139	TRUE	0.0973339821725711	0.651666032952629	249	530	0.0346924087603458	108	5868750
20211117 044215	binary	custom	TRUE	TRUE	FALSE	-100	999983	-1	0	0	0	31	128	TRUE	0.0665022739505209	0.96967455263976	1200	287	0.0328512967286787	109	6143750
20211117 044612	binary	custom	TRUE	TRUE	FALSE	-100	999983	-1	0	0	0	31	168	TRUE	0.0629817241140455	0.957099772378663	7211	317	0.0380231477994527	110	5671250
20211117 044717	binary	custom	TRUE	TRUE	FALSE	-100	999983	-1	0	0	0	31	173	TRUE	0.0776025511045195	0.141475633657142	2124	825	0.0311775585180722	111	6243750
20211117 044928	binary	custom	TRUE	TRUE	FALSE	-100	999983	-1	0	0	0	31	168	TRUE	0.0549734539842792	0.400730396701023	3254	690	0.0326420794523529	112	6125000
20211117 045443	binary	custom	TRUE	TRUE	FALSE	-100	999983	-1	0	0	0	31	137	TRUE	0.0378078753618523	0.74887366734657	1176	859	0.033445473793444	113	5955000
20211117 045536	binary	custom	TRUE	TRUE	FALSE	-100	999983	-1	0	0	0	31	78	TRUE	0.0942775870687328	0.18984167803973	1628	380	0.0407848158469534	114	6258750
20211117 045803	binary	custom	TRUE	TRUE	FALSE	-100	999983	-1	0	0	0	31	179	TRUE	0.0861703913859651	0.487265926728072	5324	372	0.0410275078874913	115	6122500
20211117 050329	binary	custom	TRUE	TRUE	FALSE	-100	999983	-1	0	0	0	31	191	TRUE	0.0987701020856947	0.860044062109757	1795	771	0.0364414651904296	116	5857500
20211117 050642	binary	custom	TRUE	TRUE	FALSE	-100	999983	-1	0	0	0	31	103	TRUE	0.0911506524129398	0.601309782629204	2050	231	0.0329600897123681	117	5977500
20211117 051053	binary	custom	TRUE	TRUE	FALSE	-100	999983	-1	0	0	0	31	174	TRUE	0.0628350355440751	0.698436879431084	5794	745	0.0357384951419748	118	6162500
20211117 051554	binary	custom	TRUE	TRUE	FALSE	-100	999983	-1	0	0	0	31	227	TRUE	0.0914087486459129	0.641604072137037	5203	903	0.0356464395403915	119	6076250
20211117 051954	binary	custom	TRUE	TRUE	FALSE	-100	999983	-1	0	0	0	31	166	TRUE	0.0934494162640348	0.74629264252896	6181	416	0.0335375293950273	120	6141250
20211117 052353	binary	custom	TRUE	TRUE	FALSE	-100	999983	-1	0	0	0	31	452	TRUE	0.0352214138266444	0.368428744079219	5585	410	0.0341317064597926	121	6352500
20211117 052506	binary	custom	TRUE	TRUE	FALSE	-100	999983	-1	0	0	0	31	133	TRUE	0.0923425149560906	0.253244047491904	4992	773	0.0360690584385696	122	5662500
20211117 052941	binary	custom	TRUE	TRUE	FALSE	-100	999983	-1	0	0	0	31	181	TRUE	0.0809248304814659	0.607217896570638	3629	119	0.033704903216088	123	6566250
20211117 053038	binary	custom	TRUE	TRUE	FALSE	-100	999983	-1	0	0	0	31	184	TRUE	0.0605787737569213	0.113999766346021	6913	265	0.039646673863741	124	5678750
20211117 053147	binary	custom	TRUE	TRUE	FALSE	-100	999983	-1	0	0	0	31	145	TRUE	0.0485029088419303	0.159083116993634	1374	511	0.0344497167198079	125	6305000
20211117 053527	binary	custom	TRUE	TRUE	FALSE	-100	999983	-1	0	0	0	31	142	TRUE	0.0866939182119817	0.935951671420783	5103	227	0.0398224163758547	126	5802500
20211117 053850	binary	custom	TRUE	TRUE	FALSE	-100	999983	-1	0	0	0	31	91	TRUE	0.0624238940125704	0.736026093187556	2106	761	0.0265245662925862	127	5288750
20211117 054543	binary	custom	TRUE	TRUE	FALSE	-100	999983	-1	0	0	0	31	176	TRUE	0.0507527467395924	0.928338256945577	355	606	0.0340647569313684	128	6412500
20211117 054837	binary	custom	TRUE	TRUE	FALSE	-100	999983	-1	0	0	0	31	167	TRUE	0.0768289956345595	0.536176305817207	2776	501	0.0409103462127489	129	6290000
20211117 055413	binary	custom	TRUE	TRUE	FALSE	-100	999983	-1	0	0	0	31	266	TRUE	0.0506916971442103	0.687063135224068	6942	320	0.0295624011448369	130	5935000
20211117 055933	binary	custom	TRUE	TRUE	FALSE	-100	999983	-1	0	0	0	31	220	TRUE	0.0265893394683301	0.673246070868522	6543	868	0.0405504924974685	131	5493750
20211117 060040	binary	custom	TRUE	TRUE	FALSE	-100	999983	-1	0	0	0	31	273	TRUE	0.088273870305866	0.103417480963212	5413	512	0.0385754814089528	132	6138750
20211117 060141	binary	custom	TRUE	TRUE	FALSE	-100	999983	-1	0	0	0	31	176	TRUE	0.0461715275312774	0.104794062460051	1252	776	0.0385754814089528	133	6188750
20211117 060345	binary	custom	TRUE	TRUE	FALSE	-100	999983	-1	0	0	0	31	162	TRUE	0.0735398955754936	0.400551875803131	3447	352	0.0429188320654766	134	6240000
20211117 061147	binary	custom	TRUE	TRUE	FALSE	-100	999983	-1	0	0	0	31	406	TRUE	0.029767445007544	0.939620340286777	7331	147	0.0352112676056338	135	5991250
20211117 061533	binary	custom	TRUE	TRUE	FALSE	-100	999983	-1	0	0	0	31	65	TRUE	0.0924723517835513	0.851145995404222	571	646	0.0325834986149816	136	6033750
20211117 062145	binary	custom	TRUE	TRUE	FALSE	-100	999983	-1	0	0	0	31	225	TRUE	0.052487016654592	0.837787886991305	2036	665	0.0359728184914598	137	6277500
20211117 062435	binary	custom	TRUE	TRUE	FALSE	-100	999983	-1	0	0	0	31	114	TRUE	0.0695957622216642	0.60040115947579	4224	563	0.0322152762086482	138	5538750
20211117 063026	binary	custom	TRUE	TRUE	FALSE	-100	999983	-1	0	0	0	31	449	TRUE	0.0240468734190986	0.419850595289143	1295	361	0.0332111504439591	139	6540000
20211117 063126	binary	custom	TRUE	TRUE	FALSE	-100	999983	-1	0	0	0	31	144	TRUE	0.0238324840665795	0.151296927941754	5149	954	0.0400985831806047	140	5211250
20211117 063430	binary	custom	TRUE	TRUE	FALSE	-100	999983	-1	0	0	0	31	235	TRUE	0.0390602054490149	0.425372933527455	2511	288	0.0330521453139514	141	6363750
20211117 063630	binary	custom	TRUE	TRUE	FALSE	-100	999983	-1	0	0	0	31	208	TRUE	0.0439649587424472	0.272813660007715	452	232	0.0372281221494146	142	6840000
20211117 064029	binary	custom	TRUE	TRUE	FALSE	-100	999983	-1	0	0	0	31	405	TRUE	0.0396384626023285	0.406742630408122	6047	437	0.0353284292803763	143	6323750
20211117 064252	binary	custom	TRUE	TRUE	FALSE	-100	999983	-1	0	0	0	31	129	TRUE	0.0884426440803893	0.276174154210859	308	149	0.0427765643175751	144	6311250
20211117 064701	binary	custom	TRUE	TRUE	FALSE	-100	999983	-1	0	0	0	31	127	TRUE	0.0484266220143624	0.624120568089979	2282	719	0.0345417723213912	145	5941250
20211117 064809	binary	custom	TRUE	TRUE	FALSE	-100	999983	-1	0	0	0	31	138	TRUE	0.0938110006752424	0.172416869596066	2664	798	0.032934983639209	146	5981250
20211117 065115	binary	custom	TRUE	TRUE	FALSE	-100	999983	-1	0	0	0	31	101	TRUE	0.0746901108615845	0.961246342890617	4296	823	0.0380064104173466	147	5473750
20211117 065406	binary	custom	TRUE	TRUE	FALSE	-100	999983	-1	0	0	0	31	245	TRUE	0.0447011147386022	0.463566281875456	7856	140	0.0362322479141038	148	5888750
20211117 065525	binary	custom	TRUE	TRUE	FALSE	-100	999983	-1	0	0	0	31	162	TRUE	0.0706661347855814	0.257393804805959	7718	219	0.0349434694919368	149	6081250
20211117 070029	binary	custom	TRUE	TRUE	FALSE	-100	999983	-1	0	0	0	31	184	TRUE	0.0541254943392426	0.817303964145877	1477	148	0.0410777200338095	150	6715000
20211117 070226	binary	custom	TRUE	TRUE	FALSE	-100	999983	-1	0	0	0	31	67	TRUE	0.0915011504525691	0.491425803862093	941	424	0.0331023574602696	151	6006250
20211117 071018	binary	custom	TRUE	TRUE	FALSE	-100	999983	-1	0	0	0	31	311	TRUE	0.024370214439705	0.643936983840307	2978	865	0.0331860443708	152	6243750
20211117 071444	binary	custom	TRUE	TRUE	FALSE	-100	999983	-1	0	0	0	31	166	TRUE	0.0726532652839459	0.674305798775912	3270	318	0.0290351736084959	153	5913750
20211117 071551	binary	custom	TRUE	TRUE	FALSE	-100	999983	-1	0	0	0	31	157	TRUE	0.0466157429909334	0.13480915335496	1850	775	0.0343660298092775	154	5917500
20211117 071712	binary	custom	TRUE	TRUE	FALSE	-100	999983	-1	0	0	0	31	269	TRUE	0.034091653866116	0.10863171335829	1464	987	0.0367343693772857	155	6113750
20211117 071757	binary	custom	TRUE	TRUE	FALSE	-100	999983	-1	0	0	0	31	34	TRUE	0.0999198721997626	0.264022575124633	2565	117	0.0372699656046798	156	5083750
20211117 071905	binary	custom	TRUE	TRUE	FALSE	-100	999983	-1	0	0	0	31	195	TRUE	0.0559032977503538	0.120591993311769	1362	716	0.0279807185358138	157	5571250
20211117 072128	binary	custom	TRUE	TRUE	FALSE	-100	999983	-1	0	0	0	31	273	TRUE	0.0302257363139652	0.262205163462344	2299	1020	0.0331023574602696	158	5706250
20211117 072452	binary	custom	TRUE	TRUE	FALSE	-100	999983	-1	0	0	0	31	114	TRUE	0.0922900922857598	0.763114124241495	3420	905	0.0403412752211427	159	6475000
20211117 072712	binary	custom	TRUE	TRUE	FALSE	-100	999983	-1	0	0	0	31	176	TRUE	0.0968184791643918	0.468045871808799	7122	894	0.0370523796373009	160	6066250
20211117 073045	binary	custom	TRUE	TRUE	FALSE	-100	999983	-1	0	0	0	31	125	TRUE	0.0753653275494277	0.819543132000137	4023	725	0.0483417438678416	161	5830000
20211117 073507	binary	custom	TRUE	TRUE	FALSE	-100	999983	-1	0	0	0	31	333	TRUE	0.0331760169259645	0.550396545606526	7928	356	0.0396048304084758	162	6235000
20211117 073659	binary	custom	TRUE	TRUE	FALSE	-100	999983	-1	0	0	0	31	192	TRUE	0.0819705422356725	0.309064563473756	5083	884	0.0375293950273238	163	5995000
20211117 073742	binary	custom	TRUE	TRUE	FALSE	-100	999983	-1	0	0	0	31	47	TRUE	0.0859273942625895	0.233570713603543	7277	251	0.0345752470856033	164	4836250
20211117 074138	binary	custom	TRUE	TRUE	FALSE	-100	999983	-1	0	0	0	31	433	TRUE	0.0379304884311743	0.36766573340022	4199	646	0.0301565782096022	165	6046250
20211117 074518	binary	custom	TRUE	TRUE	FALSE	-100	999983	-1	0	0	0	31	207	TRUE	0.095209050175231	0.599797627174715	7724	315	0.0436427238415639	166	5931250
20211117 074834	binary	custom	TRUE	TRUE	FALSE	-100	999983	-1	0	0	0	31	250	TRUE	0.0257069024152867	0.38278412301538	1905	705	0.0312110332822843	167	5838750
20211117 075258	binary	custom	TRUE	TRUE	FALSE	-100	999983	-1	0	0	0	31	156	TRUE	0.0599335726522096	0.95861686147165	2962	993	0.0327173976718301	168	5813750
20211117 075439	binary	custom	TRUE	TRUE	FALSE	-100	999983	-1	0	0	0	31	174	TRUE	0.09892199462533	0.338402362246509	7555	980	0.0359979245646188	169	6023750
20211117 080015	binary	custom	TRUE	TRUE	FALSE	-100	999983	-1	0	0	0	31	232	TRUE	0.0450773626504838	0.759455272661359	4167	960	0.0395797243353167	170	6388750
20211117 080318	binary	custom	TRUE	TRUE	FALSE	-100	999983	-1	0	0	0	31	281	TRUE	0.0311656311369687	0.365073985037208	3592	804	0.0338973831103077	171	6287500
20211117 080604	binary	custom	TRUE	TRUE	FALSE	-100	999983	-1	0	0	0	31	418	TRUE	0.0281670224600658	0.263792004422098	7828	527	0.0372197534583616	172	5991250
20211117 080707	binary	custom	TRUE	TRUE	FALSE	-100	999983	-1	0	0	0	31	85	TRUE	0.0714470535551198	0.214930454231217	1268	462	0.0323993874118149	173	6361250
20211117 081029	binary	custom	TRUE	TRUE	FALSE	-100	999983	-1	0	0	0	31	116	TRUE	0.0732143712924793	0.69289147034334	4191	945	0.0334789485576561	174	6e+06
20211117 081347	binary	custom	TRUE	TRUE	FALSE	-100	999983	-1	0	0	0	31	296	TRUE	0.0268152221137099	0.209621544513851	218	923	0.0302067903559204	175	6388750
20211117 081730	binary	custom	TRUE	TRUE	FALSE	-100	999983	-1	0	0	0	31	136	TRUE	0.0836579701279849	0.778922442225274	3775	800	0.0307507552743675	176	5657500
20211117 081931	binary	custom	TRUE	TRUE	FALSE	-100	999983	-1	0	0	0	31	226	TRUE	0.0385131738995016	0.265733456183271	2704	940	0.0317633668917845	177	6306250
20211117 082212	binary	custom	TRUE	TRUE	FALSE	-100	999983	-1	0	0	0	31	84	TRUE	0.0990132971225679	0.998512672290253	4941	347	0.0379980417262936	178	5625000
20211117 083301	binary	custom	TRUE	TRUE	FALSE	-100	999983	-1	0	0	0	31	517	TRUE	0.0296368082545698	0.682646241339925	4282	483	0.0392533453842484	179	6437500
20211117 083535	binary	custom	TRUE	TRUE	FALSE	-100	999983	-1	0	0	0	31	223	TRUE	0.0523951811724529	0.405454324298119	5671	732	0.0335458980860804	180	5940000
20211117 083701	binary	custom	TRUE	TRUE	FALSE	-100	999983	-1	0	0	0	31	304	TRUE	0.042968472041022	0.11907650141411	1836	222	0.0281983045031927	181	5638750
20211117 084246	binary	custom	TRUE	TRUE	FALSE	-100	999983	-1	0	0	0	31	259	TRUE	0.0460761905831657	0.821924370631901	5660	995	0.028290360104776	182	5825000
20211117 084650	binary	custom	TRUE	TRUE	FALSE	-100	999983	-1	0	0	0	31	111	TRUE	0.0956603246382251	0.717615520576504	1244	874	0.0366506824667554	183	6426250
20211117 085210	binary	custom	TRUE	TRUE	FALSE	-100	999983	-1	0	0	0	31	137	TRUE	0.0621509246674553	0.678186146471999	854	950	0.038115203401036	184	6057500
20211117 085544	binary	custom	TRUE	TRUE	FALSE	-100	999983	-1	0	0	0	31	318	TRUE	0.0290839211662114	0.336395429321448	2450	936	0.0364079904262174	185	6512500
20211117 085937	binary	custom	TRUE	TRUE	FALSE	-100	999983	-1	0	0	0	31	141	TRUE	0.0601240665182099	0.808348380974377	4172	729	0.0471701271204171	186	5805000
20211117 090135	binary	custom	TRUE	TRUE	FALSE	-100	999983	-1	0	0	0	31	173	TRUE	0.0551082729411125	0.372097202331247	7392	328	0.0372950716778389	187	5930000
20211117 090329	binary	custom	TRUE	TRUE	FALSE	-100	999983	-1	0	0	0	31	427	TRUE	0.0459041290678643	0.1635546963681	7424	686	0.0392533453842484	188	5987500
20211117 090742	binary	custom	TRUE	TRUE	FALSE	-100	999983	-1	0	0	0	31	185	TRUE	0.0751641298653744	0.7936589496359	6716	841	0.0382323650757785	189	6290000
20211117 091035	binary	custom	TRUE	TRUE	FALSE	-100	999983	-1	0	0	0	31	97	TRUE	0.0792371977801621	0.604642370858393	4860	1011	0.0387261178479074	190	5766250
20211117 091659	binary	custom	TRUE	TRUE	FALSE	-100	999983	-1	0	0	0	31	298	TRUE	0.0320185251269117	0.768184045113158	7493	228	0.0402408509285063	191	5990000
20211117 092108	binary	custom	TRUE	TRUE	FALSE	-100	999983	-1	0	0	0	31	162	TRUE	0.0358441431634873	0.904211201692279	6902	969	0.0377051375394375	192	5568750
20211117 092224	binary	custom	TRUE	TRUE	FALSE	-100	999983	-1	0	0	0	31	96	TRUE	0.0857374820514396	0.30220667608704	4769	183	0.0357468638330279	193	5761250
20211117 092601	binary	custom	TRUE	TRUE	FALSE	-100	999983	-1	0	0	0	31	275	TRUE	0.0623918518519029	0.545408920202078	7433	136	0.0355627526298612	194	6288750
20211117 092759	binary	custom	TRUE	TRUE	FALSE	-100	999983	-1	0	0	0	31	79	TRUE	0.0908705220077373	0.561186259325314	1925	642	0.0338053275087244	195	6051250
20211117 093327	binary	custom	TRUE	TRUE	FALSE	-100	999983	-1	0	0	0	31	266	TRUE	0.0654578706522472	0.637867703863722	7324	1022	0.0334371051023909	196	6206250
20211117 093826	binary	custom	TRUE	TRUE	FALSE	-100	999983	-1	0	0	0	31	413	TRUE	0.0218174144200049	0.436719375751447	2928	888	0.0323240691923376	197	5922500
20211117 094218	binary	custom	TRUE	TRUE	FALSE	-100	999983	-1	0	0	0	31	219	TRUE	0.0225817686658539	0.555099528177502	993	140	0.0311691898270192	198	5945000
20211117 094347	binary	custom	TRUE	TRUE	FALSE	-100	999983	-1	0	0	0	31	79	TRUE	0.0464093706371449	0.457892903820076	7582	823	0.0364665712635887	199	5103750
20211117 094506	binary	custom	TRUE	TRUE	FALSE	-100	999983	-1	0	0	0	31	100	TRUE	0.0852833489288017	0.245812361554522	1352	239	0.0314788313959814	200	6148750
20211117 095017	binary	custom	TRUE	TRUE	FALSE	-100	999983	-1	0	0	0	31	209	TRUE	0.0929578713005781	0.805617013639235	3115	477	0.0340145447850502	201	6420000
20211117 095115	binary	custom	TRUE	TRUE	FALSE	-100	999983	-1	0	0	0	31	67	TRUE	0.0392810736099817	0.231419107236015	2860	307	0.0388014360673847	202	5105000
20211117 095340	binary	custom	TRUE	TRUE	FALSE	-100	999983	-1	0	0	0	31	327	TRUE	0.0522763032486662	0.289574962946214	6743	828	0.0441071861950072	203	6212500
20211117 100310	binary	custom	TRUE	TRUE	FALSE	-100	999983	-1	0	0	0	31	488	TRUE	0.0245346282692626	0.766892624569358	7263	872	0.0378055618320738	204	6203750
20211117 100706	binary	custom	TRUE	TRUE	FALSE	-100	999983	-1	0	0	0	31	162	TRUE	0.0676170330232382	0.96352673013946	7005	597	0.0384415823521043	205	6058750
20211117 100927	binary	custom	TRUE	TRUE	FALSE	-100	999983	-1	0	0	0	31	162	TRUE	0.0796748141837679	0.503219444141583	5212	533	0.043789175934992	206	5910000
20211117 101321	binary	custom	TRUE	TRUE	FALSE	-100	999983	-1	0	0	0	31	83	TRUE	0.0668406770667434	0.717270431777812	828	722	0.0428100390817872	207	6056250
20211117 101817	binary	custom	TRUE	TRUE	FALSE	-100	999983	-1	0	0	0	31	191	TRUE	0.0335218316999078	0.645911746141943	5540	931	0.0390273907258166	208	5621250
20211117 102526	binary	custom	TRUE	TRUE	FALSE	-100	999983	-1	0	0	0	31	349	TRUE	0.0461163050442375	0.64917151423872	5939	429	0.0286418451290034	209	6072500
20211117 102948	binary	custom	TRUE	TRUE	FALSE	-100	999983	-1	0	0	0	31	191	TRUE	0.0759466811119393	0.941781457407051	6807	884	0.0445925702760831	210	6190000
20211117 103117	binary	custom	TRUE	TRUE	FALSE	-100	999983	-1	0	0	0	31	134	TRUE	0.0539776911238022	0.244293808246986	1452	676	0.0467600612588185	211	6116250
20211117 103537	binary	custom	TRUE	TRUE	FALSE	-100	999983	-1	0	0	0	31	163	TRUE	0.0638863769963756	0.619923330602376	3742	691	0.0312361393554434	212	6085000
20211117 103756	binary	custom	TRUE	TRUE	FALSE	-100	999983	-1	0	0	0	31	122	TRUE	0.0612397625339404	0.418597772821877	1110	865	0.0338806457282017	213	6140000
20211117 104156	binary	custom	TRUE	TRUE	FALSE	-100	999983	-1	0	0	0	31	147	TRUE	0.0329810778971389	0.942614456514013	6847	882	0.0400316336521805	214	5371250
20211117 104306	binary	custom	TRUE	TRUE	FALSE	-100	999983	-1	0	0	0	31	164	TRUE	0.0524511042361334	0.150029878036864	1594	383	0.036541889483066	215	5842500
20211117 104733	binary	custom	TRUE	TRUE	FALSE	-100	999983	-1	0	0	0	31	145	TRUE	0.0552655290026963	0.762273691234458	2258	585	0.0446595198045074	216	5980000
20211117 104842	binary	custom	TRUE	TRUE	FALSE	-100	999983	-1	0	0	0	31	118	TRUE	0.0729129046454094	0.224751235361677	5467	675	0.0363494095888462	217	6321250
20211117 105337	binary	custom	TRUE	TRUE	FALSE	-100	999983	-1	0	0	0	31	212	TRUE	0.0496238838399388	0.976078776979097	5814	838	0.0368933745072933	218	5890000
20211117 105617	binary	custom	TRUE	TRUE	FALSE	-100	999983	-1	0	0	0	31	166	TRUE	0.0725122725600936	0.541461015553307	4004	114	0.0329768270944742	219	6025000
20211117 105710	binary	custom	TRUE	TRUE	FALSE	-100	999983	-1	0	0	0	31	153	TRUE	0.0938991203059256	0.141310125897778	4623	363	0.03707748571046	220	5712500
20211117 110259	binary	custom	TRUE	TRUE	FALSE	-100	999983	-1	0	0	0	31	207	TRUE	0.0212955248144083	0.778022881927551	577	159	0.0354874344103839	221	6450000
20211117 110626	binary	custom	TRUE	TRUE	FALSE	-100	999983	-1	0	0	0	31	114	TRUE	0.0851498612610251	0.906764325375855	5950	437	0.0407931845380064	222	5857500
20211117 111227	binary	custom	TRUE	TRUE	FALSE	-100	999983	-1	0	0	0	31	244	TRUE	0.0441910732220672	0.926059467153368	3936	703	0.0338220648908304	223	6048750
20211117 111654	binary	custom	TRUE	TRUE	FALSE	-100	999983	-1	0	0	0	31	200	TRUE	0.071805534626469	0.609777600870887	6808	294	0.034223762061376	224	6038750
20211117 111825	binary	custom	TRUE	TRUE	FALSE	-100	999983	-1	0	0	0	31	72	TRUE	0.0868028824634291	0.419102863437869	2275	262	0.0416300536433096	225	6082500
20211117 111935	binary	custom	TRUE	TRUE	FALSE	-100	999983	-1	0	0	0	31	196	TRUE	0.0808171872323006	0.132249583885795	1573	312	0.0418727456838476	226	6396250
20211117 112437	binary	custom	TRUE	TRUE	FALSE	-100	999983	-1	0	0	0	31	523	TRUE	0.0400802181562036	0.408581878913636	4279	166	0.0273865414710485	227	5910000
20211117 113246	binary	custom	TRUE	TRUE	FALSE	-100	999983	-1	0	0	0	31	412	TRUE	0.0314520444256999	0.962546563602309	7134	459	0.0320144276233754	228	6168750
20211117 113350	binary	custom	TRUE	TRUE	FALSE	-100	999983	-1	0	0	0	31	96	TRUE	0.0829783038945682	0.247053910055035	7146	427	0.033713271907141	229	5765000
20211117 113755	binary	custom	TRUE	TRUE	FALSE	-100	999983	-1	0	0	0	31	137	TRUE	0.0903615659289248	0.818817693254491	2489	747	0.0289849614621777	230	5621250
20211117 114349	binary	custom	TRUE	TRUE	FALSE	-100	999983	-1	0	0	0	31	276	TRUE	0.0422517379277013	0.616230818598717	6610	599	0.0357384951419748	231	6212500
20211117 114647	binary	custom	TRUE	TRUE	FALSE	-100	999983	-1	0	0	0	31	99	TRUE	0.0593596600690112	0.683325990034663	7574	711	0.0353702727356414	232	5417500
20211117 114919	binary	custom	TRUE	TRUE	FALSE	-100	999983	-1	0	0	0	31	304	TRUE	0.0265323416871764	0.307019327860908	6954	820	0.0415463667327793	233	5695000
20211117 115450	binary	custom	TRUE	TRUE	FALSE	-100	999983	-1	0	0	0	31	228	TRUE	0.039476696294304	0.7919728767775	4564	1009	0.0364665712635887	234	6203750
20211117 115817	binary	custom	TRUE	TRUE	FALSE	-100	999983	-1	0	0	0	31	318	TRUE	0.0349058132472262	0.373298481568019	2908	489	0.0329684584034211	235	6576250
20211117 120108	binary	custom	TRUE	TRUE	FALSE	-100	999983	-1	0	0	0	31	222	TRUE	0.0455333113401569	0.483697587859398	7239	566	0.0345166662482321	236	5595000
20211117 120324	binary	custom	TRUE	TRUE	FALSE	-100	999983	-1	0	0	0	31	201	TRUE	0.0660600892590359	0.39406414490859	4584	238	0.0447515754060907	237	6416250
20211117 120506	binary	custom	TRUE	TRUE	FALSE	-100	999983	-1	0	0	0	31	87	TRUE	0.0744041732817329	0.524452384176734	6240	797	0.0307925987296327	238	5401250
20211117 120919	binary	custom	TRUE	TRUE	FALSE	-100	999983	-1	0	0	0	31	133	TRUE	0.0816449841903895	0.705009195032879	2155	1013	0.0372364908404676	239	6538750
20211117 121746	binary	custom	TRUE	TRUE	FALSE	-100	999983	-1	0	0	0	31	393	TRUE	0.0300287875874899	0.715809051415254	4657	317	0.028533052145314	240	5838750
20211117 122106	binary	custom	TRUE	TRUE	FALSE	-100	999983	-1	0	0	0	31	68	TRUE	0.0977601186690852	0.744294399835588	1048	558	0.026725414877859	241	5908750
20211117 122231	binary	custom	TRUE	TRUE	FALSE	-100	999983	-1	0	0	0	31	79	TRUE	0.0273388101918809	0.340317018840415	3545	725	0.0410024018143322	242	4876250
20211117 122544	binary	custom	TRUE	TRUE	FALSE	-100	999983	-1	0	0	0	31	85	TRUE	0.0720992694189586	0.617378185176966	2066	786	0.0398893659042789	243	6242500
20211117 122628	binary	custom	TRUE	TRUE	FALSE	-100	999983	-1	0	0	0	31	105	TRUE	0.0430762591161206	0.128824239596864	5634	876	0.0414040989848778	244	5366250
20211117 123042	binary	custom	TRUE	TRUE	FALSE	-100	999983	-1	0	0	0	31	162	TRUE	0.0651306067636795	0.955558199842065	4139	809	0.0310436594612237	245	5963750
20211117 123608	binary	custom	TRUE	TRUE	FALSE	-100	999983	-1	0	0	0	31	217	TRUE	0.0872775234569609	0.78293698158667	3247	225	0.0310018160059585	246	5420000
20211117 123753	binary	custom	TRUE	TRUE	FALSE	-100	999983	-1	0	0	0	31	162	TRUE	0.0730075604673661	0.152039773973497	3685	796	0.0423999732201886	247	6067500
20211117 124048	binary	custom	TRUE	TRUE	FALSE	-100	999983	-1	0	0	0	31	267	TRUE	0.0307446420464106	0.327140647744318	1895	562	0.040684391554317	248	6273750
20211117 124449	binary	custom	TRUE	TRUE	FALSE	-100	999983	-1	0	0	0	31	95	TRUE	0.0588548474287614	0.927336668528081	1428	395	0.0286334764379503	249	5723750
20211117 124718	binary	custom	TRUE	TRUE	FALSE	-100	999983	-1	0	0	0	31	135	TRUE	0.0633096198851429	0.52572469147197	2674	683	0.0321148519160118	250	6003750
20211117 124953	binary	custom	TRUE	TRUE	FALSE	-100	999983	-1	0	0	0	31	205	TRUE	0.0893770795934834	0.436408999801544	3240	975	0.0387930673763317	251	6406250
20211117 125250	binary	custom	TRUE	TRUE	FALSE	-100	999983	-1	0	0	0	31	336	TRUE	0.0427799390061386	0.301593337352155	2682	770	0.0402241135464002	252	6292500
20211117 125954	binary	custom	TRUE	TRUE	FALSE	-100	999983	-1	0	0	0	31	182	TRUE	0.091084749120418	0.931544982296508	523	634	0.0422911802364992	253	6183750
20211117 130055	binary	custom	TRUE	TRUE	FALSE	-100	999983	-1	0	0	0	31	162	TRUE	0.0452476842723787	0.136351508848276	2442	684	0.0327173976718301	254	5763750
20211117 130223	binary	custom	TRUE	TRUE	FALSE	-100	999983	-1	0	0	0	31	247	TRUE	0.0516680443189479	0.17840108479755	4379	758	0.0301565782096022	255	5746250
20211117 130759	binary	custom	TRUE	TRUE	FALSE	-100	999983	-1	0	0	0	31	165	TRUE	0.0976770433643833	0.807816025605681	954	356	0.0279472437716017	256	5826250
20211117 130943	binary	custom	TRUE	TRUE	FALSE	-100	999983	-1	0	0	0	31	183	TRUE	0.0979319641292468	0.303868179385108	6495	232	0.0368431623609751	257	5747500
20211117 131136	binary	custom	TRUE	TRUE	FALSE	-100	999983	-1	0	0	0	31	133	TRUE	0.0497584704478271	0.363555106825102	1886	167	0.0361067175483083	258	6257500
20211117 131442	binary	custom	TRUE	TRUE	FALSE	-100	999983	-1	0	0	0	31	70	TRUE	0.0705202025348507	0.638823702095239	1562	517	0.0350941059308914	259	5908750
20211117 131708	binary	custom	TRUE	TRUE	FALSE	-100	999983	-1	0	0	0	31	168	TRUE	0.0529088884948567	0.299306309262244	590	717	0.0399981588879683	260	6326250
20211117 131853	binary	custom	TRUE	TRUE	FALSE	-100	999983	-1	0	0	0	31	120	TRUE	0.0581408161314577	0.364408000441478	2246	724	0.0458980860803562	261	6245000
20211117 132533	binary	custom	TRUE	TRUE	FALSE	-100	999983	-1	0	0	0	31	313	TRUE	0.0337791651877947	0.784495565006952	6708	107	0.0328345593465726	262	5846250
20211117 132628	binary	custom	TRUE	TRUE	FALSE	-100	999983	-1	0	0	0	31	96	TRUE	0.0535799387227744	0.181956766645005	2736	407	0.0375628697915359	263	5540000
20211117 132923	binary	custom	TRUE	TRUE	FALSE	-100	999983	-1	0	0	0	31	249	TRUE	0.0312981552882306	0.35198337280401	1876	354	0.0346756713782397	264	6121250
20211117 133603	binary	custom	TRUE	TRUE	FALSE	-100	999983	-1	0	0	0	31	276	TRUE	0.0356129327613302	0.92357278667374	3916	681	0.0353535353535354	265	6020000
20211117 134238	binary	custom	TRUE	TRUE	FALSE	-100	999983	-1	0	0	0	31	201	TRUE	0.0224562689180858	0.97711525918406	1720	1017	0.0391027089452939	266	6060000
20211117 134506	binary	custom	TRUE	TRUE	FALSE	-100	999983	-1	0	0	0	31	220	TRUE	0.0438514580800757	0.384291223057825	5776	671	0.0344580854108609	267	5653750
20211117 134910	binary	custom	TRUE	TRUE	FALSE	-100	999983	-1	0	0	0	31	157	TRUE	0.0445228531929478	0.849150300617889	5959	297	0.034491560175073	268	5648750
20211117 135225	binary	custom	TRUE	TRUE	FALSE	-100	999983	-1	0	0	0	31	229	TRUE	0.0367419743448682	0.534510081006913	7049	293	0.0357636012151339	269	5608750
20211117 135327	binary	custom	TRUE	TRUE	FALSE	-100	999983	-1	0	0	0	31	240	TRUE	0.0559541389884613	0.11654448776322	6894	583	0.0332864686634364	270	5378750
20211117 140306	binary	custom	TRUE	TRUE	FALSE	-100	999983	-1	0	0	0	31	435	TRUE	0.0208812763086706	0.660722831589682	4491	463	0.036031399328831	271	6118750
20211117 140505	binary	custom	TRUE	TRUE	FALSE	-100	999983	-1	0	0	0	31	127	TRUE	0.0931376248642057	0.500582322874782	5909	371	0.0374038646615283	272	5963750
20211117 140829	binary	custom	TRUE	TRUE	FALSE	-100	999983	-1	0	0	0	31	236	TRUE	0.0249509485583939	0.478838896313542	4443	213	0.0397722042295365	273	5410000
20211117 141420	binary	custom	TRUE	TRUE	FALSE	-100	999983	-1	0	0	0	31	228	TRUE	0.0421356546053477	0.954172556350776	3190	957	0.0361987731498916	274	5993750
20211117 141648	binary	custom	TRUE	TRUE	FALSE	-100	999983	-1	0	0	0	31	166	TRUE	0.0771229153509252	0.358987424153718	857	1018	0.0369854301088767	275	6176250
20211117 142349	binary	custom	TRUE	TRUE	FALSE	-100	999983	-1	0	0	0	31	249	TRUE	0.0364968193867616	0.833820988479513	1945	981	0.0297967244943218	276	6100000
20211117 142711	binary	custom	TRUE	TRUE	FALSE	-100	999983	-1	0	0	0	31	105	TRUE	0.0963944300981611	0.678912680041092	2757	482	0.0256793284962299	277	5165000
20211117 143031	binary	custom	TRUE	TRUE	FALSE	-100	999983	-1	0	0	0	31	63	TRUE	0.0658582011032291	0.855468182687461	1188	1010	0.0372867029867858	278	6081250
20211117 143756	binary	custom	TRUE	TRUE	FALSE	-100	999983	-1	0	0	0	31	236	TRUE	0.0641945700872689	0.739645724070608	1001	715	0.0293029717221929	279	5823750
20211117 143953	binary	custom	TRUE	TRUE	FALSE	-100	999983	-1	0	0	0	31	152	TRUE	0.0849449883643165	0.37980925875511	3678	101	0.0333199434276485	280	5973750
20211117 144300	binary	custom	TRUE	TRUE	FALSE	-100	999983	-1	0	0	0	31	116	TRUE	0.0863172278810479	0.694712661619717	6441	305	0.0424585540575599	281	5908750
20211117 144505	binary	custom	TRUE	TRUE	FALSE	-100	999983	-1	0	0	0	31	115	TRUE	0.089823448104281	0.574695093388367	6294	580	0.0387010117747483	282	5920000
20211117 145045	binary	custom	TRUE	TRUE	FALSE	-100	999983	-1	0	0	0	31	247	TRUE	0.057602035278976	0.800314882851858	4481	652	0.0369686927267706	283	6078750
20211117 145214	binary	custom	TRUE	TRUE	FALSE	-100	999983	-1	0	0	0	31	101	TRUE	0.07957248190891	0.348737212610524	3795	399	0.0410191391964383	284	5823750
20211117 145618	binary	custom	TRUE	TRUE	FALSE	-100	999983	-1	0	0	0	31	141	TRUE	0.0497780613178387	0.681394798001042	3801	142	0.0384666884252634	285	5855000
20211117 150050	binary	custom	TRUE	TRUE	FALSE	-100	999983	-1	0	0	0	31	212	TRUE	0.08819166314587	0.773571508752368	7629	825	0.0354455909551187	286	6406250
20211117 150744	binary	custom	TRUE	TRUE	FALSE	-100	999983	-1	0	0	0	31	353	TRUE	0.0499116239439324	0.994553715740261	7641	271	0.034232130752429	287	6137500
20211117 150841	binary	custom	TRUE	TRUE	FALSE	-100	999983	-1	0	0	0	31	51	TRUE	0.0993880833574384	0.221168231152697	1226	647	0.0366255763935963	288	5680000
20211117 151219	binary	custom	TRUE	TRUE	FALSE	-100	999983	-1	0	0	0	31	150	TRUE	0.0702217646315694	0.801399866613047	7486	504	0.0322905944281255	289	5777500
20211117 151423	binary	custom	TRUE	TRUE	FALSE	-100	999983	-1	0	0	0	31	377	TRUE	0.0248415464336053	0.168061090670573	2606	100	0.0344664541019139	290	6002500
20211117 151749	binary	custom	TRUE	TRUE	FALSE	-100	999983	-1	0	0	0	31	269	TRUE	0.035937639423646	0.447330581574142	3085	126	0.0317466295096784	291	5858750
20211117 152152	binary	custom	TRUE	TRUE	FALSE	-100	999983	-1	0	0	0	31	311	TRUE	0.0233665464120358	0.497338218429382	7204	253	0.0447683127881968	292	5513750
20211117 152447	binary	custom	TRUE	TRUE	FALSE	-100	999983	-1	0	0	0	31	85	TRUE	0.0413718378905393	0.83180441340846	6217	576	0.0359477124183007	293	5031250
20211117 153237	binary	custom	TRUE	TRUE	FALSE	-100	999983	-1	0	0	0	31	367	TRUE	0.0222637884225138	0.869353253201162	6766	280	0.0328680341107847	294	5741250
20211117 153725	binary	custom	TRUE	TRUE	FALSE	-100	999983	-1	0	0	0	31	158	TRUE	0.076355145306401	0.65625980016347	2013	283	0.0317131547454663	295	5613750
20211117 154043	binary	custom	TRUE	TRUE	FALSE	-100	999983	-1	0	0	0	31	117	TRUE	0.0983846285552904	0.893845480307611	4400	394	0.0350773685487853	296	5961250
20211117 154311	binary	custom	TRUE	TRUE	FALSE	-100	999983	-1	0	0	0	31	75	TRUE	0.0843686127223447	0.765874475712911	6553	310	0.0334287364113379	297	5457500
