fecha	objective	metric	first_metric_only	boost_from_average	feature_pre_filter	verbosity	seed	max_depth	min_gain_to_split	lambda_l1	lambda_l2	max_bin	num_iterations	force_row_wise	learning_rate	feature_fraction	min_data_in_leaf	num_leaves	ratio_corte	iteracion_bayesiana	ganancia
20211104 203304	binary	custom	TRUE	TRUE	FALSE	-100	999983	-1	0	0	0	31	124	TRUE	0.0485679609421641	0.812200082595518	6848	557	0.0382323650757785	1	4990000
20211104 203334	binary	custom	TRUE	TRUE	FALSE	-100	999983	-1	0	0	0	31	197	TRUE	0.0694525726698339	0.401175229586079	3844	906	0.0438142820081511	2	5256250
20211104 203417	binary	custom	TRUE	TRUE	FALSE	-100	999983	-1	0	0	0	31	413	TRUE	0.0280438727512956	0.160725437295332	6456	657	0.0389269664331802	3	4686250
20211104 203541	binary	custom	TRUE	TRUE	FALSE	-100	999983	-1	0	0	0	31	502	TRUE	0.0426151562482119	0.566880352397857	4333	491	0.0312194019733373	4	5387500
20211104 203556	binary	custom	TRUE	TRUE	FALSE	-100	999983	-1	0	0	0	31	59	TRUE	0.0769388209364843	0.349702172529942	3299	713	0.0487518097294402	5	4418750
20211104 203621	binary	custom	TRUE	TRUE	FALSE	-100	999983	-1	0	0	0	31	152	TRUE	0.0868696545087732	0.312519602611428	2060	213	0.0346673026871867	6	5222500
20211104 203657	binary	custom	TRUE	TRUE	FALSE	-100	999983	-1	0	0	0	31	207	TRUE	0.0846899416751694	0.95427214524243	2866	601	0.045086323048212	7	5966250
20211104 203714	binary	custom	TRUE	TRUE	FALSE	-100	999983	-1	0	0	0	31	91	TRUE	0.0730772462580353	0.630408691486809	5420	413	0.0369017431983463	8	5238750
20211104 203745	binary	custom	TRUE	TRUE	FALSE	-100	999983	-1	0	0	0	31	215	TRUE	0.0985639136622194	0.243620223802282	2260	1020	0.0305499066890948	9	5487500
20211104 203815	binary	custom	TRUE	TRUE	FALSE	-100	999983	-1	0	0	0	31	162	TRUE	0.0344197078992147	0.534330553532345	5829	795	0.0353870101177475	10	4665000
20211104 203909	binary	custom	TRUE	TRUE	FALSE	-100	999983	-1	0	0	0	31	358	TRUE	0.0513272671634331	0.69484128067561	1470	749	0.0349434694919368	11	5681250
20211104 203952	binary	custom	TRUE	TRUE	FALSE	-100	999983	-1	0	0	0	31	267	TRUE	0.0368544003763236	0.489423041073314	1028	130	0.0250851514314646	12	4903750
20211104 204018	binary	custom	TRUE	TRUE	FALSE	-100	999983	-1	0	0	0	31	176	TRUE	0.0904848694708198	0.873797504692629	348	249	0.031386775794398	13	5362500
20211104 204050	binary	custom	TRUE	TRUE	FALSE	-100	999983	-1	0	0	0	31	262	TRUE	0.0225729210360441	0.723101025544747	7367	292	0.035529277865649	14	4943750
20211104 204105	binary	custom	TRUE	TRUE	FALSE	-100	999983	-1	0	0	0	31	85	TRUE	0.0644040121824946	0.909390308032744	7800	946	0.0329182462571029	15	4533750
20211104 204120	binary	custom	TRUE	TRUE	FALSE	-100	999983	-1	0	0	0	31	109	TRUE	0.0586509651492815	0.136960567996721	4809	353	0.0428602512281054	16	4748750
20211104 204157	binary	custom	TRUE	TRUE	FALSE	-100	999983	-1	0	0	0	31	234	TRUE	0.0397001795872576	0.955757672077794	2225	577	0.0320311650054815	17	4966250
20211104 204223	binary	custom	TRUE	TRUE	FALSE	-100	999983	-1	0	0	0	31	188	TRUE	0.0317840394599736	0.969354339546012	5367	102	0.0346254592319215	18	4878750
20211104 204324	binary	custom	TRUE	TRUE	FALSE	-100	999983	-1	0	0	0	31	325	TRUE	0.0554934794114903	0.734236518382677	4314	846	0.0419145891391128	19	5640000
20211104 204347	binary	custom	TRUE	TRUE	FALSE	-100	999983	-1	0	0	0	31	141	TRUE	0.0473255690898746	0.718817888564453	6321	730	0.0316796799812541	20	4668750
20211104 204409	binary	custom	TRUE	TRUE	FALSE	-100	999983	-1	0	0	0	31	126	TRUE	0.062278566761408	0.423446070845309	5296	627	0.0342656055166411	21	5082500
20211104 204455	binary	custom	TRUE	TRUE	FALSE	-100	999983	-1	0	0	0	31	214	TRUE	0.0939076030642763	0.993884402521273	2803	558	0.0359979245646188	22	5373750
20211104 204524	binary	custom	TRUE	TRUE	FALSE	-100	999983	-1	0	0	0	31	198	TRUE	0.0858274356317249	0.968201807359629	2717	783	0.0327676098181483	23	4906250
20211104 204552	binary	custom	TRUE	TRUE	FALSE	-100	999983	-1	0	0	0	31	202	TRUE	0.0291698684212565	0.990747633903171	6196	506	0.0358891315809294	24	4840000
20211104 204613	binary	custom	TRUE	TRUE	FALSE	-100	999983	-1	0	0	0	31	117	TRUE	0.0845429159516469	0.265302602361399	2184	862	0.0407513410827412	25	5263750
20211104 204646	binary	custom	TRUE	TRUE	FALSE	-100	999983	-1	0	0	0	31	226	TRUE	0.0722323446390033	0.951347630601563	2650	667	0.0314286192496632	26	5106250
20211104 204712	binary	custom	TRUE	TRUE	FALSE	-100	999983	-1	0	0	0	31	147	TRUE	0.0476338022232428	0.572736529607885	6004	663	0.0322403822818073	27	5135000
20211104 204736	binary	custom	TRUE	TRUE	FALSE	-100	999983	-1	0	0	0	31	155	TRUE	0.0551776551933028	0.327766494586272	6499	587	0.0427012460980978	28	4622500
20211104 204756	binary	custom	TRUE	TRUE	FALSE	-100	999983	-1	0	0	0	31	108	TRUE	0.0798047164328769	0.393344031555881	5062	686	0.0296377193643142	29	4473750
20211104 204851	binary	custom	TRUE	TRUE	FALSE	-100	999983	-1	0	0	0	31	304	TRUE	0.0386352451506071	0.404612072499818	875	661	0.0333952616471258	30	5612500
20211104 204920	binary	custom	TRUE	TRUE	FALSE	-100	999983	-1	0	0	0	31	259	TRUE	0.0433675417006388	0.112609258927475	2956	217	0.0374875515720586	31	4901250
20211104 205003	binary	custom	TRUE	TRUE	FALSE	-100	999983	-1	0	0	0	31	186	TRUE	0.0697419938869402	0.427681592786498	466	679	0.0379561982710284	32	5481250
20211104 205044	binary	custom	TRUE	TRUE	FALSE	-100	999983	-1	0	0	0	31	266	TRUE	0.0556473292419501	0.554259937580652	5574	930	0.038868385595809	33	5545000
20211104 205123	binary	custom	TRUE	TRUE	FALSE	-100	999983	-1	0	0	0	31	280	TRUE	0.0495886520421691	0.37796487140283	4246	549	0.0462244650314244	34	5246250
20211104 205148	binary	custom	TRUE	TRUE	FALSE	-100	999983	-1	0	0	0	31	124	TRUE	0.0849849735815264	0.319760480330302	1022	336	0.036290828751475	35	5930000
20211104 205224	binary	custom	TRUE	TRUE	FALSE	-100	999983	-1	0	0	0	31	176	TRUE	0.0465037125027552	0.727070892823022	1014	527	0.0327843472002544	36	5253750
20211104 205243	binary	custom	TRUE	TRUE	FALSE	-100	999983	-1	0	0	0	31	113	TRUE	0.0574375245955959	0.803841766718193	7531	301	0.0346756713782397	37	4871250
20211104 205317	binary	custom	TRUE	TRUE	FALSE	-100	999983	-1	0	0	0	31	145	TRUE	0.0289933062436432	0.914142998647527	367	455	0.041981538667537	38	5280000
20211104 205347	binary	custom	TRUE	TRUE	FALSE	-100	999983	-1	0	0	0	31	207	TRUE	0.0775838731076382	0.402970562975947	6385	731	0.0416049475701506	39	5536250
20211104 205430	binary	custom	TRUE	TRUE	FALSE	-100	999983	-1	0	0	0	31	252	TRUE	0.0345491855871305	0.707065885409084	1984	378	0.0310352907701706	40	5315000
20211104 205507	binary	custom	TRUE	TRUE	FALSE	-100	999983	-1	0	0	0	31	255	TRUE	0.0926832483600639	0.398507780198264	3202	509	0.0302737398843447	41	5128750
20211104 205534	binary	custom	TRUE	TRUE	FALSE	-100	999983	-1	0	0	0	31	101	TRUE	0.0389983416760899	0.639422746171732	1062	636	0.0442076104876436	42	5047500
20211104 205558	binary	custom	TRUE	TRUE	FALSE	-100	999983	-1	0	0	0	31	181	TRUE	0.0361606589905545	0.154521770766121	3700	912	0.0444168277639694	43	4566250
20211104 205636	binary	custom	TRUE	TRUE	FALSE	-100	999983	-1	0	0	0	31	333	TRUE	0.0772020599885657	0.216171464156941	5029	768	0.03680131890571	44	5553750
20211104 205718	binary	custom	TRUE	TRUE	FALSE	-100	999983	-1	0	0	0	31	240	TRUE	0.0574770347673632	0.355708580444171	1078	683	0.0313616697212389	45	5366250
20211104 205738	binary	custom	TRUE	TRUE	FALSE	-100	999983	-1	0	0	0	31	107	TRUE	0.0827201820322871	0.445122697189893	6778	906	0.0300812599901249	46	4557500
20211104 205804	binary	custom	TRUE	TRUE	FALSE	-100	999983	-1	0	0	0	31	142	TRUE	0.0614497867436148	0.376586052501737	3570	455	0.0415714728059384	47	5141250
20211104 205830	binary	custom	TRUE	TRUE	FALSE	-100	999983	-1	0	0	0	31	107	TRUE	0.051510483745411	0.563124464816041	2977	546	0.0441406609592194	48	4957500
20211104 205850	binary	custom	TRUE	TRUE	FALSE	-100	999983	-1	0	0	0	31	112	TRUE	0.0571897158379108	0.164488068650709	5694	655	0.0388014360673847	49	4555000
20211104 205957	binary	custom	TRUE	TRUE	FALSE	-100	999983	-1	0	0	0	31	417	TRUE	0.0261860305045731	0.513292195390165	7761	656	0.0428100390817872	50	5306250
20211104 210027	binary	custom	TRUE	TRUE	FALSE	-100	999983	-1	0	0	0	31	180	TRUE	0.048912320607733	0.995964059002022	6650	244	0.026993212991556	51	4318750
20211104 210110	binary	custom	TRUE	TRUE	FALSE	-100	999983	-1	0	0	0	31	228	TRUE	0.0267261028291844	0.544028218840365	4986	184	0.0332278878260651	52	4687500
20211104 210136	binary	custom	TRUE	TRUE	FALSE	-100	999983	-1	0	0	0	31	121	TRUE	0.0609886662657373	0.497974649444339	6412	910	0.0355376465567021	53	4992500
20211104 210201	binary	custom	TRUE	TRUE	FALSE	-100	999983	-1	0	0	0	31	106	TRUE	0.0925959693831392	0.396578101772489	3028	198	0.0354455909551187	54	4856250
20211104 210228	binary	custom	TRUE	TRUE	FALSE	-100	999983	-1	0	0	0	31	128	TRUE	0.0481949858487211	0.421873312736605	6723	536	0.0363410408977932	55	4572500
20211104 210300	binary	custom	TRUE	TRUE	FALSE	-100	999983	-1	0	0	0	31	174	TRUE	0.0940431672497466	0.532507430415251	5945	1015	0.0346087218498155	56	5181250
20211104 210348	binary	custom	TRUE	TRUE	FALSE	-100	999983	-1	0	0	0	31	263	TRUE	0.068958120415397	0.482023982235603	1379	119	0.0307172805101554	57	5762500
20211104 210429	binary	custom	TRUE	TRUE	FALSE	-100	999983	-1	0	0	0	31	249	TRUE	0.0976996565995924	0.856334283117973	4080	535	0.0384248449699982	58	5561250
20211104 210507	binary	custom	TRUE	TRUE	FALSE	-100	999983	-1	0	0	0	31	296	TRUE	0.0723469795234688	0.130008793261764	6518	144	0.0427012460980978	59	5022500
20211104 210523	binary	custom	TRUE	TRUE	FALSE	-100	999983	-1	0	0	0	31	59	TRUE	0.0769593343723938	0.202459480938455	4644	217	0.0426845087159917	60	4675000
20211104 210610	binary	custom	TRUE	TRUE	FALSE	-100	999983	-1	0	0	0	31	249	TRUE	0.0299708756191842	0.948382064583665	2101	385	0.0366757885399145	61	5372500
20211104 210647	binary	custom	TRUE	TRUE	FALSE	-100	999983	-1	0	0	0	31	295	TRUE	0.0630811281507835	0.271732241935167	7958	138	0.0430359937402191	62	5322500
20211104 210719	binary	custom	TRUE	TRUE	FALSE	-100	999983	-1	0	0	0	31	203	TRUE	0.0978895116117969	0.469711741302046	6729	896	0.037336915133104	63	5073750
20211104 210802	binary	custom	TRUE	TRUE	FALSE	-100	999983	-1	0	0	0	31	269	TRUE	0.0255129659014009	0.451976334698149	5826	179	0.0316880486723072	64	4867500
20211104 210846	binary	custom	TRUE	TRUE	FALSE	-100	999983	-1	0	0	0	31	377	TRUE	0.0602211944327503	0.22254505741389	5277	374	0.0375042889541647	65	5598750
20211104 210922	binary	custom	TRUE	TRUE	FALSE	-100	999983	-1	0	0	0	31	253	TRUE	0.0948297502629645	0.784900363077223	2203	145	0.0384415823521043	66	5258750
20211104 210952	binary	custom	TRUE	TRUE	FALSE	-100	999983	-1	0	0	0	31	223	TRUE	0.0418801164876111	0.885492029009969	5218	163	0.0379059861247102	67	5438750
20211104 211016	binary	custom	TRUE	TRUE	FALSE	-100	999983	-1	0	0	0	31	175	TRUE	0.0387016240178421	0.920547404272342	6484	564	0.0434795343660298	68	5006250
20211104 211038	binary	custom	TRUE	TRUE	FALSE	-100	999983	-1	0	0	0	31	147	TRUE	0.0425319602072053	0.863257575254748	5544	388	0.0424752914396659	69	5256250
20211104 211116	binary	custom	TRUE	TRUE	FALSE	-100	999983	-1	0	0	0	31	361	TRUE	0.0303992116355896	0.165217367060971	7060	648	0.044550726820818	70	4596250
20211104 211146	binary	custom	TRUE	TRUE	FALSE	-100	999983	-1	0	0	0	31	234	TRUE	0.0700494016601518	0.218210928347707	3345	632	0.0356129647761794	71	5381250
20211104 211221	binary	custom	TRUE	TRUE	FALSE	-100	999983	-1	0	0	0	31	268	TRUE	0.0888542451301884	0.954862257369325	3890	596	0.0283740470153063	72	4962500
20211104 211300	binary	custom	TRUE	TRUE	FALSE	-100	999983	-1	0	0	0	31	342	TRUE	0.0647234458425082	0.799812874208856	5626	144	0.031646205217042	73	5523750
20211104 211330	binary	custom	TRUE	TRUE	FALSE	-100	999983	-1	0	0	0	31	244	TRUE	0.0382203248930722	0.982837307361607	6530	540	0.0314620940138753	74	4751250
20211104 211402	binary	custom	TRUE	TRUE	FALSE	-100	999983	-1	0	0	0	31	268	TRUE	0.0404640250547417	0.175879165340634	3566	152	0.0352196362966868	75	4890000
20211104 211439	binary	custom	TRUE	TRUE	FALSE	-100	999983	-1	0	0	0	31	202	TRUE	0.0958131605852209	0.33169325672877	780	571	0.0353870101177475	76	5565000
20211104 211528	binary	custom	TRUE	TRUE	FALSE	-100	999983	-1	0	0	0	31	409	TRUE	0.0217320504062995	0.901632195077906	7441	811	0.0340982316955805	77	5007500
20211104 211601	binary	custom	TRUE	TRUE	FALSE	-100	999983	-1	0	0	0	31	274	TRUE	0.0631348979303241	0.792488310616324	4740	122	0.02957076983589	78	5083750
20211104 211618	binary	custom	TRUE	TRUE	FALSE	-100	999983	-1	0	0	0	31	85	TRUE	0.0864638146546111	0.642167845299724	4207	1005	0.0440151305934239	79	5076250
20211104 211649	binary	custom	TRUE	TRUE	FALSE	-100	999983	-1	0	0	0	31	211	TRUE	0.058037643837817	0.730735204925574	2643	624	0.0406509167901049	80	5678750
20211104 211705	binary	custom	TRUE	TRUE	FALSE	-100	999983	-1	0	0	0	31	103	TRUE	0.0707739179464616	0.77025847955551	7023	154	0.043270317089704	81	4987500
20211104 211723	binary	custom	TRUE	TRUE	FALSE	-100	999983	-1	0	0	0	31	92	TRUE	0.0589699120449461	0.926589186676079	3597	508	0.0323491752654967	82	4868750
20211104 211749	binary	custom	TRUE	TRUE	FALSE	-100	999983	-1	0	0	0	31	186	TRUE	0.0334567148417048	0.853748968570563	6684	599	0.0336128476145046	83	4730000
20211104 211820	binary	custom	TRUE	TRUE	FALSE	-100	999983	-1	0	0	0	31	205	TRUE	0.0779374062406458	0.341383242442389	2817	557	0.0407178663185291	84	5018750
20211104 211857	binary	custom	TRUE	TRUE	FALSE	-100	999983	-1	0	0	0	31	121	TRUE	0.076169906396009	0.517671355470899	412	906	0.0274534909994728	85	5100000
20211104 211911	binary	custom	TRUE	TRUE	FALSE	-100	999983	-1	0	0	0	31	99	TRUE	0.082014807680212	0.138259828108992	7400	354	0.0415463667327793	86	4595000
20211104 212011	binary	custom	TRUE	TRUE	FALSE	-100	999983	-1	0	0	0	31	509	TRUE	0.0494141431783699	0.187329562072479	4239	284	0.0371779100030964	87	5347500
20211104 212046	binary	custom	TRUE	TRUE	FALSE	-100	999983	-1	0	0	0	31	214	TRUE	0.045332897095643	0.858515521227312	2030	782	0.033194413061853	88	5242500
20211104 212148	binary	custom	TRUE	TRUE	FALSE	-100	999983	-1	0	0	0	31	464	TRUE	0.0854215697244927	0.486229236009857	7475	132	0.0302318964290795	89	5185000
20211104 212236	binary	custom	TRUE	TRUE	FALSE	-100	999983	-1	0	0	0	31	342	TRUE	0.0717484384932928	0.333622198364511	4631	1024	0.0336463223787167	90	5375000
20211104 212259	binary	custom	TRUE	TRUE	FALSE	-100	999983	-1	0	0	0	31	111	TRUE	0.079758728711661	0.518765215917537	5051	593	0.0479651527704552	91	5386250
20211104 212318	binary	custom	TRUE	TRUE	FALSE	-100	999983	-1	0	0	0	31	67	TRUE	0.0388794734793156	0.321540998298954	1553	367	0.0402324822374532	92	4641250
20211104 212425	binary	custom	TRUE	TRUE	FALSE	-100	999983	-1	0	0	0	31	315	TRUE	0.0567442471245304	0.562467300868337	2272	890	0.0399395780505971	93	5585000
20211104 212531	binary	custom	TRUE	TRUE	FALSE	-100	999983	-1	0	0	0	31	417	TRUE	0.0456288787491247	0.291893347817403	1581	603	0.0324412308670801	94	5655000
20211104 212610	binary	custom	TRUE	TRUE	FALSE	-100	999983	-1	0	0	0	31	271	TRUE	0.0479052742254548	0.876139235755522	5462	830	0.0395713556442637	95	5640000
20211104 212651	binary	custom	TRUE	TRUE	FALSE	-100	999983	-1	0	0	0	31	221	TRUE	0.0562308587797172	0.865958362022298	1627	315	0.037060748328354	96	5665000
20211104 212756	binary	custom	TRUE	TRUE	FALSE	-100	999983	-1	0	0	0	31	468	TRUE	0.021576027243454	0.67403223798289	6695	733	0.0424501853665068	97	5110000
20211104 212821	binary	custom	TRUE	TRUE	FALSE	-100	999983	-1	0	0	0	31	171	TRUE	0.0875337808310427	0.936169395356765	5433	319	0.0404919116600972	98	5502500
20211104 212836	binary	custom	TRUE	TRUE	FALSE	-100	999983	-1	0	0	0	31	51	TRUE	0.0826313996718079	0.211236353384797	712	536	0.0415547354238324	99	5043750
20211104 212914	binary	custom	TRUE	TRUE	FALSE	-100	999983	-1	0	0	0	31	261	TRUE	0.0801827503519505	0.429004823934217	6505	688	0.0415965788790975	100	5537500
20211104 212929	binary	custom	TRUE	TRUE	FALSE	-100	999983	-1	0	0	0	31	78	TRUE	0.0545240405045822	0.191001194075355	3287	866	0.0392617140753015	101	4786250
20211104 212953	binary	custom	TRUE	TRUE	FALSE	-100	999983	-1	0	0	0	31	86	TRUE	0.0973339821725711	0.651666032952629	249	530	0.0340731256224214	102	5961250
20211104 213042	binary	custom	TRUE	TRUE	FALSE	-100	999983	-1	0	0	0	31	270	TRUE	0.0665022739505209	0.96967455263976	1200	287	0.0323993874118149	103	5261250
20211104 213057	binary	custom	TRUE	TRUE	FALSE	-100	999983	-1	0	0	0	31	74	TRUE	0.0629817241140455	0.957099772378663	7211	317	0.0315039374691405	104	4495000
20211104 213138	binary	custom	TRUE	TRUE	FALSE	-100	999983	-1	0	0	0	31	350	TRUE	0.0776025511045195	0.141475633657142	2124	825	0.0372532282225737	105	4936250
20211104 213249	binary	custom	TRUE	TRUE	FALSE	-100	999983	-1	0	0	0	31	517	TRUE	0.0549734539842792	0.400730396701023	3254	690	0.0306754370548902	106	5518750
20211104 213347	binary	custom	TRUE	TRUE	FALSE	-100	999983	-1	0	0	0	31	341	TRUE	0.0378078753618523	0.74887366734657	1176	859	0.0323826500297089	107	5313750
20211104 213415	binary	custom	TRUE	TRUE	FALSE	-100	999983	-1	0	0	0	31	197	TRUE	0.0942775870687328	0.18984167803973	1628	380	0.0310352907701706	108	5015000
20211104 213455	binary	custom	TRUE	TRUE	FALSE	-100	999983	-1	0	0	0	31	267	TRUE	0.0861703913859651	0.487265926728072	5324	372	0.0338806457282017	109	5440000
20211104 213518	binary	custom	TRUE	TRUE	FALSE	-100	999983	-1	0	0	0	31	114	TRUE	0.0987701020856947	0.860044062109757	1795	771	0.0298553053316931	110	4941250
20211104 213538	binary	custom	TRUE	TRUE	FALSE	-100	999983	-1	0	0	0	31	81	TRUE	0.0911506524129398	0.601309782629204	2050	231	0.0294536081611475	111	4701250
20211104 213559	binary	custom	TRUE	TRUE	FALSE	-100	999983	-1	0	0	0	31	118	TRUE	0.0628350355440751	0.698436879431084	5794	745	0.0319391094038981	112	5030000
20211104 213619	binary	custom	TRUE	TRUE	FALSE	-100	999983	-1	0	0	0	31	125	TRUE	0.0914087486459129	0.641604072137037	5203	903	0.0437724385528859	113	5512500
20211104 213636	binary	custom	TRUE	TRUE	FALSE	-100	999983	-1	0	0	0	31	103	TRUE	0.0934494162640348	0.74629264252896	6181	416	0.0335458980860804	114	5090000
20211104 213718	binary	custom	TRUE	TRUE	FALSE	-100	999983	-1	0	0	0	31	300	TRUE	0.0352214138266444	0.368428744079219	5585	410	0.0366172077025432	115	5231250
20211104 213754	binary	custom	TRUE	TRUE	FALSE	-100	999983	-1	0	0	0	31	286	TRUE	0.0923425149560906	0.253244047491904	4992	773	0.0288510624053292	116	4491250
