fecha	objective	metric	first_metric_only	boost_from_average	feature_pre_filter	verbosity	seed	max_depth	min_gain_to_split	lambda_l1	lambda_l2	max_bin	num_iterations	force_row_wise	learning_rate	feature_fraction	min_data_in_leaf	num_leaves	ratio_corte	iteracion_bayesiana	ganancia
20211110 030033	binary	custom	TRUE	TRUE	FALSE	-100	999983	-1	0	0	0	31	290	TRUE	0.0496713422541507	0.431621524458751	473	564	0.0415965788790975	1	6587500
20211110 030050	binary	custom	TRUE	TRUE	FALSE	-100	999983	-1	0	0	0	31	190	TRUE	0.0836807593039703	0.311864921111555	6381	545	0.0353535353535354	2	6170000
20211110 030121	binary	custom	TRUE	TRUE	FALSE	-100	999983	-1	0	0	0	31	210	TRUE	0.027502231473336	0.588328862887283	2633	803	0.0367008946130736	3	5568750
20211110 030137	binary	custom	TRUE	TRUE	FALSE	-100	999983	-1	0	0	0	31	178	TRUE	0.088789124363102	0.812220075543155	6739	336	0.0403161691479836	4	5878750
20211110 030156	binary	custom	TRUE	TRUE	FALSE	-100	999983	-1	0	0	0	31	199	TRUE	0.0597275907162111	0.640197080158396	4433	866	0.0355376465567021	5	5992500
20211110 030213	binary	custom	TRUE	TRUE	FALSE	-100	999983	-1	0	0	0	31	164	TRUE	0.076434781200951	0.476641509812907	5589	225	0.0348597825814064	6	5893750
20211110 030243	binary	custom	TRUE	TRUE	FALSE	-100	999983	-1	0	0	0	31	424	TRUE	0.0423946081171744	0.165209386426432	4041	449	0.0378725113604981	7	6393750
20211110 030304	binary	custom	TRUE	TRUE	FALSE	-100	999983	-1	0	0	0	31	264	TRUE	0.0689630413870327	0.721443700800592	7284	985	0.0440904488129012	8	5915000
20211110 030346	binary	custom	TRUE	TRUE	FALSE	-100	999983	-1	0	0	0	31	426	TRUE	0.0344805585220456	0.226208045987005	1231	701	0.0434544282928707	9	6760000
20211110 030402	binary	custom	TRUE	TRUE	FALSE	-100	999983	-1	0	0	0	31	217	TRUE	0.0991590226895642	0.126856173468695	4703	122	0.0364916773367478	10	6300000
20211110 030426	binary	custom	TRUE	TRUE	FALSE	-100	999983	-1	0	0	0	31	177	TRUE	0.0735917418228928	0.504348173229664	1698	425	0.0415965788790975	11	6237500
20211110 030445	binary	custom	TRUE	TRUE	FALSE	-100	999983	-1	0	0	0	31	164	TRUE	0.03997920656926	0.699781606622855	2733	187	0.0358221820525052	12	5950000
20211110 030505	binary	custom	TRUE	TRUE	FALSE	-100	999983	-1	0	0	0	31	245	TRUE	0.0526056034932844	0.860976903259871	7760	274	0.0429690442117948	13	5882500
20211110 030527	binary	custom	TRUE	TRUE	FALSE	-100	999983	-1	0	0	0	31	133	TRUE	0.0943190115888137	0.907366627156443	1075	763	0.0472538140309474	14	5842500
20211110 030613	binary	custom	TRUE	TRUE	FALSE	-100	999983	-1	0	0	0	31	534	TRUE	0.0226146325876471	0.955434819946822	3351	944	0.0418811143749006	15	6145000
20211110 030643	binary	custom	TRUE	TRUE	FALSE	-100	999983	-1	0	0	0	31	360	TRUE	0.0636745569040068	0.379117315838812	5140	628	0.0349434694919368	16	6181250
20211110 030708	binary	custom	TRUE	TRUE	FALSE	-100	999983	-1	0	0	0	31	185	TRUE	0.049230712443043	0.272906675604228	927	531	0.0343074489719063	17	6126250
20211110 030744	binary	custom	TRUE	TRUE	FALSE	-100	999983	-1	0	0	0	31	414	TRUE	0.0387247205027081	0.214440622257486	1938	698	0.035788707288293	18	6455000
20211110 030814	binary	custom	TRUE	TRUE	FALSE	-100	999983	-1	0	0	0	31	275	TRUE	0.0278199786597625	0.231632998767061	1294	736	0.0343492924271715	19	6120000
20211110 030842	binary	custom	TRUE	TRUE	FALSE	-100	999983	-1	0	0	0	31	334	TRUE	0.0317840394599736	0.969354339546012	5367	102	0.0336128476145046	20	5880000
20211110 030907	binary	custom	TRUE	TRUE	FALSE	-100	999983	-1	0	0	0	31	290	TRUE	0.0554934794114903	0.734236518382677	4314	846	0.0389437038152863	21	6183750
20211110 030938	binary	custom	TRUE	TRUE	FALSE	-100	999983	-1	0	0	0	31	417	TRUE	0.0473255690898746	0.718817888564453	6321	730	0.0348179391261413	22	6200000
20211110 031018	binary	custom	TRUE	TRUE	FALSE	-100	999983	-1	0	0	0	31	490	TRUE	0.062278566761408	0.423446070845309	5296	627	0.0377302436125966	23	6015000
20211110 031050	binary	custom	TRUE	TRUE	FALSE	-100	999983	-1	0	0	0	31	321	TRUE	0.0291698684212565	0.990747633903171	6196	506	0.0379645669620815	24	6080000
20211110 031108	binary	custom	TRUE	TRUE	FALSE	-100	999983	-1	0	0	0	31	172	TRUE	0.0845429159516469	0.265302602361399	2184	862	0.0361109018938348	25	6406250
20211110 031137	binary	custom	TRUE	TRUE	FALSE	-100	999983	-1	0	0	0	31	293	TRUE	0.0722323446390033	0.951347630601563	2650	667	0.04301088766706	26	6476250
20211110 031155	binary	custom	TRUE	TRUE	FALSE	-100	999983	-1	0	0	0	31	143	TRUE	0.0476338022232428	0.572736529607885	6004	663	0.0358807628898764	27	5641250
20211110 031216	binary	custom	TRUE	TRUE	FALSE	-100	999983	-1	0	0	0	31	224	TRUE	0.0551776551933028	0.327766494586272	6499	587	0.0390692341810817	28	5965000
20211110 031230	binary	custom	TRUE	TRUE	FALSE	-100	999983	-1	0	0	0	31	117	TRUE	0.0798047164328769	0.393344031555881	5062	686	0.0315290435422996	29	5391250
20211110 031259	binary	custom	TRUE	TRUE	FALSE	-100	999983	-1	0	0	0	31	270	TRUE	0.0408451851436232	0.225591878279243	1354	774	0.0416384223343627	30	6581250
20211110 031313	binary	custom	TRUE	TRUE	FALSE	-100	999983	-1	0	0	0	31	77	TRUE	0.0779645898430181	0.226428731790708	916	473	0.0286334764379503	31	5523750
20211110 031404	binary	custom	TRUE	TRUE	FALSE	-100	999983	-1	0	0	0	31	521	TRUE	0.0362570326409396	0.228672100812394	1087	847	0.0323408065744437	32	6320000
20211110 031429	binary	custom	TRUE	TRUE	FALSE	-100	999983	-1	0	0	0	31	138	TRUE	0.0386352451506071	0.404612072499818	875	661	0.0372281221494146	33	6340000
20211110 031447	binary	custom	TRUE	TRUE	FALSE	-100	999983	-1	0	0	0	31	219	TRUE	0.0433675417006388	0.112609258927475	2956	217	0.0332613625902773	34	5682500
20211110 031510	binary	custom	TRUE	TRUE	FALSE	-100	999983	-1	0	0	0	31	94	TRUE	0.0697419938869402	0.427681592786498	466	679	0.0379645669620815	35	6380000
20211110 031541	binary	custom	TRUE	TRUE	FALSE	-100	999983	-1	0	0	0	31	320	TRUE	0.0556473292419501	0.554259937580652	5574	930	0.0382323650757785	36	6190000
20211110 031605	binary	custom	TRUE	TRUE	FALSE	-100	999983	-1	0	0	0	31	251	TRUE	0.0495886520421691	0.37796487140283	4246	549	0.0377720870678617	37	6158750
20211110 031635	binary	custom	TRUE	TRUE	FALSE	-100	999983	-1	0	0	0	31	248	TRUE	0.0849849735815264	0.319760480330302	1022	336	0.0410777200338095	38	6015000
20211110 031708	binary	custom	TRUE	TRUE	FALSE	-100	999983	-1	0	0	0	31	217	TRUE	0.0465037125027552	0.727070892823022	1014	527	0.0400232649611274	39	6222500
20211110 031729	binary	custom	TRUE	TRUE	FALSE	-100	999983	-1	0	0	0	31	261	TRUE	0.0574375245955959	0.803841766718193	7531	301	0.0370356422551949	40	5868750
20211110 031811	binary	custom	TRUE	TRUE	FALSE	-100	999983	-1	0	0	0	31	247	TRUE	0.0289933062436432	0.914142998647527	367	455	0.036048136710937	41	6516250
20211110 031833	binary	custom	TRUE	TRUE	FALSE	-100	999983	-1	0	0	0	31	235	TRUE	0.0775838731076382	0.402970562975947	6385	731	0.0406341794079988	42	6031250
20211110 031925	binary	custom	TRUE	TRUE	FALSE	-100	999983	-1	0	0	0	31	542	TRUE	0.0345491855871305	0.707065885409084	1984	378	0.0409605583590671	43	6382500
20211110 031945	binary	custom	TRUE	TRUE	FALSE	-100	999983	-1	0	0	0	31	179	TRUE	0.0926832483600639	0.398507780198264	3202	509	0.0385336379536877	44	6045000
20211110 032011	binary	custom	TRUE	TRUE	FALSE	-100	999983	-1	0	0	0	31	155	TRUE	0.0389983416760899	0.639422746171732	1062	636	0.0351443180772095	45	6251250
20211110 032044	binary	custom	TRUE	TRUE	FALSE	-100	999983	-1	0	0	0	31	471	TRUE	0.0361606589905545	0.154521770766121	3700	912	0.041454311131196	46	6108750
20211110 032105	binary	custom	TRUE	TRUE	FALSE	-100	999983	-1	0	0	0	31	168	TRUE	0.0772020599885657	0.216171464156941	5029	768	0.0465926874377579	47	5991250
20211110 032135	binary	custom	TRUE	TRUE	FALSE	-100	999983	-1	0	0	0	31	227	TRUE	0.0574770347673632	0.355708580444171	1078	683	0.0426594026428326	48	6328750
20211110 032154	binary	custom	TRUE	TRUE	FALSE	-100	999983	-1	0	0	0	31	194	TRUE	0.0827201820322871	0.445122697189893	6778	906	0.0355711213209142	49	5837500
20211110 032225	binary	custom	TRUE	TRUE	FALSE	-100	999983	-1	0	0	0	31	343	TRUE	0.0614497867436148	0.376586052501737	3570	455	0.0411781443264459	50	6200000
20211110 032303	binary	custom	TRUE	TRUE	FALSE	-100	999983	-1	0	0	0	31	367	TRUE	0.051510483745411	0.563124464816041	2977	546	0.0444168277639694	51	6016250
20211110 032334	binary	custom	TRUE	TRUE	FALSE	-100	999983	-1	0	0	0	31	462	TRUE	0.0571897158379108	0.164488068650709	5694	655	0.0367594754504448	52	5960000
20211110 032359	binary	custom	TRUE	TRUE	FALSE	-100	999983	-1	0	0	0	31	239	TRUE	0.0261860305045731	0.513292195390165	7761	656	0.0392533453842484	53	5387500
20211110 032423	binary	custom	TRUE	TRUE	FALSE	-100	999983	-1	0	0	0	31	313	TRUE	0.048912320607733	0.995964059002022	6650	244	0.0317131547454663	54	6013750
20211110 032456	binary	custom	TRUE	TRUE	FALSE	-100	999983	-1	0	0	0	31	324	TRUE	0.0267261028291844	0.544028218840365	4986	184	0.0429020946833706	55	5892500
20211110 032525	binary	custom	TRUE	TRUE	FALSE	-100	999983	-1	0	0	0	31	319	TRUE	0.0609886662657373	0.497974649444339	6412	910	0.0414292050580369	56	5862500
20211110 032553	binary	custom	TRUE	TRUE	FALSE	-100	999983	-1	0	0	0	31	280	TRUE	0.0925959693831392	0.396578101772489	3028	198	0.0333785242650197	57	5765000
20211110 032636	binary	custom	TRUE	TRUE	FALSE	-100	999983	-1	0	0	0	31	554	TRUE	0.0481949858487211	0.421873312736605	6723	536	0.0381235720920891	58	6206250
20211110 032657	binary	custom	TRUE	TRUE	FALSE	-100	999983	-1	0	0	0	31	190	TRUE	0.0940431672497466	0.532507430415251	5945	1015	0.037847405287339	59	5997500
20211110 032712	binary	custom	TRUE	TRUE	FALSE	-100	999983	-1	0	0	0	31	103	TRUE	0.068958120415397	0.482023982235603	1379	119	0.0332613625902773	60	6082500
20211110 032726	binary	custom	TRUE	TRUE	FALSE	-100	999983	-1	0	0	0	31	123	TRUE	0.0976996565995924	0.856334283117973	4080	535	0.0283154661779351	61	5421250
20211110 032749	binary	custom	TRUE	TRUE	FALSE	-100	999983	-1	0	0	0	31	339	TRUE	0.0723469795234688	0.130008793261764	6518	144	0.040684391554317	62	5923750
20211110 032805	binary	custom	TRUE	TRUE	FALSE	-100	999983	-1	0	0	0	31	192	TRUE	0.0769593343723938	0.202459480938455	4644	217	0.0408601340664307	63	5747500
20211110 032841	binary	custom	TRUE	TRUE	FALSE	-100	999983	-1	0	0	0	31	335	TRUE	0.0299708756191842	0.948382064583665	2101	385	0.0425422409680902	64	6296250
20211110 032855	binary	custom	TRUE	TRUE	FALSE	-100	999983	-1	0	0	0	31	118	TRUE	0.0630811281507835	0.271732241935167	7958	138	0.0380900973278769	65	5411250
20211110 032908	binary	custom	TRUE	TRUE	FALSE	-100	999983	-1	0	0	0	31	106	TRUE	0.0978895116117969	0.469711741302046	6729	896	0.0427933016996812	66	5908750
20211110 032949	binary	custom	TRUE	TRUE	FALSE	-100	999983	-1	0	0	0	31	475	TRUE	0.0255129659014009	0.451976334698149	5826	179	0.0311440837538601	67	5748750
20211110 033009	binary	custom	TRUE	TRUE	FALSE	-100	999983	-1	0	0	0	31	235	TRUE	0.0602211944327503	0.22254505741389	5277	374	0.0382825772220967	68	6132500
20211110 033028	binary	custom	TRUE	TRUE	FALSE	-100	999983	-1	0	0	0	31	165	TRUE	0.0948297502629645	0.784900363077223	2203	145	0.0429020946833706	69	6042500
20211110 033104	binary	custom	TRUE	TRUE	FALSE	-100	999983	-1	0	0	0	31	460	TRUE	0.0418801164876111	0.885492029009969	5218	163	0.0374708141899526	70	6053750
20211110 033138	binary	custom	TRUE	TRUE	FALSE	-100	999983	-1	0	0	0	31	383	TRUE	0.0387016240178421	0.920547404272342	6484	564	0.036031399328831	71	6118750
20211110 033213	binary	custom	TRUE	TRUE	FALSE	-100	999983	-1	0	0	0	31	464	TRUE	0.0425319602072053	0.863257575254748	5544	388	0.0387846986852786	72	6457500
20211110 033236	binary	custom	TRUE	TRUE	FALSE	-100	999983	-1	0	0	0	31	314	TRUE	0.0303992116355896	0.165217367060971	7060	648	0.0447599440971438	73	5415000
20211110 033249	binary	custom	TRUE	TRUE	FALSE	-100	999983	-1	0	0	0	31	102	TRUE	0.0700494016601518	0.218210928347707	3345	632	0.0321901701354891	74	5742500
20211110 033307	binary	custom	TRUE	TRUE	FALSE	-100	999983	-1	0	0	0	31	189	TRUE	0.0647234458425082	0.799812874208856	5626	144	0.0354790657193308	75	5951250
20211110 033328	binary	custom	TRUE	TRUE	FALSE	-100	999983	-1	0	0	0	31	251	TRUE	0.0382203248930722	0.982837307361607	6530	540	0.0347175148335049	76	5915000
20211110 033404	binary	custom	TRUE	TRUE	FALSE	-100	999983	-1	0	0	0	31	496	TRUE	0.0404640250547417	0.175879165340634	3566	152	0.0351945302235277	77	6093750
20211110 033423	binary	custom	TRUE	TRUE	FALSE	-100	999983	-1	0	0	0	31	104	TRUE	0.0958131605852209	0.33169325672877	780	571	0.0409772957411731	78	6280000
20211110 033510	binary	custom	TRUE	TRUE	FALSE	-100	999983	-1	0	0	0	31	695	TRUE	0.0217320504062995	0.901632195077906	7441	811	0.0378139305231269	79	6052500
20211110 033531	binary	custom	TRUE	TRUE	FALSE	-100	999983	-1	0	0	0	31	235	TRUE	0.0631348979303241	0.792488310616324	4740	122	0.0425673470412493	80	6142500
20211110 033555	binary	custom	TRUE	TRUE	FALSE	-100	999983	-1	0	0	0	31	265	TRUE	0.0864638146546111	0.642167845299724	4207	1005	0.0420484881959613	81	6070000
20211110 033630	binary	custom	TRUE	TRUE	FALSE	-100	999983	-1	0	0	0	31	381	TRUE	0.058037643837817	0.730735204925574	2643	624	0.037320177750998	82	6226250
20211110 033649	binary	custom	TRUE	TRUE	FALSE	-100	999983	-1	0	0	0	31	220	TRUE	0.0707739179464616	0.77025847955551	7023	154	0.0467600612588185	83	5816250
20211110 033718	binary	custom	TRUE	TRUE	FALSE	-100	999983	-1	0	0	0	31	332	TRUE	0.0589699120449461	0.926589186676079	3597	508	0.0418978517570067	84	6092500
20211110 033753	binary	custom	TRUE	TRUE	FALSE	-100	999983	-1	0	0	0	31	470	TRUE	0.0334567148417048	0.853748968570563	6684	599	0.0374875515720586	85	6001250
20211110 033809	binary	custom	TRUE	TRUE	FALSE	-100	999983	-1	0	0	0	31	135	TRUE	0.0779374062406458	0.341383242442389	2817	557	0.0438393880813102	86	6102500
20211110 033839	binary	custom	TRUE	TRUE	FALSE	-100	999983	-1	0	0	0	31	115	TRUE	0.076169906396009	0.517671355470899	412	906	0.0397973103026956	87	6206250
20211110 033900	binary	custom	TRUE	TRUE	FALSE	-100	999983	-1	0	0	0	31	308	TRUE	0.082014807680212	0.138259828108992	7400	354	0.037328546442051	88	5925000
20211110 033924	binary	custom	TRUE	TRUE	FALSE	-100	999983	-1	0	0	0	31	320	TRUE	0.0494141431783699	0.187329562072479	4239	284	0.0448436310076741	89	6252500
20211110 034014	binary	custom	TRUE	TRUE	FALSE	-100	999983	-1	0	0	0	31	505	TRUE	0.045332897095643	0.858515521227312	2030	782	0.0398726285221728	90	6295000
20211110 034038	binary	custom	TRUE	TRUE	FALSE	-100	999983	-1	0	0	0	31	261	TRUE	0.0854215697244927	0.486229236009857	7475	132	0.0341233377687396	91	6103750
20211110 034049	binary	custom	TRUE	TRUE	FALSE	-100	999983	-1	0	0	0	31	72	TRUE	0.0717484384932928	0.333622198364511	4631	1024	0.0383830015147331	92	5317500
20211110 034113	binary	custom	TRUE	TRUE	FALSE	-100	999983	-1	0	0	0	31	233	TRUE	0.079758728711661	0.518765215917537	5051	593	0.0394960374247864	93	6301250
20211110 034142	binary	custom	TRUE	TRUE	FALSE	-100	999983	-1	0	0	0	31	190	TRUE	0.0388794734793156	0.321540998298954	1553	367	0.0371360665478313	94	6053750
20211110 034210	binary	custom	TRUE	TRUE	FALSE	-100	999983	-1	0	0	0	31	229	TRUE	0.0567442471245304	0.562467300868337	2272	890	0.0396885173190061	95	6172500
20211110 034259	binary	custom	TRUE	TRUE	FALSE	-100	999983	-1	0	0	0	31	519	TRUE	0.0456288787491247	0.291893347817403	1581	603	0.0363661469709523	96	6268750
20211110 034323	binary	custom	TRUE	TRUE	FALSE	-100	999983	-1	0	0	0	31	285	TRUE	0.0479052742254548	0.876139235755522	5462	830	0.0343576611182245	97	5768750
20211110 034348	binary	custom	TRUE	TRUE	FALSE	-100	999983	-1	0	0	0	31	186	TRUE	0.0562308587797172	0.865958362022298	1627	315	0.0436301708049844	98	6383750
20211110 034504	binary	custom	TRUE	TRUE	FALSE	-100	999983	-1	0	0	0	31	1156	TRUE	0.021576027243454	0.67403223798289	6695	733	0.039663411245847	99	6176250
20211110 034527	binary	custom	TRUE	TRUE	FALSE	-100	999983	-1	0	0	0	31	258	TRUE	0.0875337808310427	0.936169395356765	5433	319	0.0435883273497192	100	6090000
20211110 034550	binary	custom	TRUE	TRUE	FALSE	-100	999983	-1	0	0	0	31	156	TRUE	0.0826313996718079	0.211236353384797	712	536	0.0413287807654005	101	6427500
20211110 034611	binary	custom	TRUE	TRUE	FALSE	-100	999983	-1	0	0	0	31	211	TRUE	0.0801827503519505	0.429004823934217	6505	688	0.0335710041592395	102	5686250
20211110 034641	binary	custom	TRUE	TRUE	FALSE	-100	999983	-1	0	0	0	31	397	TRUE	0.0545240405045822	0.191001194075355	3287	866	0.0296963002016855	103	5815000
20211110 034702	binary	custom	TRUE	TRUE	FALSE	-100	999983	-1	0	0	0	31	82	TRUE	0.0973339821725711	0.651666032952629	249	530	0.0350857372398383	104	6260000
20211110 034740	binary	custom	TRUE	TRUE	FALSE	-100	999983	-1	0	0	0	31	284	TRUE	0.0665022739505209	0.96967455263976	1200	287	0.0424167106022947	105	6315000
20211110 034800	binary	custom	TRUE	TRUE	FALSE	-100	999983	-1	0	0	0	31	240	TRUE	0.0629817241140455	0.957099772378663	7211	317	0.0409103462127489	106	5740000
20211110 034819	binary	custom	TRUE	TRUE	FALSE	-100	999983	-1	0	0	0	31	204	TRUE	0.0776025511045195	0.141475633657142	2124	825	0.0334371051023909	107	5906250
20211110 034854	binary	custom	TRUE	TRUE	FALSE	-100	999983	-1	0	0	0	31	383	TRUE	0.0549734539842792	0.400730396701023	3254	690	0.0383913702057861	108	6366250
20211110 034959	binary	custom	TRUE	TRUE	FALSE	-100	999983	-1	0	0	0	31	269	TRUE	0.0378078753618523	0.74887366734657	1176	859	0.0362489852962098	109	6336250
20211110 035013	binary	custom	TRUE	TRUE	FALSE	-100	999983	-1	0	0	0	31	101	TRUE	0.0942775870687328	0.18984167803973	1628	380	0.0350187877114141	110	6020000
20211110 035034	binary	custom	TRUE	TRUE	FALSE	-100	999983	-1	0	0	0	31	191	TRUE	0.0861703913859651	0.487265926728072	5324	372	0.038617324864218	111	5982500
20211110 035106	binary	custom	TRUE	TRUE	FALSE	-100	999983	-1	0	0	0	31	276	TRUE	0.0987701020856947	0.860044062109757	1795	771	0.0381486781652482	112	6052500
20211110 035129	binary	custom	TRUE	TRUE	FALSE	-100	999983	-1	0	0	0	31	172	TRUE	0.0911506524129398	0.601309782629204	2050	231	0.0395295121889985	113	6296250
20211110 035200	binary	custom	TRUE	TRUE	FALSE	-100	999983	-1	0	0	0	31	314	TRUE	0.0628350355440751	0.698436879431084	5794	745	0.0454545454545455	114	5861250
20211110 035220	binary	custom	TRUE	TRUE	FALSE	-100	999983	-1	0	0	0	31	213	TRUE	0.0914087486459129	0.641604072137037	5203	903	0.0445005146744998	115	6203750
20211110 035238	binary	custom	TRUE	TRUE	FALSE	-100	999983	-1	0	0	0	31	198	TRUE	0.0934494162640348	0.74629264252896	6181	416	0.0423664984559765	116	5922500
