fecha	objective	metric	first_metric_only	boost_from_average	feature_pre_filter	verbosity	seed	max_depth	min_gain_to_split	lambda_l1	lambda_l2	max_bin	num_iterations	force_row_wise	learning_rate	feature_fraction	min_data_in_leaf	num_leaves	ratio_corte	iteracion_bayesiana	ganancia
20211116 234508	binary	custom	TRUE	TRUE	FALSE	-100	999983	-1	0	0	0	31	211	TRUE	0.0389832547586411	0.490492743511277	1479	410	0.0335254593851966	1	4046250
20211116 234846	binary	custom	TRUE	TRUE	FALSE	-100	999983	-1	0	0	0	31	165	TRUE	0.0421587794821244	0.747131873310718	5378	629	0.0362731839258114	2	4426250
20211116 235016	binary	custom	TRUE	TRUE	FALSE	-100	999983	-1	0	0	0	31	88	TRUE	0.0598501202696934	0.384798087168019	1001	280	0.0277402112313241	3	4120000
20211116 235335	binary	custom	TRUE	TRUE	FALSE	-100	999983	-1	0	0	0	31	146	TRUE	0.0725929682690185	0.837970818737813	4310	455	0.0405772368195088	4	4125000
20211116 235439	binary	custom	TRUE	TRUE	FALSE	-100	999983	-1	0	0	0	31	97	TRUE	0.0775449297425803	0.320899969537277	3440	758	0.037829512278894	5	3895000
20211116 235529	binary	custom	TRUE	TRUE	FALSE	-100	999983	-1	0	0	0	31	119	TRUE	0.0660310484177899	0.229726656856656	7945	243	0.0368313154731238	6	4111250
20211117 000043	binary	custom	TRUE	TRUE	FALSE	-100	999983	-1	0	0	0	31	295	TRUE	0.0463791613513604	0.961010187324428	6791	934	0.0315719989696033	7	4023750
20211117 000310	binary	custom	TRUE	TRUE	FALSE	-100	999983	-1	0	0	0	31	174	TRUE	0.0976769984292332	0.535686612442078	4859	121	0.0302625364932166	8	4276250
20211117 000608	binary	custom	TRUE	TRUE	FALSE	-100	999983	-1	0	0	0	31	194	TRUE	0.060527844192693	0.56953442892991	3983	586	0.0344163232010991	9	3992500
20211117 000839	binary	custom	TRUE	TRUE	FALSE	-100	999983	-1	0	0	0	31	108	TRUE	0.0851831301231869	0.67630197541439	7235	540	0.0322696634037438	10	4042500
20211117 001308	binary	custom	TRUE	TRUE	FALSE	-100	999983	-1	0	0	0	31	155	TRUE	0.0279376952524763	0.91375240683119	1903	720	0.0336649922720247	11	4030000
20211117 001427	binary	custom	TRUE	TRUE	FALSE	-100	999983	-1	0	0	0	31	273	TRUE	0.0514396834780928	0.20204781871289	6309	970	0.034802721964623	12	3997500
20211117 001511	binary	custom	TRUE	TRUE	FALSE	-100	999983	-1	0	0	0	31	179	TRUE	0.0800205545069184	0.110513396080933	3064	360	0.0315075991756826	13	4181250
20211117 002036	binary	custom	TRUE	TRUE	FALSE	-100	999983	-1	0	0	0	31	339	TRUE	0.0222063534555491	0.369495363213355	289	849	0.0471674823973897	14	4107500
20211117 002259	binary	custom	TRUE	TRUE	FALSE	-100	999983	-1	0	0	0	31	68	TRUE	0.0945513932756148	0.799193288106471	2348	870	0.032162330413876	15	4105000
20211117 002638	binary	custom	TRUE	TRUE	FALSE	-100	999983	-1	0	0	0	31	160	TRUE	0.0332121593761258	0.61803230142832	5818	206	0.0283627425725571	16	4147500
20211117 002954	binary	custom	TRUE	TRUE	FALSE	-100	999983	-1	0	0	0	31	136	TRUE	0.0494728710739166	0.781461968996857	5235	573	0.0364985832045337	17	4200000
20211117 003444	binary	custom	TRUE	TRUE	FALSE	-100	999983	-1	0	0	0	31	248	TRUE	0.0414699182069203	0.742549103658482	5447	480	0.0466630173450112	18	3766250
20211117 004000	binary	custom	TRUE	TRUE	FALSE	-100	999983	-1	0	0	0	31	256	TRUE	0.0317840394599736	0.969354339546012	5367	102	0.0431532285763352	19	3975000
20211117 004402	binary	custom	TRUE	TRUE	FALSE	-100	999983	-1	0	0	0	31	183	TRUE	0.0554934794114903	0.734236518382677	4314	846	0.0324091962905719	20	4176250
20211117 004830	binary	custom	TRUE	TRUE	FALSE	-100	999983	-1	0	0	0	31	234	TRUE	0.0473255690898746	0.718817888564453	6321	730	0.0468776833247467	21	3841250
20211117 005010	binary	custom	TRUE	TRUE	FALSE	-100	999983	-1	0	0	0	31	140	TRUE	0.062278566761408	0.423446070845309	5296	627	0.0343948566031255	22	4195000
20211117 005436	binary	custom	TRUE	TRUE	FALSE	-100	999983	-1	0	0	0	31	209	TRUE	0.0291698684212565	0.990747633903171	6196	506	0.0342875236132578	23	4057500
20211117 005523	binary	custom	TRUE	TRUE	FALSE	-100	999983	-1	0	0	0	31	58	TRUE	0.0845429159516469	0.265302602361399	2184	862	0.0344914562940065	24	3983750
20211117 005925	binary	custom	TRUE	TRUE	FALSE	-100	999983	-1	0	0	0	31	170	TRUE	0.0722323446390033	0.951347630601563	2650	667	0.0342553237162974	25	4211250
20211117 010227	binary	custom	TRUE	TRUE	FALSE	-100	999983	-1	0	0	0	31	211	TRUE	0.0476338022232428	0.572736529607885	6004	663	0.0371640477417139	26	4072500
20211117 010336	binary	custom	TRUE	TRUE	FALSE	-100	999983	-1	0	0	0	31	107	TRUE	0.0551776551933028	0.327766494586272	6499	587	0.0311212004121587	27	4026250
20211117 010503	binary	custom	TRUE	TRUE	FALSE	-100	999983	-1	0	0	0	31	129	TRUE	0.0798047164328769	0.393344031555881	5062	686	0.0303591361840975	28	4415000
20211117 010737	binary	custom	TRUE	TRUE	FALSE	-100	999983	-1	0	0	0	31	178	TRUE	0.0386352451506071	0.404612072499818	875	661	0.0374753134123304	29	4036250
20211117 010826	binary	custom	TRUE	TRUE	FALSE	-100	999983	-1	0	0	0	31	204	TRUE	0.0433675417006388	0.112609258927475	2956	217	0.0261946161772282	30	4350000
20211117 011109	binary	custom	TRUE	TRUE	FALSE	-100	999983	-1	0	0	0	31	144	TRUE	0.0697419938869402	0.427681592786498	466	679	0.0353286536149751	31	4036250
20211117 011414	binary	custom	TRUE	TRUE	FALSE	-100	999983	-1	0	0	0	31	225	TRUE	0.0556473292419501	0.554259937580652	5574	930	0.0242733556585952	32	4223750
20211117 011556	binary	custom	TRUE	TRUE	FALSE	-100	999983	-1	0	0	0	31	155	TRUE	0.0495886520421691	0.37796487140283	4246	549	0.0360263180491156	33	4105000
20211117 011716	binary	custom	TRUE	TRUE	FALSE	-100	999983	-1	0	0	0	31	96	TRUE	0.0849849735815264	0.319760480330302	1022	336	0.0240264897818994	34	4152500
20211117 012152	binary	custom	TRUE	TRUE	FALSE	-100	999983	-1	0	0	0	31	145	TRUE	0.0465037125027552	0.727070892823022	1014	527	0.0416934999141336	35	3745000
20211117 012528	binary	custom	TRUE	TRUE	FALSE	-100	999983	-1	0	0	0	31	185	TRUE	0.0574375245955959	0.803841766718193	7531	301	0.0374860467113172	36	4085000
20211117 013229	binary	custom	TRUE	TRUE	FALSE	-100	999983	-1	0	0	0	31	171	TRUE	0.0289933062436432	0.914142998647527	367	455	0.0368420487721106	37	4310000
20211117 013434	binary	custom	TRUE	TRUE	FALSE	-100	999983	-1	0	0	0	31	226	TRUE	0.0775838731076382	0.402970562975947	6385	731	0.0416505667181865	38	3700000
20211117 013750	binary	custom	TRUE	TRUE	FALSE	-100	999983	-1	0	0	0	31	95	TRUE	0.0345491855871305	0.707065885409084	1984	378	0.0297473381418513	39	3986250
20211117 013909	binary	custom	TRUE	TRUE	FALSE	-100	999983	-1	0	0	0	31	88	TRUE	0.0926832483600639	0.398507780198264	3202	509	0.0338259917568264	40	3611250
20211117 014256	binary	custom	TRUE	TRUE	FALSE	-100	999983	-1	0	0	0	31	102	TRUE	0.0389983416760899	0.639422746171732	1062	636	0.0295648720590761	41	4307500
20211117 014406	binary	custom	TRUE	TRUE	FALSE	-100	999983	-1	0	0	0	31	267	TRUE	0.0361606589905545	0.154521770766121	3700	912	0.0369923149579255	42	4092500
20211117 014503	binary	custom	TRUE	TRUE	FALSE	-100	999983	-1	0	0	0	31	146	TRUE	0.0772020599885657	0.216171464156941	5029	768	0.0359189850592478	43	4217500
20211117 014637	binary	custom	TRUE	TRUE	FALSE	-100	999983	-1	0	0	0	31	112	TRUE	0.0574770347673632	0.355708580444171	1078	683	0.0319905976300876	44	4225000
20211117 014816	binary	custom	TRUE	TRUE	FALSE	-100	999983	-1	0	0	0	31	136	TRUE	0.0827201820322871	0.445122697189893	6778	906	0.0377865790829469	45	3800000
20211117 015001	binary	custom	TRUE	TRUE	FALSE	-100	999983	-1	0	0	0	31	153	TRUE	0.0614497867436148	0.376586052501737	3570	455	0.0278904774171389	46	4152500
20211117 015236	binary	custom	TRUE	TRUE	FALSE	-100	999983	-1	0	0	0	31	118	TRUE	0.051510483745411	0.563124464816041	2977	546	0.0236830242143225	47	4042500
20211117 015404	binary	custom	TRUE	TRUE	FALSE	-100	999983	-1	0	0	0	31	304	TRUE	0.0571897158379108	0.164488068650709	5694	655	0.0351032543362528	48	3962500
20211117 015759	binary	custom	TRUE	TRUE	FALSE	-100	999983	-1	0	0	0	31	293	TRUE	0.0261860305045731	0.513292195390165	7761	656	0.0288350077279753	49	4092500
20211117 020149	binary	custom	TRUE	TRUE	FALSE	-100	999983	-1	0	0	0	31	183	TRUE	0.048912320607733	0.995964059002022	6650	244	0.0312821998969603	50	4157500
20211117 020511	binary	custom	TRUE	TRUE	FALSE	-100	999983	-1	0	0	0	31	215	TRUE	0.0267261028291844	0.544028218840365	4986	184	0.031346599690881	51	4150000
20211117 020701	binary	custom	TRUE	TRUE	FALSE	-100	999983	-1	0	0	0	31	116	TRUE	0.0609886662657373	0.497974649444339	6412	910	0.0277724111282844	52	3966250
20211117 020810	binary	custom	TRUE	TRUE	FALSE	-100	999983	-1	0	0	0	31	69	TRUE	0.0925959693831392	0.396578101772489	3028	198	0.0273430791688133	53	4166250
20211117 021011	binary	custom	TRUE	TRUE	FALSE	-100	999983	-1	0	0	0	31	188	TRUE	0.0481949858487211	0.421873312736605	6723	536	0.0326667954662545	54	4096250
20211117 021144	binary	custom	TRUE	TRUE	FALSE	-100	999983	-1	0	0	0	31	77	TRUE	0.0940431672497466	0.532507430415251	5945	1015	0.0382695775373519	55	3993750
20211117 021336	binary	custom	TRUE	TRUE	FALSE	-100	999983	-1	0	0	0	31	97	TRUE	0.068958120415397	0.482023982235603	1379	119	0.0387203760947965	56	3791250
20211117 021715	binary	custom	TRUE	TRUE	FALSE	-100	999983	-1	0	0	0	31	161	TRUE	0.0976996565995924	0.856334283117973	4080	535	0.032978061136871	57	3910000
20211117 021800	binary	custom	TRUE	TRUE	FALSE	-100	999983	-1	0	0	0	31	174	TRUE	0.0723469795234688	0.130008793261764	6518	144	0.0287276747381075	58	4255000
20211117 021848	binary	custom	TRUE	TRUE	FALSE	-100	999983	-1	0	0	0	31	109	TRUE	0.0769593343723938	0.202459480938455	4644	217	0.0297258715438777	59	4288750
20211117 022317	binary	custom	TRUE	TRUE	FALSE	-100	999983	-1	0	0	0	31	158	TRUE	0.0299708756191842	0.948382064583665	2101	385	0.0299834707195604	60	4108750
20211117 022450	binary	custom	TRUE	TRUE	FALSE	-100	999983	-1	0	0	0	31	264	TRUE	0.0630811281507835	0.271732241935167	7958	138	0.0339333247466941	61	4198750
20211117 022619	binary	custom	TRUE	TRUE	FALSE	-100	999983	-1	0	0	0	31	93	TRUE	0.0978895116117969	0.469711741302046	6729	896	0.0284271423664778	62	4290000
20211117 022914	binary	custom	TRUE	TRUE	FALSE	-100	999983	-1	0	0	0	31	262	TRUE	0.0255129659014009	0.451976334698149	5826	179	0.0298010046367852	63	4230000
20211117 023054	binary	custom	TRUE	TRUE	FALSE	-100	999983	-1	0	0	0	31	335	TRUE	0.0602211944327503	0.22254505741389	5277	374	0.0332356603125537	64	4180000
20211117 023419	binary	custom	TRUE	TRUE	FALSE	-100	999983	-1	0	0	0	31	126	TRUE	0.0948297502629645	0.784900363077223	2203	145	0.0338259917568264	65	4011250
20211117 023752	binary	custom	TRUE	TRUE	FALSE	-100	999983	-1	0	0	0	31	154	TRUE	0.0418801164876111	0.885492029009969	5218	163	0.0425628971320625	66	4043750
20211117 024313	binary	custom	TRUE	TRUE	FALSE	-100	999983	-1	0	0	0	31	256	TRUE	0.0387016240178421	0.920547404272342	6484	564	0.0381622445474841	67	4006250
20211117 024630	binary	custom	TRUE	TRUE	FALSE	-100	999983	-1	0	0	0	31	139	TRUE	0.0425319602072053	0.863257575254748	5544	388	0.0282446762837026	68	4161250
20211117 024756	binary	custom	TRUE	TRUE	FALSE	-100	999983	-1	0	0	0	31	365	TRUE	0.0303992116355896	0.165217367060971	7060	648	0.0295434054611025	69	4310000
20211117 024837	binary	custom	TRUE	TRUE	FALSE	-100	999983	-1	0	0	0	31	62	TRUE	0.0700494016601518	0.218210928347707	3345	632	0.0335039927872231	70	4098750
20211117 025135	binary	custom	TRUE	TRUE	FALSE	-100	999983	-1	0	0	0	31	123	TRUE	0.0647234458425082	0.799812874208856	5626	144	0.0375289799072643	71	4130000
20211117 025644	binary	custom	TRUE	TRUE	FALSE	-100	999983	-1	0	0	0	31	276	TRUE	0.0382203248930722	0.982837307361607	6530	540	0.0367454490812296	72	4121250
20211117 025734	binary	custom	TRUE	TRUE	FALSE	-100	999983	-1	0	0	0	31	121	TRUE	0.0404640250547417	0.175879165340634	3566	152	0.0337723252618925	73	3867500
20211117 025907	binary	custom	TRUE	TRUE	FALSE	-100	999983	-1	0	0	0	31	112	TRUE	0.0958131605852209	0.33169325672877	780	571	0.0420798986776576	74	3850000
20211117 030716	binary	custom	TRUE	TRUE	FALSE	-100	999983	-1	0	0	0	31	481	TRUE	0.0217320504062995	0.901632195077906	7441	811	0.0348885883565173	75	4037500
20211117 031009	binary	custom	TRUE	TRUE	FALSE	-100	999983	-1	0	0	0	31	114	TRUE	0.0631348979303241	0.792488310616324	4740	122	0.0356506525845784	76	3948750
20211117 031241	binary	custom	TRUE	TRUE	FALSE	-100	999983	-1	0	0	0	31	87	TRUE	0.0864638146546111	0.642167845299724	4207	1005	0.0303913360810579	77	4061250
