fecha	objective	metric	first_metric_only	boost_from_average	feature_pre_filter	verbosity	seed	max_depth	min_gain_to_split	lambda_l1	lambda_l2	max_bin	num_iterations	force_row_wise	learning_rate	feature_fraction	min_data_in_leaf	num_leaves	ratio_corte	iteracion_bayesiana	ganancia
20211116 175208	binary	custom	TRUE	TRUE	FALSE	-100	999983	-1	0	0	0	31	316	TRUE	0.0485679609421641	0.812200082595518	6848	557	0.0376047132468011	1	6033750
20211116 175351	binary	custom	TRUE	TRUE	FALSE	-100	999983	-1	0	0	0	31	302	TRUE	0.0694525726698339	0.401175229586079	3844	906	0.0373620212062631	2	6720000
20211116 175506	binary	custom	TRUE	TRUE	FALSE	-100	999983	-1	0	0	0	31	533	TRUE	0.0280438727512956	0.160725437295332	6456	657	0.0330605140050045	3	5912500
20211116 175700	binary	custom	TRUE	TRUE	FALSE	-100	999983	-1	0	0	0	31	262	TRUE	0.0426151562482119	0.566880352397857	4333	491	0.0336546910697698	4	5873750
20211116 175807	binary	custom	TRUE	TRUE	FALSE	-100	999983	-1	0	0	0	31	216	TRUE	0.0769388209364843	0.349702172529942	3299	713	0.0310269220791176	5	5816250
20211116 175857	binary	custom	TRUE	TRUE	FALSE	-100	999983	-1	0	0	0	31	151	TRUE	0.0868696545087732	0.312519602611428	2060	213	0.041981538667537	6	6330000
20211116 180100	binary	custom	TRUE	TRUE	FALSE	-100	999983	-1	0	0	0	31	180	TRUE	0.0846899416751694	0.95427214524243	2866	601	0.0321148519160118	7	5553750
20211116 180242	binary	custom	TRUE	TRUE	FALSE	-100	999983	-1	0	0	0	31	171	TRUE	0.0730772462580353	0.630408691486809	5420	413	0.0349685755650959	8	6177500
20211116 180353	binary	custom	TRUE	TRUE	FALSE	-100	999983	-1	0	0	0	31	214	TRUE	0.0985639136622194	0.243620223802282	2260	1020	0.0334036303381788	9	6111250
20211116 180650	binary	custom	TRUE	TRUE	FALSE	-100	999983	-1	0	0	0	31	469	TRUE	0.0344197078992147	0.534330553532345	5829	795	0.0300226791527537	10	6016250
20211116 180849	binary	custom	TRUE	TRUE	FALSE	-100	999983	-1	0	0	0	31	145	TRUE	0.0513272671634331	0.69484128067561	1470	749	0.0379059861247102	11	6538750
20211116 181027	binary	custom	TRUE	TRUE	FALSE	-100	999983	-1	0	0	0	31	222	TRUE	0.0368544003763236	0.489423041073314	1028	130	0.0306670683638372	12	5870000
20211116 181125	binary	custom	TRUE	TRUE	FALSE	-100	999983	-1	0	0	0	31	54	TRUE	0.0904848694708198	0.873797504692629	348	249	0.0310603968433297	13	5211250
20211116 181513	binary	custom	TRUE	TRUE	FALSE	-100	999983	-1	0	0	0	31	506	TRUE	0.0225729210360441	0.723101025544747	7367	292	0.0329517210213151	14	5778750
20211116 181658	binary	custom	TRUE	TRUE	FALSE	-100	999983	-1	0	0	0	31	208	TRUE	0.0644040121824946	0.909390308032744	7800	946	0.037839036596286	15	5598750
20211116 181735	binary	custom	TRUE	TRUE	FALSE	-100	999983	-1	0	0	0	31	236	TRUE	0.0586509651492815	0.136960567996721	4809	353	0.0325249177776104	16	5892500
20211116 181833	binary	custom	TRUE	TRUE	FALSE	-100	999983	-1	0	0	0	31	95	TRUE	0.098306230736484	0.567440720651522	3873	1021	0.0365167834099069	17	5596250
20211116 181948	binary	custom	TRUE	TRUE	FALSE	-100	999983	-1	0	0	0	31	188	TRUE	0.0623331566901598	0.4021430053627	2055	770	0.0370105361820358	18	5972500
20211116 182257	binary	custom	TRUE	TRUE	FALSE	-100	999983	-1	0	0	0	31	385	TRUE	0.0317840394599736	0.969354339546012	5367	102	0.0323408065744437	19	5620000
20211116 182529	binary	custom	TRUE	TRUE	FALSE	-100	999983	-1	0	0	0	31	270	TRUE	0.0554934794114903	0.734236518382677	4314	846	0.0288259563321701	20	5595000
20211116 182928	binary	custom	TRUE	TRUE	FALSE	-100	999983	-1	0	0	0	31	450	TRUE	0.0473255690898746	0.718817888564453	6321	730	0.0365669955562251	21	6338750
20211116 183053	binary	custom	TRUE	TRUE	FALSE	-100	999983	-1	0	0	0	31	223	TRUE	0.062278566761408	0.423446070845309	5296	627	0.0298050931853749	22	5798750
20211116 183405	binary	custom	TRUE	TRUE	FALSE	-100	999983	-1	0	0	0	31	321	TRUE	0.0291698684212565	0.990747633903171	6196	506	0.0365000460278008	23	5848750
20211116 183502	binary	custom	TRUE	TRUE	FALSE	-100	999983	-1	0	0	0	31	167	TRUE	0.0845429159516469	0.265302602361399	2184	862	0.0336212163055577	24	5928750
20211116 183648	binary	custom	TRUE	TRUE	FALSE	-100	999983	-1	0	0	0	31	158	TRUE	0.0722323446390033	0.951347630601563	2650	667	0.0431447867239085	25	6056250
20211116 183930	binary	custom	TRUE	TRUE	FALSE	-100	999983	-1	0	0	0	31	343	TRUE	0.0476338022232428	0.572736529607885	6004	663	0.0355962273940733	26	6083750
20211116 192149	binary	custom	TRUE	TRUE	FALSE	-100	999983	-1	0	0	0	31	349	TRUE	0.0551776551933028	0.327766494586272	6499	587	0.0376549253931193	27	6726250
20211116 192305	binary	custom	TRUE	TRUE	FALSE	-100	999983	-1	0	0	0	31	183	TRUE	0.0798047164328769	0.393344031555881	5062	686	0.0354874344103839	28	6250000
20211116 192540	binary	custom	TRUE	TRUE	FALSE	-100	999983	-1	0	0	0	31	355	TRUE	0.0386352451506071	0.404612072499818	875	661	0.0355376465567021	29	6392500
20211116 192620	binary	custom	TRUE	TRUE	FALSE	-100	999983	-1	0	0	0	31	267	TRUE	0.0433675417006388	0.112609258927475	2956	217	0.0335124233218682	30	6045000
20211116 192744	binary	custom	TRUE	TRUE	FALSE	-100	999983	-1	0	0	0	31	136	TRUE	0.0697419938869402	0.427681592786498	466	679	0.0410860887248625	31	5963750
20211116 193000	binary	custom	TRUE	TRUE	FALSE	-100	999983	-1	0	0	0	31	322	TRUE	0.0556473292419501	0.554259937580652	5574	930	0.0335375293950273	32	6141250
20211116 193114	binary	custom	TRUE	TRUE	FALSE	-100	999983	-1	0	0	0	31	200	TRUE	0.0495886520421691	0.37796487140283	4246	549	0.0331107261513227	33	5905000
20211116 193153	binary	custom	TRUE	TRUE	FALSE	-100	999983	-1	0	0	0	31	66	TRUE	0.0849849735815264	0.319760480330302	1022	336	0.0305666440712008	34	5985000
20211116 193343	binary	custom	TRUE	TRUE	FALSE	-100	999983	-1	0	0	0	31	102	TRUE	0.0465037125027552	0.727070892823022	1014	527	0.0305833814533069	35	5732500
20211116 193634	binary	custom	TRUE	TRUE	FALSE	-100	999983	-1	0	0	0	31	394	TRUE	0.0574375245955959	0.803841766718193	7531	301	0.0350271564024671	36	6168750
20211116 194111	binary	custom	TRUE	TRUE	FALSE	-100	999983	-1	0	0	0	31	379	TRUE	0.0289933062436432	0.914142998647527	367	455	0.0329935644765802	37	6422500
20211116 194250	binary	custom	TRUE	TRUE	FALSE	-100	999983	-1	0	0	0	31	353	TRUE	0.0775838731076382	0.402970562975947	6385	731	0.0418057961554233	38	6656250
20211116 194454	binary	custom	TRUE	TRUE	FALSE	-100	999983	-1	0	0	0	31	165	TRUE	0.0345491855871305	0.707065885409084	1984	378	0.0334119990292318	39	5560000
20211116 194545	binary	custom	TRUE	TRUE	FALSE	-100	999983	-1	0	0	0	31	124	TRUE	0.0926832483600639	0.398507780198264	3202	509	0.0347175148335049	40	6015000
20211116 194747	binary	custom	TRUE	TRUE	FALSE	-100	999983	-1	0	0	0	31	129	TRUE	0.0389983416760899	0.639422746171732	1062	636	0.0365753642472781	41	6137500
20211116 194838	binary	custom	TRUE	TRUE	FALSE	-100	999983	-1	0	0	0	31	311	TRUE	0.0361606589905545	0.154521770766121	3700	912	0.0349434694919368	42	5781250
20211116 194924	binary	custom	TRUE	TRUE	FALSE	-100	999983	-1	0	0	0	31	226	TRUE	0.0772020599885657	0.216171464156941	5029	768	0.0337885901266183	43	6003750
20211116 195046	binary	custom	TRUE	TRUE	FALSE	-100	999983	-1	0	0	0	31	202	TRUE	0.0574770347673632	0.355708580444171	1078	683	0.0352782171340581	44	6331250
20211116 195207	binary	custom	TRUE	TRUE	FALSE	-100	999983	-1	0	0	0	31	249	TRUE	0.0827201820322871	0.445122697189893	6778	906	0.0341986559882169	45	5892500
20211116 195404	binary	custom	TRUE	TRUE	FALSE	-100	999983	-1	0	0	0	31	411	TRUE	0.0614497867436148	0.376586052501737	3570	455	0.0398140476848016	46	6153750
20211116 195547	binary	custom	TRUE	TRUE	FALSE	-100	999983	-1	0	0	0	31	209	TRUE	0.051510483745411	0.563124464816041	2977	546	0.0335040546308152	47	6046250
20211116 195631	binary	custom	TRUE	TRUE	FALSE	-100	999983	-1	0	0	0	31	275	TRUE	0.0571897158379108	0.164488068650709	5694	655	0.0325583925418225	48	5987500
20211116 195857	binary	custom	TRUE	TRUE	FALSE	-100	999983	-1	0	0	0	31	418	TRUE	0.0261860305045731	0.513292195390165	7761	656	0.0398558911400668	49	5647500
20211116 200108	binary	custom	TRUE	TRUE	FALSE	-100	999983	-1	0	0	0	31	208	TRUE	0.048912320607733	0.995964059002022	6650	244	0.0356631769224976	50	6073750
20211116 200449	binary	custom	TRUE	TRUE	FALSE	-100	999983	-1	0	0	0	31	594	TRUE	0.0267261028291844	0.544028218840365	4986	184	0.028792481567958	51	6050000
20211116 200618	binary	custom	TRUE	TRUE	FALSE	-100	999983	-1	0	0	0	31	234	TRUE	0.0609886662657373	0.497974649444339	6412	910	0.0354958031014369	52	5948750
20211116 200730	binary	custom	TRUE	TRUE	FALSE	-100	999983	-1	0	0	0	31	205	TRUE	0.0925959693831392	0.396578101772489	3028	198	0.0318219477291557	53	6147500
20211116 200921	binary	custom	TRUE	TRUE	FALSE	-100	999983	-1	0	0	0	31	381	TRUE	0.0481949858487211	0.421873312736605	6723	536	0.0385336379536877	54	6045000
20211116 201035	binary	custom	TRUE	TRUE	FALSE	-100	999983	-1	0	0	0	31	175	TRUE	0.0940431672497466	0.532507430415251	5945	1015	0.0324914430133983	55	6047500
20211116 201132	binary	custom	TRUE	TRUE	FALSE	-100	999983	-1	0	0	0	31	121	TRUE	0.068958120415397	0.482023982235603	1379	119	0.0273781727799955	56	5411250
20211116 201234	binary	custom	TRUE	TRUE	FALSE	-100	999983	-1	0	0	0	31	82	TRUE	0.0976996565995924	0.856334283117973	4080	535	0.0413538868385596	57	5873750
20211116 201306	binary	custom	TRUE	TRUE	FALSE	-100	999983	-1	0	0	0	31	224	TRUE	0.0723469795234688	0.130008793261764	6518	144	0.040943820976961	58	6185000
20211116 201356	binary	custom	TRUE	TRUE	FALSE	-100	999983	-1	0	0	0	31	222	TRUE	0.0769593343723938	0.202459480938455	4644	217	0.0319809528591633	59	5823750
20211116 201714	binary	custom	TRUE	TRUE	FALSE	-100	999983	-1	0	0	0	31	320	TRUE	0.0299708756191842	0.948382064583665	2101	385	0.0390524967989757	60	6167500
20211116 201856	binary	custom	TRUE	TRUE	FALSE	-100	999983	-1	0	0	0	31	500	TRUE	0.0630811281507835	0.271732241935167	7958	138	0.0372615969136267	61	6185000
20211116 202004	binary	custom	TRUE	TRUE	FALSE	-100	999983	-1	0	0	0	31	175	TRUE	0.0978895116117969	0.469711741302046	6729	896	0.0316043617617768	62	6180000
20211116 202232	binary	custom	TRUE	TRUE	FALSE	-100	999983	-1	0	0	0	31	395	TRUE	0.0255129659014009	0.451976334698149	5826	179	0.0347258835245579	63	5713750
20211116 202334	binary	custom	TRUE	TRUE	FALSE	-100	999983	-1	0	0	0	31	332	TRUE	0.0602211944327503	0.22254505741389	5277	374	0.0403580126032487	64	6372500
20211116 202440	binary	custom	TRUE	TRUE	FALSE	-100	999983	-1	0	0	0	31	78	TRUE	0.0948297502629645	0.784900363077223	2203	145	0.0450277422108408	65	5825000
20211116 202718	binary	custom	TRUE	TRUE	FALSE	-100	999983	-1	0	0	0	31	266	TRUE	0.0418801164876111	0.885492029009969	5218	163	0.0340982316955805	66	5907500
20211116 203035	binary	custom	TRUE	TRUE	FALSE	-100	999983	-1	0	0	0	31	325	TRUE	0.0387016240178421	0.920547404272342	6484	564	0.0339308578745198	67	5732500
20211116 203317	binary	custom	TRUE	TRUE	FALSE	-100	999983	-1	0	0	0	31	308	TRUE	0.0425319602072053	0.863257575254748	5544	388	0.0346254592319215	68	6078750
20211116 203411	binary	custom	TRUE	TRUE	FALSE	-100	999983	-1	0	0	0	31	289	TRUE	0.0303992116355896	0.165217367060971	7060	648	0.0307089118191024	69	5363750
20211116 203504	binary	custom	TRUE	TRUE	FALSE	-100	999983	-1	0	0	0	31	201	TRUE	0.0700494016601518	0.218210928347707	3345	632	0.0477977789493945	70	6511250
20211116 203712	binary	custom	TRUE	TRUE	FALSE	-100	999983	-1	0	0	0	31	242	TRUE	0.0647234458425082	0.799812874208856	5626	144	0.0329098775660499	71	6235000
20211116 204007	binary	custom	TRUE	TRUE	FALSE	-100	999983	-1	0	0	0	31	367	TRUE	0.0382203248930722	0.982837307361607	6530	540	0.0328680341107847	72	6091250
20211116 204113	binary	custom	TRUE	TRUE	FALSE	-100	999983	-1	0	0	0	31	374	TRUE	0.0404640250547417	0.175879165340634	3566	152	0.0346338279229746	73	6427500
20211116 204216	binary	custom	TRUE	TRUE	FALSE	-100	999983	-1	0	0	0	31	138	TRUE	0.0958131605852209	0.33169325672877	780	571	0.0399814215058623	74	6478750
20211116 204614	binary	custom	TRUE	TRUE	FALSE	-100	999983	-1	0	0	0	31	545	TRUE	0.0217320504062995	0.901632195077906	7441	811	0.032934983639209	75	5881250
20211116 204803	binary	custom	TRUE	TRUE	FALSE	-100	999983	-1	0	0	0	31	203	TRUE	0.0631348979303241	0.792488310616324	4740	122	0.0314620940138753	76	5901250
20211116 205009	binary	custom	TRUE	TRUE	FALSE	-100	999983	-1	0	0	0	31	240	TRUE	0.0864638146546111	0.642167845299724	4207	1005	0.0318470538023148	77	6093750
20211116 205207	binary	custom	TRUE	TRUE	FALSE	-100	999983	-1	0	0	0	31	189	TRUE	0.058037643837817	0.730735204925574	2643	624	0.032675554216565	78	5870000
20211116 205356	binary	custom	TRUE	TRUE	FALSE	-100	999983	-1	0	0	0	31	217	TRUE	0.0707739179464616	0.77025847955551	7023	154	0.038115203401036	79	5857500
20211116 205541	binary	custom	TRUE	TRUE	FALSE	-100	999983	-1	0	0	0	31	173	TRUE	0.0589699120449461	0.926589186676079	3597	508	0.0281815671210866	80	5641250
20211116 205911	binary	custom	TRUE	TRUE	FALSE	-100	999983	-1	0	0	0	31	466	TRUE	0.0334567148417048	0.853748968570563	6684	599	0.0325165490865574	81	6043750
20211116 210014	binary	custom	TRUE	TRUE	FALSE	-100	999983	-1	0	0	0	31	201	TRUE	0.0779374062406458	0.341383242442389	2817	557	0.026491091528374	82	5443750
20211116 210127	binary	custom	TRUE	TRUE	FALSE	-100	999983	-1	0	0	0	31	60	TRUE	0.076169906396009	0.517671355470899	412	906	0.0342907115898002	83	5528750
20211116 210159	binary	custom	TRUE	TRUE	FALSE	-100	999983	-1	0	0	0	31	211	TRUE	0.082014807680212	0.138259828108992	7400	354	0.0331023574602696	84	5806250
20211116 210239	binary	custom	TRUE	TRUE	FALSE	-100	999983	-1	0	0	0	31	193	TRUE	0.0494141431783699	0.187329562072479	4239	284	0.0311440837538601	85	5298750
20211116 210647	binary	custom	TRUE	TRUE	FALSE	-100	999983	-1	0	0	0	31	424	TRUE	0.045332897095643	0.858515521227312	2030	782	0.0243738126919569	86	5510000
20211116 210809	binary	custom	TRUE	TRUE	FALSE	-100	999983	-1	0	0	0	31	217	TRUE	0.0854215697244927	0.486229236009857	7475	132	0.035269848443005	87	6282500
20211116 210914	binary	custom	TRUE	TRUE	FALSE	-100	999983	-1	0	0	0	31	183	TRUE	0.0717484384932928	0.333622198364511	4631	1024	0.0348095704350882	88	6151250
20211116 211112	binary	custom	TRUE	TRUE	FALSE	-100	999983	-1	0	0	0	31	280	TRUE	0.079758728711661	0.518765215917537	5051	593	0.0338053275087244	89	5951250
20211116 211222	binary	custom	TRUE	TRUE	FALSE	-100	999983	-1	0	0	0	31	185	TRUE	0.0388794734793156	0.321540998298954	1553	367	0.0335375293950273	90	5791250
20211116 211350	binary	custom	TRUE	TRUE	FALSE	-100	999983	-1	0	0	0	31	165	TRUE	0.0567442471245304	0.562467300868337	2272	890	0.0284661026168897	91	5648750
20211116 211459	binary	custom	TRUE	TRUE	FALSE	-100	999983	-1	0	0	0	31	209	TRUE	0.0456288787491247	0.291893347817403	1581	603	0.0326337107612998	92	6076250
20211116 211707	binary	custom	TRUE	TRUE	FALSE	-100	999983	-1	0	0	0	31	251	TRUE	0.0479052742254548	0.876139235755522	5462	830	0.0309850786238524	93	5872500
20211116 211904	binary	custom	TRUE	TRUE	FALSE	-100	999983	-1	0	0	0	31	135	TRUE	0.0562308587797172	0.865958362022298	1627	315	0.0303909015590871	94	6011250
20211116 212155	binary	custom	TRUE	TRUE	FALSE	-100	999983	-1	0	0	0	31	332	TRUE	0.021576027243454	0.67403223798289	6695	733	0.0333534181918606	95	5318750
20211116 212425	binary	custom	TRUE	TRUE	FALSE	-100	999983	-1	0	0	0	31	309	TRUE	0.0875337808310427	0.936169395356765	5433	319	0.0270517938289272	96	5260000
20211116 212509	binary	custom	TRUE	TRUE	FALSE	-100	999983	-1	0	0	0	31	96	TRUE	0.0826313996718079	0.211236353384797	712	536	0.0327257663628832	97	5962500
20211116 212622	binary	custom	TRUE	TRUE	FALSE	-100	999983	-1	0	0	0	31	181	TRUE	0.0801827503519505	0.429004823934217	6505	688	0.036048136710937	98	6016250
20211116 212717	binary	custom	TRUE	TRUE	FALSE	-100	999983	-1	0	0	0	31	229	TRUE	0.0545240405045822	0.191001194075355	3287	866	0.0365921016293842	99	6685000
20211116 212904	binary	custom	TRUE	TRUE	FALSE	-100	999983	-1	0	0	0	31	88	TRUE	0.0973339821725711	0.651666032952629	249	530	0.0286418451290034	100	5972500
20211116 213050	binary	custom	TRUE	TRUE	FALSE	-100	999983	-1	0	0	0	31	112	TRUE	0.0665022739505209	0.96967455263976	1200	287	0.028541420836367	101	5537500
20211116 213156	binary	custom	TRUE	TRUE	FALSE	-100	999983	-1	0	0	0	31	104	TRUE	0.0629817241140455	0.957099772378663	7211	317	0.0370356422551949	102	5568750
20211116 213235	binary	custom	TRUE	TRUE	FALSE	-100	999983	-1	0	0	0	31	213	TRUE	0.0776025511045195	0.141475633657142	2124	825	0.0338722770371486	103	5741250
20211116 213344	binary	custom	TRUE	TRUE	FALSE	-100	999983	-1	0	0	0	31	188	TRUE	0.0549734539842792	0.400730396701023	3254	690	0.032683922907618	104	5868750
20211116 213637	binary	custom	TRUE	TRUE	FALSE	-100	999983	-1	0	0	0	31	232	TRUE	0.0378078753618523	0.74887366734657	1176	859	0.0319474780949512	105	5978750
20211116 213719	binary	custom	TRUE	TRUE	FALSE	-100	999983	-1	0	0	0	31	162	TRUE	0.0942775870687328	0.18984167803973	1628	380	0.0344664541019139	106	6002500
20211116 213824	binary	custom	TRUE	TRUE	FALSE	-100	999983	-1	0	0	0	31	156	TRUE	0.0861703913859651	0.487265926728072	5324	372	0.0346924087603458	107	6518750
20211116 214009	binary	custom	TRUE	TRUE	FALSE	-100	999983	-1	0	0	0	31	146	TRUE	0.0987701020856947	0.860044062109757	1795	771	0.0342823428987472	108	6180000
20211116 214251	binary	custom	TRUE	TRUE	FALSE	-100	999983	-1	0	0	0	31	298	TRUE	0.0911506524129398	0.601309782629204	2050	231	0.0472203392667353	109	6197500
20211116 214509	binary	custom	TRUE	TRUE	FALSE	-100	999983	-1	0	0	0	31	284	TRUE	0.0628350355440751	0.698436879431084	5794	745	0.0307925987296327	110	5851250
20211116 214644	binary	custom	TRUE	TRUE	FALSE	-100	999983	-1	0	0	0	31	176	TRUE	0.0914087486459129	0.641604072137037	5203	903	0.0375042889541647	111	6298750
20211116 214839	binary	custom	TRUE	TRUE	FALSE	-100	999983	-1	0	0	0	31	231	TRUE	0.0934494162640348	0.74629264252896	6181	416	0.0277212891131698	112	5760000
20211116 215108	binary	custom	TRUE	TRUE	FALSE	-100	999983	-1	0	0	0	31	568	TRUE	0.0352214138266444	0.368428744079219	5585	410	0.0330186705497393	113	6168750
20211116 215147	binary	custom	TRUE	TRUE	FALSE	-100	999983	-1	0	0	0	31	152	TRUE	0.0923425149560906	0.253244047491904	4992	773	0.034750989597717	114	6560000
20211116 215342	binary	custom	TRUE	TRUE	FALSE	-100	999983	-1	0	0	0	31	210	TRUE	0.0809248304814659	0.607217896570638	3629	119	0.0378808800515511	115	5992500
20211116 215408	binary	custom	TRUE	TRUE	FALSE	-100	999983	-1	0	0	0	31	157	TRUE	0.0605787737569213	0.113999766346021	6913	265	0.0371946473852025	116	5695000
