Feature	Gain	Cover	Frequency
mdescubierto_preacordado_delta1	0.0698647019091532	0.00251582523903137	0.000151721302649739
ctrx_quarter	0.0383014277715241	0.00474957227673893	0.0028778105147757
mcaja_ahorro	0.0380328046544783	0.00441807850600649	0.00321061853349125
ctrx_quarter_min6	0.027563871569609	0.00591842491467683	0.00185980951635164
mcaja_ahorro_avg3	0.0245316583320974	0.00385467218359124	0.00359236890790028
mv_status01_max6	0.0238813172822048	0.00241917221492527	0.000509000499212028
mcuenta_corriente_delta1_avg3	0.0210286133783503	0.00131910164909347	0.0010228952339934
mtarjeta_visa_consumo	0.0209366426651252	0.00435739390801183	0.00406710975812688
mpasivos_margen_avg3	0.0172941374454056	0.0017452505691326	0.00139975137283308
ctarjeta_visa_transacciones	0.0145780650586963	0.00621962291930608	0.00326934936032341
mcaja_ahorro_avg6	0.0123328278457519	0.00132466503185354	0.00145848219966523
cpayroll_trx	0.00951970535367391	0.00521009110539611	0.000724346864263271
mpayroll	0.00905152698369479	0.00576341720209111	0.00166404009357778
mv_Finiciomora	0.00901983811156082	0.00464526320306479	0.000685192979708499
mcuentas_saldo	0.00833179905242375	0.00657600270698537	0.00357279196562289
mcuentas_saldo_avg3	0.00794059122804852	0.00137415385304392	0.00146337643523458
foto_mes	0.00663540153610067	0.00897288446476726	0.00249116590479733
mdescubierto_preacordado_tend6_avg6_avg3	0.00612640551732603	0.00186221253714867	0.000577519797182878
mprestamos_personales	0.00600057433267769	0.00466493599727999	0.00149274184865066
mprestamos_personales_delta1_avg3	0.00587961670483601	0.00123111942938647	0.000597096739460264
mv_msaldototal_avg3	0.00580480513929134	0.00162263136451109	0.00148784761308131
mv_status01	0.00566647696393972	0.0017373616674612	0.000298548369730132
cproductos_delta3	0.00506851024482738	0.00151816389136422	0.0004111157878251
mprestamos_personales_tend6	0.00475583657945833	0.000568917805987744	0.000337702254284903
mprestamos_personales_min6	0.00393948423869959	0.00331045373760238	0.00107673182525621
mautoservicio	0.00387032487267546	0.0061204093476467	0.00185980951635164
mprestamos_personales_delta3	0.0037162276589438	0.000960360654775172	0.000523683205920067
Visa_Finiciomora	0.00365901562186789	0.00298151754982753	0.000381750374409021
mv_Finiciomora_avg3	0.00353479989912936	0.00185437403360375	0.000318125312007518
mprestamos_personales_delta1	0.0034122488970835	0.00709626174104527	0.00101800099842406
cpayroll_trx_min6_avg3	0.00341166060498693	0.00184110885643857	0.000621567917306996
mv_status04	0.00327322403594391	0.000576061205663136	0.000528577441489414
mactivos_margen_avg3	0.00312145939055929	0.00247549645557957	0.00207026164583354
cproductos	0.0028877350778319	0.0029903898716795	0.00137528019498635
mprestamos_personales_min6_avg3	0.00280036003738938	0.00104183378570169	0.000626462152876342
cpayroll_trx_min6	0.00279480783348954	0.0020469897062889	0.000513894734781375
ctrx_quarter_delta1	0.00277827252263879	0.0030956024715571	0.00245201202024256
Visa_mpagospesos_max6	0.00275002202602891	0.00392015571145356	0.00364131126359374
ccaja_ahorro	0.00270908854745433	0.00625646942863531	0.000832020046788892
mv_status04_delta3	0.0025969902839444	0.00191924719249573	0.000323019547576864
ccaja_ahorro_delta3	0.0025463744854289	0.00417699841127959	0.000308336840868825
mcuentas_saldo_delta1	0.00249350312027338	0.00227938552459331	0.00234433883771694
mv_Finiciomora_lag1	0.00239904122210883	0.00201536313693975	0.000386644609978367
mv_fechaalta	0.0023924126411874	0.00205583429603703	0.00323019547576864
mv_status06_tend6	0.00237425365114442	0.00195002922734271	0.0002740771918834
mpayroll_avg3	0.00237043653578141	0.000978876168407728	0.00080754886894216
mcuentas_saldo_delta5	0.00228052046835794	0.00170445608147409	0.00246180049138125
ctrx_quarter_delta1_avg3	0.00216465387971381	0.00127079844101402	0.00213388670823504
mv_mpagominimo	0.00216050018605129	0.00444681249308674	0.0024666947269506
mcuentas_saldo_delta5_avg3	0.00213521645101925	0.000711288272793524	0.00115503959436576
mpagomiscuentas	0.00205158378362289	0.0105969896085942	0.0010963087675336
Master_mfinanciacion_limite	0.00200081265706947	0.00371565737640413	0.00340149372069576
mcuentas_saldo_tend6	0.00194424545834549	0.00120306579825043	0.00140464560840242
mpayroll_delta1_avg3	0.00189809703879452	0.00234720819349645	0.00132633783929288
mcuenta_corriente	0.00188182762515818	0.00285123561591608	0.00216325212165112
mtransferencias_recibidas	0.00186455848808324	0.00262964848828444	0.000993529820577324
mcuenta_corriente_delta1	0.00184585089751392	0.00179637836141306	0.0012969724258768
ctrx_quarter_min6_delta5	0.00183723358639827	0.000831624738745095	0.00156126114662151
mv_msaldopesos_avg3	0.00181056652085864	0.00130097187063744	0.00172766515597929
ctrx_quarter_avg3	0.00178128408247947	0.00137695171835733	0.00142911678624916
mv_msaldopesos	0.0017412421232456	0.00286196794010531	0.00244711778467321
mv_cconsumos	0.00171111907267207	0.00264852538237716	0.00154657843991347
mdescubierto_preacordado	0.00167954120540745	0.0011450707640107	0.0002740771918834
mcuentas_saldo_delta1_avg3	0.00164349820510647	0.00135622255239203	0.00207026164583354
mprestamos_personales_tend6_avg6_avg3	0.00162835100550809	0.00109788149337459	0.000797760397803467
mactivos_margen	0.0016046008469858	0.00185104501781962	0.00257436790947622
Master_mfinanciacion_limite_avg6_avg3	0.00159630641506592	0.00218765020181451	0.0028043969812355
mcuentas_saldo_min6_delta3	0.00159313487234872	0.00119351071875649	0.00136059748827831
ctrx_quarter_min6_delta5_avg6_avg3	0.00158681021067533	0.00100209870944201	0.00159552079560693
Visa_mfinanciacion_limite_avg3	0.00155966230936372	0.00197158863020319	0.0024569062558119
mv_msaldototal	0.00155382095154244	0.00198638770418135	0.00200174234786269
mactivos_margen_max6_lag3_avg3	0.00149426120434145	0.00143480051171925	0.00181576139622752
numero_de_cliente	0.00147369088709332	0.00395628062318482	0.00249116590479733
mcuenta_corriente_delta5	0.00147286006179478	0.000992632492765281	0.00127739548359942
mpasivos_margen_avg6	0.00147006205458539	0.00100112928665621	0.001370385959417
mcomisiones_mantenimiento_delta5_avg3	0.00141788060515634	0.000740156529789293	0.000861385460204971
ccaja_ahorro_delta3_avg6_avg3	0.00138789067967149	0.00243653318741169	0.000298548369730132
Visa_mpagominimo_delta1	0.0013612675501252	0.00145141140397331	0.00154168420434412
Visa_fechaalta	0.00136083977201088	0.00214067697139741	0.00319593582678322
mcuenta_corriente_min6_lag3_lag5_avg6	0.00135999468121882	0.00208860782617375	0.00206047317469484
Master_Fvencimiento_lag1_avg3	0.00133540939254179	0.00134530781175246	0.00259883908732295
mrentabilidad_max6_avg6_avg3	0.00132447118161225	0.000962302389889399	0.00125292430575268
mcuenta_corriente_min6_lag3_lag5_avg6_avg3	0.00132339010028643	0.00254834171245448	0.00174234786268733
cproductos_delta1	0.00131000099554696	0.00364505417944331	0.000430692730102485
mcuenta_debitos_automaticos	0.00130579886985255	0.00345658616374045	0.00109141453196425
Visa_mfinanciacion_limite	0.00130577919320448	0.00341436499255813	0.00242264660682648
mactivos_margen_min6	0.00129454958945521	0.00225347443302032	0.00180597292508883
mcaja_ahorro_delta1	0.00127797786635915	0.00226670684952697	0.00134102054600092
mdescubierto_preacordado_delta1_avg6_avg3	0.00126893023331066	0.000940085860005262	0.000210452129481896
mcuentas_saldo_min6_delta5	0.00126138547505218	0.00101106023184993	0.00140953984397177
ctrx_quarter_min6_delta3	0.00126010174736564	0.000947266110730692	0.00135080901713961
mrentabilidad_annual_lag1_lag3_lag5	0.00125809980303113	0.00159714109541789	0.00228071377531543
Visa_mpagominimo_delta1_avg3	0.00123575376888441	0.00181473397451179	0.0015808380888989
ctrx_quarter_min6_delta3_lag5_avg6_avg3	0.00123108833243585	0.00106400269442239	0.0014437994929572
mcomisiones_otras_min6_lag3_lag5_tend6_avg3	0.00121122644295069	0.00216569275507647	0.00210941553038831
mcuenta_corriente_min6	0.00120966777927311	0.00154200017875634	0.00233944460214759
Visa_mpagominimo_delta1_avg6	0.0012090336338774	0.00248041809719227	0.00167382856471648
mcuentas_saldo_min6_delta5_avg3	0.00120294480911909	0.000661206945259895	0.00141932831511046
Visa_fultimo_cierre_avg6_delta3_avg6	0.00119845736242817	0.000865436290159953	0.00172277092040994
cproductos_tend6	0.00119640628830828	0.00259315281446114	0.000993529820577324
mcuentas_saldo_min6_lag5_avg6_avg3	0.00117944387535802	0.00106633395489243	0.00143890525738785
ctrx_quarter_delta1_avg6_avg3	0.00117783234267526	0.000809062064170979	0.00146337643523458
Master_fechaalta_lag3_lag5_avg6	0.00117295874055633	0.00155460627751843	0.0025303197893521
mcaja_ahorro_dolares_delta1	0.00117059500878317	0.00988502653378257	0.00113056841651902
cliente_antiguedad_lag3	0.00116961853978942	0.00263353353462705	0.00235412730885563
cproductos_avg6_lag3_avg6_avg3	0.00116779231750022	0.00240510299438113	0.00202621352570942
ctrx_quarter_delta3	0.00116769874771412	0.000882049584111776	0.00214856941494308
mprestamos_personales_delta1_avg6	0.00116162522429011	0.000941202386779001	0.000562837090474839
Master_Fvencimiento_lag1_lag5_avg6_avg3	0.00115518124493123	0.00113171255858376	0.0023198676598702
Visa_fechaalta_lag5	0.00114393579532256	0.00211500668755162	0.00261352179403099
Visa_mpagominimo_delta1_avg6_avg3	0.00114334724493614	0.00188308584250623	0.00178639598281144
mtarjeta_master_consumo	0.00114293731803093	0.00448523477883367	0.000871173931343664
mrentabilidad_max6_avg3	0.00113962890146803	0.000724515473112838	0.00118440500778183
mcaja_ahorro_max6	0.00113730685323689	0.00144627323429674	0.00200663658343203
ctrx_quarter_min6_delta5_avg6	0.00113629395995585	0.000903931152211139	0.00130186666144615
Visa_mfinanciacion_limite_lag3_lag5	0.00113295228370848	0.00165947749857504	0.00206536741026419
mcuentas_saldo_min6	0.00112541882827785	0.00569993297503625	0.00214856941494308
mprestamos_personales_delta5	0.00111981584610805	0.000640184359375802	0.000420904258963792
Visa_mpagospesos_tend6_lag3_lag5_tend6_avg3	0.00111724568717111	0.00208997570562891	0.00225134836189936
ctrx_quarter_delta1_avg6	0.00111159739896212	0.000974816361026389	0.00153678996877478
ccajas_transacciones_avg6_lag3_avg6	0.00110643554019873	0.00332823099185874	0.0020555789391255
Master_mfinanciacion_limite_lag5_avg6_avg3	0.00110490490048206	0.00154928809308927	0.002119204001527
chomebanking_transacciones_max6	0.00110455285403296	0.0014098400796683	0.0016444631513004
mcuentas_saldo_delta3	0.00109625825612165	0.00128075013837747	0.00215346365051243
Master_fultimo_cierre_avg6_avg6_avg3	0.00108479868226782	0.00114543173167906	0.00208494435254158
cpayroll_trx_avg6_avg3	0.00108363565851588	0.0023701470715091	0.000778183455526081
mcomisiones_mantenimiento	0.00107909235971702	0.00293231449314433	0.000890750873621049
Master_fechaalta_lag3	0.00107903432425392	0.00156830237179929	0.00229539648202347
Visa_cconsumos_max6_lag3_lag5_avg3	0.00107112147673702	0.00282911369040786	0.00177660751167275
mrentabilidad_max6_lag3_lag5	0.00106723353838769	0.00172156093541009	0.00199684811229334
chomebanking_transacciones_max6_lag3_lag5_avg6_avg3	0.001067122052869	0.00291031501669545	0.00202131929014007
chomebanking_transacciones_tend6_lag3_lag5_tend6_avg3	0.00106469366907591	0.00156524452270312	0.00216325212165112
cpayroll_trx_min6_delta3	0.00105624463828573	0.000957329674672723	0.000254500249606014
mpasivos_margen	0.00105467045823194	0.00175886751996689	0.00230518495316217
ctrx_quarter_min6_delta3_lag5_avg6	0.00104067958930655	0.00100391157846069	0.00149274184865066
Master_mpagominimo_tend6	0.00103963599398941	0.00244178194776491	0.00144869372852654
mv_fultimo_cierre_avg6_avg3	0.00103457150935933	0.00134523392201974	0.00194790575659988
mcuenta_corriente_avg3	0.00102860914021725	0.00124773050927317	0.00181086716065818
mactivos_margen_delta1_avg3	0.00102570505762576	0.002053934403001	0.00203110776127877
ccomisiones_otras_tend6_delta3_delta5_avg6_avg3	0.00102099126873707	0.00152463710478437	0.00212409823709635
ctarjeta_visa_transacciones_delta5	0.00101941406501568	0.00129377544597864	0.00151721302649739
mrentabilidad_annual_delta1_delta5_avg3	0.00101661668897538	0.00114925174454945	0.0019821654055853
mactivos_margen_lag1	0.00101494015637622	0.00124393924172287	0.00193322304989184
mcuentas_saldo_min6_delta3_avg6	0.00101397771762741	0.000848065673355952	0.0014340110218185
mcomisiones_otras_min6_lag5_avg6_avg3	0.00101357827102377	0.000893085422855703	0.00140464560840242
Master_fultimo_cierre_avg6_lag3_avg6_avg3	0.00101286525685723	0.00151666016587938	0.00194790575659988
chomebanking_transacciones_avg6_lag5	0.00101203772325459	0.0010128114823104	0.00158573232446824
mcomisiones_otras_min6_delta3_delta5_tend6_avg3	0.00100972091090144	0.000929873278222391	0.00195769422773857
mcuentas_saldo_lag1_lag3	0.00100840593468342	0.00127381411029323	0.00187938645862903
mrentabilidad_annual_delta1_avg3	0.00100571093199115	0.000943218424417747	0.00204579046798681
mcomisiones_otras_min6_lag3_lag5_avg6_avg3	0.00100411948560347	0.00120541844884116	0.00166404009357778
Visa_mpagospesos_max6_lag3_lag5_avg6_avg3	0.00100367019376187	0.00135817385677078	0.00176681904053406
cpayroll_trx_avg3	0.00100302031003888	0.000946574121562953	0.00032791378314621
Master_Fvencimiento_lag1_lag5	0.00100278964957888	0.00128224260590405	0.00194301152103053
Visa_cconsumos_tend6	0.00100259270070322	0.00116272012786123	0.00175703056939537
cliente_antiguedad_lag3_lag5	0.00100248862642749	0.0016501532822785	0.0019185403431838
mrentabilidad_avg6	0.00100045315240295	0.000877693242109858	0.00115014535879641
Master_Fvencimiento_lag1	0.00100028977810116	0.0011914891647182	0.00188917492976772
chomebanking_transacciones_tend6_lag3_delta5_avg6_avg3	0.000995097250630866	0.0010311156840664	0.00195279999216922
mvr_msaldopesos2_avg6_lag3_lag5_avg6_avg3	0.000994104998026172	0.0023010002790819	0.00216325212165112
mrentabilidad_annual_delta1	0.000994034019873352	0.00110072101313356	0.00210941553038831
Master_fultimo_cierre_avg6_lag3_lag5_avg6_avg3	0.000993580333724423	0.00108254601521185	0.00188428069419837
mcaja_ahorro_max6_lag5_avg6_avg3	0.000989900711660319	0.00198760345109389	0.00186959798749033
Visa_mpagominimo_max6_delta5_avg6_avg3	0.000987454748541257	0.000751770014371561	0.0014340110218185
mcuenta_corriente_min6_lag3_delta5_avg6_avg3	0.000986615031889154	0.00128678170209506	0.00174724209825667
Visa_mpagominimo_max6_delta5_tend6_avg3	0.000981561295661573	0.00166114589046271	0.00173745362711798
Visa_cconsumos_tend6_lag3_lag5_avg6_avg3	0.000979689903174883	0.00168083200659518	0.00197237693444661
mrentabilidad_annual_delta1_lag5_avg3	0.000977861021295455	0.000849280744790998	0.00192343457875314
mrentabilidad_max6	0.000976820165542843	0.00163917043099145	0.00166893432914713
ctarjeta_visa_transacciones_delta3_avg6	0.000973480710666888	0.000934766249568056	0.00103757794070144
mactivos_margen_lag1_avg3	0.000972644471569541	0.0029464782054848	0.00147316490637327
Visa_mpagominimo_max6_lag5_tend6	0.000971746683102815	0.00156676209547662	0.0015710496177602
mdescubierto_preacordado_tend6_avg6	0.000968445419890785	0.0011382936982971	0.000504106263642682
mactivos_margen_max6_lag3_lag5_avg6_avg3	0.000967469002216389	0.00131607817429653	0.00165914585800844
mrentabilidad_annual_lag1	0.000966887255444214	0.000914832233194688	0.0019185403431838
mcuentas_saldo_min6_lag3	0.000966163816322812	0.00147287781609856	0.00133612631043157
internet_avg6_avg6_avg3	0.000964271596763498	0.00190786749818	0.00158573232446824
mactivos_margen_max6_lag3_lag5_avg6	0.000961702650968697	0.000937862450775359	0.00150253031978935
Visa_cconsumos_max6_avg3	0.000961007751995073	0.0016201082684323	0.00185002104521295
mrentabilidad_annual_tend6_delta3_delta5_avg6_avg3	0.000959443833352253	0.00172425571535235	0.00180597292508883
ctarjeta_visa_transacciones_tend6	0.000957240152327558	0.00116549011096468	0.00124803007018334
mactivos_margen_delta5	0.000956414036174128	0.00127503026999758	0.00165425162243909
Visa_mpagospesos_max6_avg3	0.000953561740525417	0.00198361865924109	0.00198705964115465
mcuentas_saldo_min6_lag3_lag5_tend6	0.00095215153131843	0.0012218372803273	0.00181576139622752
mcuentas_saldo_min6_delta5_avg6_avg3	0.000950316277750467	0.00131831505554982	0.00159552079560693
Visa_mpagospesos_max6_lag5_avg6_avg3	0.000946183162116968	0.00110306769700641	0.00157594385332955
Visa_fultimo_cierre_avg6_delta3_delta5_avg6_avg3	0.000943609044485982	0.00101158999383914	0.0017080882137019
Visa_mpagominimo_max6_delta5	0.000943565003669495	0.0011578286951032	0.00182554986736622
Master_fechaalta_lag3_lag5_avg6_avg3	0.000937697726391561	0.0014558250865093	0.00210452129481896
ctarjeta_visa_transacciones_delta5_avg6	0.000932058924779673	0.000930615177671752	0.000993529820577324
ccomisiones_otras_tend6_lag3_lag5_tend6_avg3	0.00093097620681576	0.00118011494927549	0.00186959798749033
Visa_fultimo_cierre_tend6_delta3_lag5_tend6_avg3	0.000928510760812166	0.000899537433787796	0.00181086716065818
ccomisiones_otras_tend6_avg6	0.000921845300104365	0.00145819195965397	0.00194790575659988
ccaja_seguridad_avg6_lag3_lag5	0.000921314222012558	0.000683471133834001	6.85192979708499e-05
Master_fultimo_cierre_avg6	0.000921126590986574	0.000905984603797836	0.00170319397813256
mrentabilidad_max6_avg6	0.000917553315739253	0.000921056495631173	0.00125781854132203
mcuenta_corriente_min6_lag3_delta5_avg3	0.000916575143270205	0.00114706394799418	0.00161509773788432
Master_fultimo_cierre_avg6_lag3_tend6	0.000914987655525665	0.00122889328072006	0.00175703056939537
ctrx_quarter_delta1_lag3	0.000914669566381609	0.00185257407371055	0.00183533833850491
Visa_cconsumos_tend6_avg6	0.0009122590208634	0.0016030379013751	0.00173255939154863
Visa_fultimo_cierre_avg6_delta3_delta5_tend6_avg3	0.000912044510852722	0.00106765297480874	0.00176192480496471
mv_mpagominimo_lag1	0.000907746547673092	0.00274575582716244	0.00153189573320543
Visa_mpagospesos_tend6_lag3_lag5_avg6	0.000904751654697279	0.00117073448071418	0.00175213633382602
cliente_edad	0.000903221215132037	0.00192479909213837	0.00155147267548282
mcuentas_saldo_min6_lag3_avg3	0.000902668449977752	0.00117281104864183	0.00141932831511046
mcuenta_corriente_min6_delta3_avg6	0.000897972958305205	0.00109478975782406	0.00147316490637327
Visa_mconsumospesos_avg6_avg3	0.00089732177517847	0.00126625765612927	0.0016444631513004
ctransferencias_emitidas_avg6_lag3_lag5_avg6_avg3	0.000897101262884154	0.00125915106997738	0.0015074245553587
chomebanking_transacciones_max6_avg6_avg3	0.000893848258747791	0.00090482023070149	0.00152210726206674
Visa_fultimo_cierre_avg6_lag3_delta5_avg3	0.000893244225027067	0.000610714889882399	0.00136549172384765
Visa_mpagominimo_max6_avg3	0.000892916192974529	0.00143139122669272	0.00197727117001596
ccomisiones_otras_tend6_lag3_lag5_avg6_avg3	0.000887091754716215	0.00109104900097982	0.00188428069419837
tcallcenter_tend6	0.00088563216474259	0.00125763694964442	0.000499212028073335
Visa_fultimo_cierre_tend6_delta3_lag5_tend6	0.000884070865782913	0.00086868725076681	0.00176681904053406
Visa_mpagospesos_tend6_lag3_lag5_tend6	0.000883929092974215	0.00175335892593702	0.00174724209825667
chomebanking_transacciones_delta1	0.000883684244185923	0.00186493249739091	0.00145358796409589
Visa_mconsumospesos_avg6_avg6_avg3	0.000880382062601261	0.00132391056101746	0.00162978044459236
chomebanking_transacciones_delta1_avg3	0.000879099105219285	0.0014100864788481	0.00184023257407426
Visa_mconsumospesos_avg6_tend6_avg3	0.000877714752393208	0.00165747654660037	0.00181576139622752
ctrx_quarter_min6_delta5_tend6_avg3	0.000876846775478706	0.00132027765541335	0.00161020350231497
mrentabilidad_annual_delta3_lag5_avg3	0.00087254034895899	0.000981601645049517	0.00161999197345367
mpasivos_margen_max6_lag3_delta5_avg6_avg3	0.000872404801966407	0.00211308236474617	0.00154168420434412
cliente_edad_avg6_lag3	0.000872393847542687	0.00153095334473984	0.00158573232446824
mpasivos_margen_max6	0.000872330226540528	0.00143463997323446	0.00142911678624916
ctrx_quarter_delta1_delta5_avg3	0.000871395038589423	0.000811592552975697	0.00177171327610341
Visa_fultimo_cierre_avg6_delta5_avg6_avg3	0.000870478957091558	0.00098204318217249	0.00148784761308131
mvr_msaldopesos2_avg6_lag3_avg6_avg3	0.000870076084719557	0.00116317145940789	0.00196258846330792
mactivos_margen_tend6_tend6	0.000869108339921984	0.00164166369348086	0.00154168420434412
mrentabilidad_max6_lag5_tend6_avg3	0.000868888124182837	0.00107717867103162	0.00163956891573105
Visa_mpagospesos_max6_avg6_avg3	0.000868566279962485	0.00168845428228844	0.00167872280028582
Visa_mconsumospesos_avg6	0.000865637401914163	0.00181060005223857	0.00169829974256321
mcuentas_saldo_delta1_avg6	0.000865416815011203	0.00116939455852202	0.00146337643523458
mactivos_margen_min6_lag3_delta5_avg3	0.000864624411061385	0.00204084661373148	0.0016444631513004
mcuentas_saldo_lag1_delta3	0.00086302432262628	0.00128751226853311	0.00184023257407426
mactivos_margen_delta1	0.000862723125828433	0.00111221745247644	0.00172766515597929
mactivos_margen_max6_lag3	0.000861606262233121	0.000808854467420657	0.00160041503117628
mv_fultimo_cierre_avg3	0.000860065912171525	0.00114437551003507	0.00156126114662151
mcomisiones_otras_min6_delta3_avg6	0.000859024732703395	0.0016427795447771	0.00160041503117628
mvr_mpagominimo_avg6_lag5_avg6_avg3	0.000858455403147646	0.00159478806956188	0.00159062656003759
Visa_mpagospesos_max6_delta3	0.000855654209702673	0.00181238518915339	0.0014340110218185
mcuentas_saldo_min6_tend6	0.000854167889999662	0.000672732655294259	0.00124803007018334
Visa_fultimo_cierre_tend6_delta3_avg3	0.000852889286050603	0.00110107961663068	0.00161020350231497
mcomisiones_otras_min6_lag5	0.000851232989669723	0.00112088668076139	0.00149763608422001
ctrx_quarter_max6_lag3_delta5_tend6_avg3	0.000849919116617879	0.000931659540933042	0.00174724209825667
mrentabilidad_max6_lag3	0.000849557311828264	0.00079399111050083	0.00131654936815419
cliente_edad_min6	0.000849489689815001	0.00193500653278697	0.00155147267548282
ctrx_quarter_lag1_lag3_lag5_tend6_avg3	0.000849158738037876	0.00113826562845451	0.00165914585800844
Visa_mpagospesos_tend6_lag5_avg6_avg3	0.000848622362241179	0.000849520013930558	0.00160530926674563
ctrx_quarter_max6_lag3_delta5_tend6	0.000847072574635462	0.000848239196019272	0.00168851127142452
Visa_fultimo_cierre_avg6_lag3_lag5_avg6_avg3	0.000841952612087239	0.00182234540503859	0.00160530926674563
mcaja_ahorro_max6_lag5	0.000840300209707959	0.0021422861088981	0.00162978044459236
mactivos_margen_lag5	0.000840282502052647	0.000995803109076686	0.00163956891573105
Visa_mpagospesos_max6_lag3_lag5_tend6_avg3	0.000838056876377718	0.0014416249359106	0.00163956891573105
ccaja_seguridad_avg6	0.000838005569975745	0.00298758161151797	0.00020555789391255
mcomisiones_mantenimiento_avg6_delta3_lag5_avg6	0.000836031613206489	0.00284341253577398	0.00141443407954112
Visa_cconsumos_tend6_tend6_avg3	0.000836006967516911	0.00164845284273632	0.00181086716065818
mcomisiones_mantenimiento_delta5	0.000835857034663254	0.00141498233973638	0.000836914282358239
Visa_cconsumos_tend6_avg3	0.000834863937450256	0.00106295881900596	0.0015710496177602
mvr_msaldopesos2_avg6_delta5_avg6_avg3	0.00083404636038016	0.00109372310380542	0.00162488620902301
mcuenta_corriente_lag1_delta5	0.000832643714835596	0.00176633507378712	0.00124313583461399
ctrx_quarter_tend6_lag3_lag5_avg6	0.000831362034537126	0.00103968955744489	0.00163467468016171
Visa_mpagospesos_max6_lag3_lag5_tend6	0.00083009276204172	0.000790312122320913	0.00155147267548282
mactivos_margen_min6_delta3_delta5_avg6_avg3	0.000829455648093918	0.000856213245381644	0.00162978044459236
mvr_mpagominimo_avg6	0.000827961917799713	0.00121224625041998	0.00129207819030746
ccomisiones_otras_tend6_lag3_lag5_avg6	0.000826892948935103	0.000934432338526052	0.00172766515597929
ctransferencias_recibidas_avg6_lag3_lag5_avg6_avg3	0.000826668756019708	0.000445182787596522	0.00067051027300046
mpasivos_margen_lag3	0.000822472883312567	0.00106014646845293	0.00175213633382602
mactivos_margen_max6_lag3_lag5_tend6	0.000822173741984022	0.00100981697799271	0.00154168420434412
cliente_edad_lag3	0.000821687025427714	0.00139655073541939	0.00156615538219086
mvr_msaldopesos2_tend6_avg3	0.000820721056530405	0.00228601045776428	0.00151721302649739
Visa_cconsumos_tend6_lag3_avg6_avg3	0.000819433877480497	0.00107559655263076	0.00156126114662151
mcuenta_corriente_min6_delta5	0.000818778036400191	0.00137356303539442	0.00157594385332955
ctrx_quarter_tend6_avg6_avg3	0.000818511808436084	0.000855793248485476	0.00148784761308131
mttarjeta_visa_debitos_automaticos_delta1_tend6	0.000817671880054961	0.001923912715558	0.00105226064740948
chomebanking_transacciones_avg6_lag3_lag5	0.00081738942381306	0.00145250083659417	0.00163956891573105
mrentabilidad_min6_delta5	0.000816064396225416	0.000723254656840728	0.00155147267548282
mcomisiones_otras_min6_delta3_avg6_avg3	0.000816015082805914	0.00147689097800617	0.00156615538219086
Master_fultimo_cierre_avg6_tend6_avg3	0.000815693085117765	0.000843639907278094	0.0015074245553587
cliente_edad_avg6_lag3_avg6	0.000814996723593792	0.001296100326939	0.00156126114662151
mttarjeta_visa_debitos_automaticos_delta1_avg6_avg3	0.000814241751835029	0.00134747331755037	0.00113546265208837
Visa_mpagospesos_max6_delta3_tend6_avg3	0.000812887607261428	0.00098725876907537	0.00162488620902301
mactivos_margen_min6_lag3_lag5_tend6	0.00081240288354146	0.00112770149816169	0.00165425162243909
mcomisiones_otras_min6_lag3_lag5_avg6	0.000812217353170317	0.00181342876435761	0.00147805914194262
ctrx_quarter_min6_delta3_delta5_tend6_avg3	0.000811633625161579	0.000878034658457368	0.00156615538219086
mcuenta_corriente_delta1_tend6	0.000810200409821564	0.00163441627027114	0.00149274184865066
mrentabilidad_annual_delta1_tend6_avg3	0.000810179544471463	0.000866149369236167	0.00163956891573105
mttarjeta_visa_debitos_automaticos_delta1_avg6	0.000809648250922755	0.00126776265751604	0.00107673182525621
ctrx_quarter_min6_delta3_lag5_tend6_avg3	0.000804679785053949	0.000850270657060835	0.00160041503117628
mcuentas_saldo_min6_lag3_lag5_tend6_avg3	0.000804617154743668	0.00116341541936339	0.00163956891573105
mrentabilidad_annual_max6_lag3_lag5_tend6	0.000804086697772547	0.00133153666441653	0.00161509773788432
mrentabilidad_min6_delta3_tend6	0.000803924902210883	0.0011913230347808	0.00151721302649739
mrentabilidad_annual_lag1_avg3	0.000803136035864547	0.000813188631244802	0.00142911678624916
ccomisiones_otras_tend6_lag3_lag5_avg3	0.000800840367435953	0.00123410271327243	0.00159062656003759
ccomisiones_otras_tend6_avg3	0.000797827688648105	0.00174212250790342	0.00163956891573105
mrentabilidad_min6_avg6_avg3	0.000797233676318546	0.00132520417547463	0.00151721302649739
mrentabilidad_lag1	0.000796875764734549	0.000752933411778191	0.00172766515597929
Visa_mconsumospesos_avg6_lag5_tend6_avg3	0.000794997602647586	0.000994271276222721	0.00163956891573105
mactivos_margen_delta1_lag5_avg6_avg3	0.000794979975549242	0.000947512172171737	0.00143890525738785
Visa_cconsumos_tend6_lag3_tend6_avg3	0.000793945406589344	0.00110365502468885	0.0016444631513004
mvr_mpagominimo_min6	0.000792100165904911	0.00170719848257979	0.00146337643523458
cliente_edad_min6_avg6_avg3	0.000791624593314942	0.00149912266860743	0.00146337643523458
canarito81	0.000791082768686601	0.000765105778935033	0.00186959798749033
ctrx_quarter_max6_lag3_delta5_avg6_avg3	0.000789178229512657	0.00109721104443365	0.00157594385332955
mcaja_ahorro_avg6_avg3	0.000788366715150338	0.0014894051367758	0.00184023257407426
mcomisiones_mantenimiento_tend6	0.000786727697444544	0.000917384637491487	0.000905433580329088
mcuentas_saldo_min6_delta3_delta5_tend6	0.000786145023244787	0.000800739881212667	0.00155147267548282
mactivos_margen_min6_delta5_tend6_avg3	0.000784192416693244	0.000726426248841849	0.00154657843991347
mactivos_margen_max6_lag3_lag5_tend6_avg3	0.000781757032611674	0.00143381919302422	0.00163467468016171
canarito115	0.000781213070204541	0.00137041988850117	0.00169340550699386
chomebanking_transacciones_delta1_avg6_avg3	0.000780668894314005	0.000886131419564779	0.00153678996877478
Visa_cconsumos_max6_lag3_lag5	0.000780419967738328	0.00116630845195062	0.00148784761308131
ccomisiones_otras_tend6	0.000777440177442244	0.00300956926711067	0.00148784761308131
mcomisiones_otras_min6_lag3_lag5_avg3	0.000777159898441525	0.000737068809577212	0.00145358796409589
cliente_edad_min6_lag5_avg6_avg3	0.000776546657324423	0.00135551457692356	0.00156126114662151
ctrx_quarter_tend6_lag3_lag5_tend6	0.000776235891564642	0.0011749225162401	0.00159062656003759
Visa_fultimo_cierre_avg6_delta5_avg6	0.000774844598177225	0.000718165159070364	0.00134591478157027
mv_fechaalta_delta3_avg6_avg3	0.000770872864491988	0.0010764229242936	0.00142422255067981
ctrx_quarter_tend6_lag3_lag5_tend6_avg3	0.000769616035033096	0.000985604074370256	0.00161020350231497
mvr_msaldopesos2_avg6_lag3_lag5_tend6_avg3	0.000769600247318664	0.000909101144383064	0.00153678996877478
mactivos_margen_max6_delta3_avg6	0.000765962591540458	0.00123400799631693	0.00146337643523458
cproductos_avg6_delta3_avg6	0.000765765142990947	0.00137593707610585	0.00111588570981098
mactivos_margen_tend6_delta5_avg6_avg3	0.000765464804242822	0.000687349162715963	0.00146337643523458
canarito30	0.000765252484553047	0.000783713232560049	0.00171787668484059
Visa_mpagospesos_max6_lag5_tend6_avg3	0.000764491833305858	0.0010457158299221	0.00149274184865066
mcomisiones_otras_min6_delta3_delta5_avg6	0.000763639853459918	0.00070357150530393	0.00154657843991347
Visa_mpagospesos_tend6_lag3_lag5_avg6_avg3	0.000763602245328566	0.00259242746421042	0.00159552079560693
ctarjeta_visa_transacciones_tend6_lag5_avg6	0.000763399366433109	0.00102558964020123	0.00140953984397177
cliente_edad_min6_lag5_avg3	0.000763110762753949	0.00128543967841737	0.00133123207486223
mcuenta_corriente_min6_lag3_delta5	0.000762425151015847	0.00123383946468177	0.00141932831511046
mcuenta_corriente_min6_lag3_delta5_tend6_avg3	0.000761783629973891	0.00090063759899553	0.00147805914194262
mrentabilidad_lag1_lag3	0.000760145634938137	0.000957990141557333	0.00153189573320543
mactivos_margen_delta1_lag5	0.000760062774321374	0.000857425614906707	0.00164935738686974
Visa_mpagospesos_tend6_lag5_avg3	0.000758438805724581	0.000920174472127998	0.00160530926674563
mactivos_margen_min6_tend6	0.000757606746255873	0.000922189759236193	0.00138996290169438
mvr_msaldopesos2_tend6_delta3_tend6_avg3	0.000757542270622794	0.000833568462765282	0.00153189573320543
ctransferencias_emitidas_avg6_lag3_lag5_avg6	0.000756833291139603	0.00112735662937365	0.00121377042119791
mvr_msaldopesos2_tend6_delta3_avg6	0.00075470487027175	0.00151112323932122	0.00162488620902301
mrentabilidad_annual_max6_lag3_delta5_tend6	0.000753514878571331	0.0023715565678833	0.00145848219966523
chomebanking_transacciones_tend6_avg6	0.000753355522687641	0.00112819733617001	0.00151231879092805
mcuenta_corriente_delta3_delta5_tend6_avg3	0.000753182246219527	0.000949895481935465	0.00142911678624916
mrentabilidad_annual_delta3	0.000752161881818601	0.000702137991952105	0.00176192480496471
mvr_msaldopesos2_tend6_delta3	0.000751908662658604	0.00126247265550906	0.00146337643523458
mcuenta_corriente_min6_delta5_tend6_avg3	0.000750727890586397	0.000877265514749018	0.00140464560840242
mcuenta_corriente_min6_delta3_avg6_avg3	0.000750072335167586	0.00123981286228169	0.00135570325270896
mcuenta_corriente_delta3	0.000748919502825091	0.0016264901047579	0.00122845312790595
ctransferencias_emitidas_max6_avg6_avg3	0.000748272626118759	0.00206373010258949	0.0014340110218185
mttarjeta_visa_debitos_automaticos_delta1_avg3	0.000748076555598268	0.0018538273096241	0.0012333473634753
ctrx_quarter_min6_delta3_avg3	0.000747547862981814	0.000974195409575272	0.00136549172384765
mcuentas_saldo_delta1_tend6	0.000746993007791951	0.00104239608319027	0.00150253031978935
mrentabilidad_annual_delta3_lag5	0.000745609389969799	0.000626165987276474	0.00167382856471648
ccomisiones_otras_tend6_delta3_delta5_tend6_avg3	0.000745535228248134	0.00110930520630711	0.00159552079560693
canarito20	0.000744053393608054	0.000837987286435545	0.00162488620902301
canarito59	0.000742923688040776	0.00089865983841487	0.00174724209825667
mtarjeta_visa_consumo_delta5	0.000741804265588995	0.000816645274749077	0.00111099147424164
Visa_mpagospesos_max6_delta5_avg6	0.000740698333112164	0.000823524637776735	0.00159552079560693
mcomisiones_otras_min6	0.000739575063962517	0.00120859859689056	0.00133612631043157
ccajas_transacciones_avg6_lag3_tend6_avg3	0.00073936122676628	0.00153504876479581	0.00139975137283308
mttarjeta_visa_debitos_automaticos_tend6_delta3_delta5_tend6_avg3	0.000738524964189385	0.00171762293913713	0.00128718395473811
canarito92	0.00073827160149303	0.00077333973702711	0.00168851127142452
mcomisiones_mantenimiento_avg6_delta3_delta5_tend6_avg3	0.000737010307719286	0.000995526913834031	0.00134102054600092
mcomisiones_mantenimiento_avg6_delta3_delta5	0.000735960375369798	0.000798855186420293	0.00111588570981098
mcuenta_corriente_min6_lag3_lag5_tend6_avg3	0.000734774586420806	0.00107090052050159	0.0014340110218185
mpasivos_margen_min6_lag3_delta5_avg6_avg3	0.000733606125741595	0.000849044064981836	0.00140464560840242
mcuentas_saldo_lag1_delta3_avg6	0.000733280037335013	0.00100844609641534	0.00145358796409589
ccallcenter_transacciones_tend6	0.000733140126809423	0.00170932338467492	0.000827125811219546
Visa_cconsumos_tend6_tend6	0.000731901852339946	0.000809251685714611	0.00163467468016171
Visa_mpagospesos_max6_delta5	0.000731245012277242	0.00164949728105067	0.00148295337751197
mv_cconsumos_delta5_avg6_avg3	0.000730539610020325	0.00110909081725531	0.00129207819030746
canarito109	0.000730316603943552	0.000865042336673894	0.00171298244927125
mcaja_ahorro_min6_delta3_tend6_avg3	0.000730188998708304	0.000973077832058762	0.00140953984397177
mcaja_ahorro_max6_tend6_avg3	0.000730115236837589	0.00113275114275982	0.00152210726206674
mv_cconsumos_delta3_avg6	0.000727694096854854	0.00196952819868237	0.0011697223010738
ctrx_quarter_max6_lag3_lag5_avg6_avg3	0.000727691193005834	0.000974843267546631	0.00137528019498635
canarito123	0.000727233829111645	0.00101136374640463	0.00173255939154863
mcomisiones_otras_min6_avg6	0.000726609921479093	0.0010817561568603	0.00156126114662151
mrentabilidad_annual_delta1_delta5_tend6_avg3	0.000725713183278358	0.00150177162865958	0.00148295337751197
mpasivos_margen_lag5	0.000725593897088114	0.000974867059365088	0.00159552079560693
mtarjeta_visa_consumo_delta3	0.000724934536158896	0.00162031353853791	0.00146337643523458
ctrx_quarter_tend6_lag3_delta5_tend6_avg3	0.000724343310306056	0.00157220708204232	0.0015074245553587
mpasivos_margen_max6_tend6	0.000724130424773664	0.000833830848245804	0.00142911678624916
canarito83	0.000724106857401567	0.00075671162009691	0.00168361703585517
canarito89	0.000723801099753243	0.000629059357602453	0.00161999197345367
mcomisiones_mantenimiento_tend6_lag3_lag5_avg6_avg3	0.000723199726304433	0.00145443923184745	0.00136059748827831
mpasivos_margen_max6_lag3	0.000722684948265911	0.00229438923072611	0.00133612631043157
mcuenta_corriente_min6_lag3_lag5_tend6	0.000721448413308098	0.00096021332562807	0.00144869372852654
mcomisiones_mantenimiento_tend6_lag3_lag5_tend6_avg3	0.000717727984920949	0.00173458541742766	0.001370385959417
ccomisiones_mantenimiento_delta1_avg6_avg3	0.000715007139366501	0.000958691099565154	0.000278971427452746
ccallcenter_transacciones_tend6_delta3	0.000714936165173783	0.00143536280920783	0.00106694335411752
canarito73	0.000713654516972821	0.000746056563027878	0.00169340550699386
canarito57	0.000712912895082212	0.00104181749918874	0.00165914585800844
chomebanking_transacciones_avg6_delta5_avg3	0.000712484361951928	0.00151868644826014	0.00131654936815419
mcomisiones_mantenimiento_avg3	0.000712357648620327	0.0013465373309006	0.000763500748818042
canarito56	0.000711017098841639	0.000770176288282464	0.00162978044459236
mvr_mpagominimo_min6_avg6_avg3	0.000710556865183089	0.00114548591998482	0.00151231879092805
Visa_fultimo_cierre_avg6_delta5_avg3	0.00071014441736412	0.00108547529842468	0.00123824159904465
mtransferencias_recibidas_tend6	0.00071013371982724	0.00143466121324904	0.00099842405614667
ctrx_quarter_delta1_lag3_avg6_avg3	0.000709039842426876	0.00100318382651221	0.00146337643523458
Visa_fultimo_cierre_avg6_delta5	0.000708478444590485	0.000919327573454595	0.00131165513258484
chomebanking_transacciones_tend6_lag3_lag5_avg6_avg3	0.000708141251327968	0.000880121020808714	0.00142422255067981
canarito78	0.000708131118497383	0.000616951160807695	0.00156126114662151
canarito17	0.000707133943137718	0.00118968781634348	0.00169829974256321
canarito76	0.000706869204123247	0.000710033573345402	0.00162978044459236
Visa_mpagominimo_delta1_tend6	0.000706346800945046	0.00144137549708207	0.00119908771448987
mcomisiones_otras_min6_avg3	0.000706008469186797	0.000918270638806581	0.00132144360372353
mvr_msaldopesos2_tend6	0.000704782565880988	0.00216384892667258	0.0011599338299351
canarito116	0.000703601776160041	0.000750696267839211	0.00160041503117628
mvr_msaldopesos2_avg6_avg3	0.000703307105700121	0.00122685709133603	0.00144869372852654
canarito33	0.000702935980737754	0.000744600008388147	0.00167382856471648
Visa_fultimo_cierre_avg6_tend6_avg3	0.000702686872959735	0.000739168118580557	0.00129207819030746
Visa_mpagominimo_max6	0.000701702231356323	0.00106853000728376	0.00179618445395014
mtransferencias_recibidas_max6_delta5_avg6_avg3	0.000701224663434476	0.0027600912608929	0.00132144360372353
canarito87	0.000700311832490173	0.00071080748292275	0.00163467468016171
Visa_mpagominimo_max6_tend6	0.000699911399817903	0.000958593943385366	0.00149274184865066
mpasivos_margen_max6_lag3_tend6_avg3	0.000699891638656392	0.000768576494887133	0.00133612631043157
canarito11	0.000699565171787171	0.00100632941262975	0.0015710496177602
Visa_mpagospesos_max6_delta3_avg6	0.000699427198608014	0.00186083677712272	0.00151231879092805
canarito118	0.000698950723268339	0.000846450156345584	0.00172766515597929
mcuentas_saldo_delta3_avg3	0.000698765363535342	0.00150804324957381	0.00134102054600092
canarito43	0.000693871749388792	0.000708584824223398	0.00155636691105216
Visa_mpagominimo_delta1_delta3	0.000693587035798933	0.00105717995892478	0.00136549172384765
mcuenta_corriente_delta1_avg6	0.000693565137582195	0.0009481996956827	0.00107673182525621
mcomisiones_mantenimiento_delta3_delta5_tend6_avg3	0.000692670735862969	0.000917065136636057	0.00126760701246072
mcuentas_saldo_min6_avg3	0.000692670311311294	0.000882011569739384	0.00124313583461399
mpayroll_lag3	0.000692662408040738	0.000722679562806259	0.000797760397803467
canarito35	0.000691928755118878	0.000924531226921719	0.00165914585800844
mrentabilidad_annual_min6_delta5_avg6_avg3	0.000691355020444388	0.000718210678748264	0.0010963087675336
mrentabilidad_lag1_delta3_avg3	0.000690832077441755	0.00107067269695293	0.00152210726206674
canarito79	0.000689296225885353	0.00116035839585084	0.00163956891573105
canarito91	0.000689176726623039	0.000902997154467328	0.00162978044459236
canarito51	0.000686813940944322	0.000956825543301822	0.00154168420434412
mprestamos_personales_delta1_tend6	0.000686379842710935	0.00139621284656547	0.000636250624015035
mcaja_ahorro_delta5_tend6	0.000686282138775987	0.00196796199152918	0.00141932831511046
mrentabilidad_annual_tend6_delta3_avg6	0.000685834376265562	0.000879072642208978	0.00125781854132203
mv_fultimo_cierre_tend6	0.000684376172358233	0.00100307135950919	0.00092990475817582
canarito14	0.00068350331671003	0.00060523718018469	0.00151721302649739
chomebanking_transacciones_delta1_lag5_tend6_avg3	0.000682893877969829	0.000984003643023957	0.00142911678624916
mrentabilidad_annual_delta1_lag5	0.000680974580067554	0.000664692746876064	0.00140464560840242
mcuentas_saldo_min6_avg6	0.000680973273000256	0.000473497190572407	0.00100821252728536
mcuenta_corriente_delta3_tend6_avg3	0.000680715766153776	0.00110133149468349	0.00134102054600092
mcomisiones_mantenimiento_max6	0.000680213828587479	0.00151444553785692	0.0011599338299351
ctrx_quarter_delta1_delta5_avg6_avg3	0.000679606542398125	0.00109450245472926	0.00135570325270896
canarito88	0.000678820627784889	0.000714450670795399	0.00159552079560693
mrentabilidad_max6_tend6	0.000678757025740835	0.000878298394892882	0.00138996290169438
Visa_cconsumos_max6_lag5_tend6	0.000678514098078019	0.000786251114090692	0.00131654936815419
ctrx_quarter_min6_delta3_avg6_avg3	0.000678429183190294	0.00076346080360055	0.00125292430575268
Visa_mpagospesos_tend6_lag5_tend6	0.000677156242899557	0.000844539830934903	0.00149274184865066
ccomisiones_otras_tend6_tend6	0.000676984590002789	0.00135381282395292	0.00145848219966523
mes	0.000674103933052535	0.000562626521173083	0.0010326837051321
mactivos_margen_delta1_lag5_avg3	0.000673080942748306	0.000715354309578434	0.00155147267548282
mcaja_ahorro_min6_delta3_avg6	0.00067141370295396	0.00130349710572831	0.00146337643523458
canarito39	0.000671382242221125	0.000704788453065352	0.00148784761308131
Visa_cconsumos_max6_lag5_tend6_avg3	0.000669603971136161	0.00125573146515579	0.00137528019498635
canarito117	0.00066910503061642	0.0012078308041372	0.00154657843991347
canarito69	0.000669039192097335	0.000879714233250238	0.00153189573320543
cproductos_delta1_avg3	0.000667971927034671	0.00158552599719493	0.000293654134160785
canarito34	0.000667943896130971	0.00165432484365884	0.00154168420434412
canarito114	0.000666574287218927	0.000588017720233598	0.00152700149763608
canarito70	0.000666264082822995	0.000779157924909142	0.00160530926674563
canarito99	0.000663838715793304	0.000628055973309231	0.00155147267548282
canarito71	0.000663708270303778	0.000940136295658268	0.00156615538219086
canarito46	0.000661965880656971	0.000691220737035188	0.00156126114662151
Visa_mconsumospesos_avg6_lag5_tend6	0.000661897684308735	0.000647445367188487	0.00124313583461399
canarito77	0.000661255645007342	0.000861700411764293	0.00154657843991347
ctransferencias_emitidas_max6_avg6	0.000661034013771113	0.00100898223791423	0.0011599338299351
mrentabilidad_annual_min6_delta5_avg6	0.000660416258795299	0.000795787092582113	0.00121377042119791
cliente_edad_avg6_lag3_tend6	0.000660291615312633	0.000688524756244042	0.00127739548359942
canarito3	0.00066018863244696	0.000891867649510675	0.00159552079560693
ctrx_quarter_delta3_tend6	0.000659952378007573	0.000781727779041245	0.00135080901713961
mcomisiones_mantenimiento_max6_avg6_avg3	0.000659779573598756	0.00116066671380106	0.00138506866612504
ctrx_quarter_delta1_delta5_tend6_avg3	0.000659525667252206	0.000902984207815329	0.0012969724258768
mttarjeta_visa_debitos_automaticos_tend6_delta5_tend6_avg3	0.0006590555906743	0.00131068261016759	0.00113056841651902
mrentabilidad_lag1_delta3_avg6_avg3	0.000658773061696972	0.00165509466284468	0.00126271277689138
canarito58	0.000658120915979827	0.000994553325603671	0.00149763608422001
mrentabilidad_max6_lag3_avg3	0.000657968809616334	0.00103757839005884	0.00112077994538033
mpasivos_margen_max6_lag3_delta5_avg3	0.000657369785848352	0.00115360242004571	0.00121377042119791
canarito111	0.000656460881240508	0.00089440534340868	0.00148295337751197
ctarjeta_visa_transacciones_delta5_avg6_avg3	0.000656257816261371	0.00139121709006089	0.00118929924335118
mcuentas_saldo_lag1_delta3_delta5_avg6	0.000655084935668201	0.00189258545779247	0.00135080901713961
mv_fultimo_cierre	0.000654382558789041	0.00185706915128477	0.00139485713726373
canarito16	0.000653443360377247	0.00109199204261677	0.00151721302649739
mcomisiones_mantenimiento_avg6_delta5_avg6_avg3	0.000653258761420874	0.000917342232515373	0.00113056841651902
mcomisiones_mantenimiento_avg6_tend6	0.000652400599260989	0.000804161962785083	0.00099842405614667
mcaja_ahorro_delta1_tend6_avg3	0.000651115942575248	0.000958794597728094	0.00134591478157027
canarito5	0.000649978064034047	0.000921138791306056	0.00141932831511046
mv_cconsumos_delta3	0.000647753467328256	0.00126587811282978	0.000871173931343664
canarito120	0.000647389313255942	0.000745812265333627	0.0014437994929572
mcaja_ahorro_dolares_max6_lag3_delta5_avg6_avg3	0.000646718392943591	0.00277508134489622	0.00130186666144615
canarito9	0.000646478322146501	0.000707920379526869	0.00158573232446824
canarito100	0.000646063142190505	0.00101851318785096	0.00152210726206674
ctarjeta_visa_debitos_automaticos_tend6_avg6_avg3	0.000644865578774371	0.00070295456919126	0.00087606816691301
ccomisiones_otras_tend6_lag3_lag5	0.000644815739862457	0.00127094884733638	0.0013067608970155
Visa_cconsumos_max6_tend6_avg3	0.000643988164171051	0.00128302375810121	0.00138017443055569
canarito101	0.000643482926792443	0.000611604306111499	0.00147316490637327
canarito96	0.000642926417080064	0.000697632632109346	0.00142911678624916
canarito25	0.000642862609488889	0.000560259497922305	0.00153678996877478
chomebanking_transacciones_max6_lag3_lag5_tend6_avg3	0.000642689813060918	0.000950255849179381	0.00128718395473811
mcuentas_saldo_min6_delta3_delta5	0.000641993681647968	0.00105027642881339	0.00138017443055569
Visa_mpagospesos_max6_delta5_tend6_avg3	0.00064171011573775	0.000824641127023946	0.00132633783929288
mcuenta_corriente_min6_lag3_tend6	0.000641616611348326	0.00114839606466861	0.00121866465676726
cliente_edad_min6_lag5_avg6	0.000641441510006645	0.00107708954552872	0.00121866465676726
mpasivos_margen_delta5	0.000641232638707033	0.00094664876182622	0.00139485713726373
canarito60	0.000641009773986432	0.000538458424224505	0.00149763608422001
canarito47	0.000640756947661523	0.00079120401530083	0.00136549172384765
canarito102	0.000640595173325059	0.000592607552289838	0.00145358796409589
canarito104	0.000640562031065184	0.0011423520796704	0.00148784761308131
canarito49	0.000640539633067414	0.00108707434128946	0.00148295337751197
cliente_edad_min6_lag5	0.000639516092172714	0.00116255407297689	0.00118929924335118
canarito110	0.00063906129452251	0.000712912120693005	0.00146827067080393
canarito31	0.000638669718932294	0.000955531591105899	0.00147316490637327
canarito40	0.000638033589324711	0.00063492587965195	0.00149274184865066
chomebanking_transacciones_tend6_lag3_delta5_tend6	0.000637643068942195	0.00127606656505545	0.00141443407954112
mrentabilidad_annual_avg6_delta3_lag5_tend6	0.00063590191501788	0.00113867061473966	0.00125292430575268
canarito61	0.000635739724095314	0.00065494204159409	0.00138506866612504
chomebanking_transacciones_delta1_lag5_avg3	0.00063547339895843	0.00079349853730041	0.00131165513258484
canarito105	0.000635286888437334	0.000584953679260392	0.001370385959417
mactivos_margen_max6_lag3_avg6_avg3	0.000634981590423677	0.000494896805478641	0.00112567418094968
canarito15	0.000633868111089226	0.00101916626200965	0.00150253031978935
ctrx_quarter_tend6_lag3_lag5	0.000633320622015439	0.000814356982153067	0.0013067608970155
mcomisiones_mantenimiento_delta3_delta5_tend6	0.000632675669933564	0.00065930994176649	0.00114525112322706
canarito44	0.000632369356444009	0.000586957070459358	0.00146827067080393
mcomisiones_mantenimiento_avg6_delta3	0.00063133488978598	0.00131980332010531	0.000993529820577324
canarito66	0.000630109090827408	0.000845995334831864	0.00142911678624916
canarito23	0.000627934125026601	0.000847588936350151	0.00146827067080393
canarito75	0.000627336300633226	0.000654558107690883	0.00149763608422001
canarito90	0.000627161733093671	0.000597916993038082	0.00146337643523458
mcaja_ahorro_dolares_delta1_avg6	0.0006268258547957	0.00311657961281635	0.00112077994538033
canarito54	0.000626504950518892	0.00086043933280649	0.0014437994929572
mvr_mpagominimo_avg6_delta5_avg6_avg3	0.000626415976633155	0.000809587210397299	0.0012969724258768
canarito103	0.000626399317699626	0.000908713195141411	0.0014340110218185
Visa_cconsumos_max6_lag3_lag5_tend6	0.000626330648670272	0.0023270538213534	0.00128718395473811
ctrx_quarter_delta1_lag3_delta5_avg6	0.000625714190790513	0.00098276864500279	0.00135080901713961
canarito67	0.000625591820679026	0.000780480397265992	0.00146827067080393
ccaja_seguridad	0.000625538137770923	0.00266171959687877	0.000166404009357778
Visa_fechaalta_tend6	0.000625022347045651	0.00171634658688262	0.00105226064740948
mcaja_ahorro_min6_delta3_tend6	0.000624985686002889	0.000962016850541387	0.00126271277689138
mrentabilidad_lag1_delta3	0.000624713594116716	0.000972990958147519	0.00152700149763608
canarito64	0.000624364246243847	0.000615100389996213	0.00144869372852654
canarito119	0.00062416845270081	0.000546995559132534	0.00147805914194262
canarito93	0.000622717100376287	0.000668426148520907	0.00148784761308131
chomebanking_transacciones_delta1_tend6_avg3	0.000621602078604773	0.000730350810617953	0.00119908771448987
cliente_edad_avg6_tend6	0.000619439972567083	0.00133376926764567	0.00127739548359942
mvr_mpagominimo_avg6_delta3_delta5_tend6_avg3	0.000618160859627343	0.00169199577327147	0.00138506866612504
mcuentas_saldo_avg6_delta3_delta5_avg3	0.000616067662809733	0.000864470394867738	0.0012333473634753
mcomisiones_mantenimiento_avg6_avg6_avg3	0.000615295090977694	0.00109888536551267	0.00118440500778183
canarito29	0.00061522833239889	0.000483012829685904	0.00137528019498635
mactivos_margen_lag1_tend6	0.000615165956888939	0.000909006427427567	0.00121866465676726
mactivos_margen_delta1_lag5_avg6	0.00061433381572888	0.00109874464103441	0.00121866465676726
canarito12	0.000614037243689429	0.000919152211991426	0.00145848219966523
mcaja_ahorro_min6_delta3_avg3	0.000612860166774309	0.000888163330924672	0.00122845312790595
canarito62	0.000611007129336553	0.000661766315679327	0.00143890525738785
chomebanking_transacciones_delta1_delta5	0.000610872096521472	0.000820374135684088	0.00142911678624916
Visa_mpagospesos_max6_tend6_avg3	0.000610751830168035	0.000613102740355959	0.0012333473634753
canarito4	0.00061014720359061	0.000499142444224333	0.00136059748827831
ctarjeta_visa_transacciones_tend6_lag5_tend6_avg3	0.000608347745163697	0.000847361300434126	0.00118440500778183
ccallcenter_transacciones_tend6_delta3_avg6_avg3	0.000608058374393882	0.00102201651435549	0.00118440500778183
mcomisiones_mantenimiento_delta3	0.000607550477947558	0.00203072826105925	0.000680298744139153
canarito122	0.000606462283828949	0.0010092967477415	0.00136059748827831
canarito37	0.000604179493888649	0.000624020220432041	0.00144869372852654
canarito52	0.000604057102470123	0.000536640976969473	0.0014437994929572
canarito7	0.000603451172563315	0.00105834557039654	0.00139975137283308
mplazo_fijo_dolares	0.000602773377239089	0.00351254594675934	0.000215346365051243
mcuenta_corriente_delta5_avg3	0.000602316336488047	0.00108414847299064	0.00120398195005922
canarito13	0.000602292721936383	0.00057089609193979	0.00132633783929288
ccajas_transacciones_avg6_delta3_tend6	0.000601016380903381	0.000811233874425521	0.00114525112322706
canarito27	0.000600663141289118	0.000569103975090844	0.00139975137283308
mrentabilidad_annual_tend6_delta3_delta5_avg3	0.000600518162775067	0.000783771886522586	0.00131654936815419
cproductos_delta1_avg6	0.000597088618881146	0.00113358498220164	0.00053347167705876
canarito98	0.000596617352512865	0.000737834013000172	0.00136059748827831
canarito6	0.000595662374690662	0.000748692689007607	0.00134591478157027
mpasivos_margen_lag3_lag5	0.000595087110357894	0.000652836765872867	0.00131165513258484
chomebanking_transacciones_delta1_lag5	0.000593305872206632	0.000746622500589629	0.000822231575650199
canarito8	0.000593200769570501	0.00122549191379085	0.00135570325270896
canarito50	0.00059300091319836	0.000540382559397318	0.00143890525738785
canarito63	0.000591970136133228	0.00103287008675518	0.00139485713726373
canarito19	0.000591714305260927	0.000449538491647473	0.00134102054600092
mtransferencias_recibidas_max6_delta5	0.000591581594328815	0.0013404978490857	0.00108162606082556
chomebanking_transacciones_tend6_lag3_lag5_avg3	0.000591210439515348	0.000889305413263662	0.00111588570981098
canarito85	0.000588909134719577	0.0011402082642054	0.00136549172384765
ccomisiones_mantenimiento_delta1_avg6	0.000588055281959938	0.000859983910868329	0.000225134836189936
mtransferencias_emitidas_max6_lag5_avg6_avg3	0.000588008078443327	0.000778355345064758	0.00121866465676726
canarito18	0.000587795746086203	0.00100035567729108	0.00136549172384765
canarito42	0.000585764432494961	0.000778983013764303	0.00141932831511046
chomebanking_transacciones_tend6_lag3_lag5_avg6	0.000585521181476078	0.000709568619669247	0.00119419347892053
canarito2	0.000585091270564142	0.000613602556176193	0.00140464560840242
canarito68	0.000583871481316076	0.000652527772445147	0.00141932831511046
tcallcenter_tend6_delta5_avg6_avg3	0.000583719816212882	0.000985339549877664	0.00114525112322706
canarito22	0.000582322388032249	0.000653766973437397	0.00144869372852654
canarito108	0.000581196574791193	0.000689243239140221	0.00134102054600092
mpasivos_margen_delta5_avg3	0.000579693639317612	0.000898627077756332	0.00119908771448987
mcomisiones_mantenimiento_tend6_lag3_lag5_avg6	0.000579467351829089	0.00132643324430445	0.00105715488297883
canarito94	0.000579401269700161	0.000644063213841369	0.00138017443055569
canarito121	0.000578854060039708	0.00060643041118071	0.00138506866612504
canarito107	0.000577987277012431	0.000543960751324277	0.00142422255067981
canarito24	0.000577876819042395	0.000517174691235297	0.00125781854132203
mv_cconsumos_tend6	0.000576985764089195	0.00124088075467574	0.000832020046788892
mprestamos_personales_min6_delta3	0.000576609378052053	0.000771049680684306	0.000381750374409021
canarito55	0.000576326591054172	0.000612459498147487	0.00129207819030746
canarito10	0.000575968480153816	0.000604760293072779	0.00139975137283308
ccallcenter_transacciones_tend6_delta3_avg6	0.00057579987481978	0.00258743902537871	0.00118440500778183
Master_fechaalta_tend6	0.000572623975427067	0.00122640575978937	0.0010963087675336
ctransferencias_recibidas_avg6_lag3_lag5_avg6	0.000570895734918641	0.000420220967064058	0.000557942854905492
cproductos_avg6_delta3_avg6_avg3	0.000567259728100049	0.00126240664634713	0.000959270171591899
canarito65	0.000567001974322537	0.000655162434890302	0.00139485713726373
mrentabilidad_lag1_avg3	0.000566860060472466	0.000778894563738904	0.00106694335411752
canarito41	0.000566572743370703	0.00057000851451054	0.00128718395473811
mcuenta_corriente_delta3_tend6	0.000565425766031471	0.000661460999851305	0.00107673182525621
Visa_mpagospesos_max6_delta5_avg3	0.00056490473953528	0.000654190760512846	0.00122355889233661
mpasivos_margen_lag5_tend6_avg3	0.00056407685216228	0.000736833255563877	0.00110609723867229
canarito95	0.000561994079552549	0.000584505049623715	0.00132633783929288
chomebanking_transacciones_delta1_delta5_tend6	0.000561826128967165	0.000610542455488378	0.00116482806550445
canarito72	0.00056180109264657	0.000912388430668575	0.00131165513258484
mcuentas_saldo_delta1_avg6_avg3	0.000558576000505051	0.00061540319154689	0.0011697223010738
thomebanking_tend6_delta5_tend6	0.000558253924774644	0.00109225228908522	0.00105715488297883
canarito38	0.000557586446617922	0.000571862437550336	0.00132633783929288
ctarjeta_visa_transacciones_tend6_lag5_avg3	0.000555544557181602	0.000787718288737716	0.00110609723867229
ccajas_transacciones_avg6_delta3_avg6	0.000555254141569675	0.00143743622490718	0.00110609723867229
canarito106	0.000554827902269739	0.00047300030182132	0.0013067608970155
mtransferencias_emitidas_max6_delta5	0.000554635180641144	0.00165818287090162	0.00117461653664314
chomebanking_transacciones_delta1_avg6	0.000554463401691606	0.00114514270236399	0.000993529820577324
canarito32	0.000548533624450207	0.000551786721008997	0.00131165513258484
tcallcenter_tend6_delta5_avg6	0.000548527387625913	0.000865005297991217	0.00115014535879641
canarito97	0.000547098127730476	0.000524857647323583	0.00126760701246072
ctarjeta_visa_transacciones_delta3	0.000545359239919359	0.00186781468481168	0.00094458746488386
mtransferencias_emitidas_max6_delta5_avg6_avg3	0.000545272553867279	0.00156629357678035	0.00117951077221249
mcuenta_debitos_automaticos_delta5_avg6	0.000544980514179661	0.00160293785565269	0.000714558393124578
chomebanking_transacciones_tend6	0.00054493821629923	0.000996093827085498	0.000939693229314513
chomebanking_transacciones_max6_lag3_lag5_tend6	0.000544343422108885	0.000901751273753177	0.00114525112322706
canarito45	0.000544075199722698	0.000911494886521446	0.00135080901713961
canarito48	0.000543441759991739	0.000600083324419604	0.0013067608970155
mv_msaldopesos_lag1_delta5_avg6_avg3	0.000541621449257269	0.000768142913387997	0.00099842405614667
mcomisiones_mantenimiento_tend6_avg6	0.000541309653940335	0.000643095779961525	0.000856491224635624
canarito82	0.000540582115902266	0.000478986383387542	0.00135080901713961
ctrx_quarter_delta1_lag3_tend6	0.000540392997242918	0.00139060188016849	0.00116482806550445
cpagomiscuentas_tend6_avg6	0.000538384717846169	0.00157519164183021	0.00094458746488386
canarito86	0.000538081810942877	0.000663923978432989	0.00135080901713961
mcuentas_saldo_lag1_lag3_avg3	0.000537584719824648	0.00063289985995688	0.000978847113869285
canarito36	0.000536849961472251	0.000727340470105649	0.00119419347892053
ccomisiones_otras_tend6_delta3_delta5_avg6	0.000532744884235766	0.00071059954843368	0.00115503959436576
mpayroll_delta1	0.000532503808007818	0.00308914396853574	0.000783077691095428
thomebanking_tend6_avg6_avg3	0.000531803911693336	0.000937032213880182	0.000988635585007978
mcomisiones_mantenimiento_avg6	0.000531787934676877	0.00125931712486173	0.000871173931343664
canarito53	0.000528359900375977	0.000498790482922585	0.00121866465676726
ccajas_transacciones_tend6_avg6	0.000528187316951149	0.000972397326008448	0.00104247217627079
mactivos_margen_max6_delta3	0.00052795230105583	0.000583669784173848	0.00099842405614667
mrentabilidad_annual_delta3_tend6_avg3	0.000527933641725465	0.000594848148669351	0.00112567418094968
canarito112	0.000526476609740836	0.000689384564042916	0.00121377042119791
internet_avg6_tend6	0.000524584897815086	0.00100315444324115	0.000694981450847192
ccallcenter_transacciones_tend6_delta3_lag5_avg6	0.000523012859342581	0.00116023478346914	0.00113546265208837
canarito74	0.000522763655375916	0.000495416848097217	0.00125781854132203
internet_avg6_delta5_avg6_avg3	0.000521803010359422	0.00118748827398509	0.000792866162234121
canarito1	0.000520744969075176	0.000438108549311377	0.00116482806550445
mcomisiones_mantenimiento_tend6_lag3_tend6_avg3	0.00052043691398224	0.000776892973813259	0.00100821252728536
ccajas_transacciones_tend6_avg6_avg3	0.000518510344513379	0.00102132505055913	0.00105226064740948
canarito80	0.000517788498921435	0.000398199950388377	0.00119908771448987
ctransferencias_emitidas_avg6_lag3_delta5_tend6_avg3	0.000517412399853793	0.00112889960760629	0.00103757794070144
canarito21	0.000516943161035966	0.000491020915608749	0.0012969724258768
tcallcenter_tend6_avg6_avg3	0.000516341896974226	0.000721428390851725	0.000939693229314513
mrentabilidad_lag1_delta3_tend6_avg3	0.000515812464854932	0.000732894321127727	0.00110120300310295
Visa_mpagospesos_max6_delta3_avg3	0.000514412738350074	0.00129599052431943	0.00117461653664314
canarito28	0.000513776181276845	0.000703986698804573	0.00119908771448987
mv_fechaalta_tend6	0.000513675334725333	0.000536556204543772	0.000915222051467781
ctransferencias_emitidas_avg6_lag3_delta5_tend6	0.000512316936634537	0.000886796164473528	0.00106694335411752
canarito84	0.00051212410982018	0.000498251226721911	0.00114035688765772
ctransferencias_recibidas_avg6_delta3_tend6_avg3	0.000509574800656728	0.000815993589071909	0.0010326837051321
thomebanking_tend6_tend6	0.000508794847103353	0.000788099145465665	0.000910327815898435
chomebanking_transacciones_delta1_lag5_avg6_avg3	0.000508710123180637	0.000680359884489156	0.00106204911854817
ctransferencias_emitidas_max6	0.000506438771215118	0.00338146694940305	0.000959270171591899
mtransferencias_recibidas_max6_lag5	0.000505378990259001	0.00169319084306734	0.000841808517927585
mcomisiones_mantenimiento_avg6_delta3_delta5_avg6	0.000501762804738799	0.000652681143363181	0.00103757794070144
ctarjeta_visa_transacciones_tend6_avg3	0.000492002653730122	0.000616740524408643	0.000915222051467781
mpasivos_margen_lag3_lag5_tend6	0.000490144621429804	0.000581890989242176	0.00104247217627079
canarito26	0.000487985713074542	0.000842766177137504	0.00124313583461399
mv_cconsumos_tend6_avg3	0.000482279039567687	0.000996113415932871	0.000925010522606474
ccomisiones_mantenimiento_tend6_avg6_avg3	0.000477672017333241	0.00149096924244344	0.000719452628693924
canarito113	0.000477598962347425	0.000544650076108562	0.00115503959436576
ccomisiones_mantenimiento_tend6	0.00047754286365082	0.00159957348987963	0.000367067667700982
ccomisiones_mantenimiento_tend6_avg3	0.000476213544132876	0.00179455933804387	0.000362173432131635
internet_avg6_delta5_avg6	0.000476152403324176	0.00168520028203285	0.000724346864263271
ccajas_transacciones_tend6_avg3	0.000475509390764995	0.000917840809960199	0.000969058642730592
ccomisiones_mantenimiento_delta1	0.000469220800749708	0.00125644146705674	0.000185980951635164
mcaja_ahorro_delta1_tend6	0.000467704424060631	0.000876159270243823	0.000905433580329088
mprestamos_personales_delta3_avg6	0.000467440978282603	0.00100055539347062	0.000425798494533139
thomebanking_tend6_delta5_tend6_avg3	0.0004600741510496	0.0009342242914574	0.000880962402482356
ccajas_transacciones_tend6_tend6	0.000457761494107029	0.000658858572693302	0.000949481700453206
tcallcenter_tend6_avg6	0.00045664338018499	0.000829432626639157	0.000861385460204971
mv_status07_tend6	0.000454996501965082	0.000722349854735339	0.000195769422773857
thomebanking_tend6	0.000453205198806722	0.00122574852018613	0.000543260148197453
internet_avg6_delta5_tend6_avg3	0.000452482759701158	0.00109385485944359	0.000812443104511506
tcallcenter_tend6_tend6_avg3	0.000450884225456047	0.000757960465406737	0.000841808517927585
ccajas_transacciones_tend6_tend6_avg3	0.000448903580210614	0.000718471150375882	0.000934798993745167
mplazo_fijo_dolares_delta5	0.000445883936312506	0.00275124074195343	0.00025939448517536
mrentabilidad_lag1_lag3_avg3	0.000441069793233777	0.000747687540967591	0.000802654633372814
cpagomiscuentas_tend6	0.000440004619142542	0.00202617524252652	0.000856491224635624
ctransferencias_emitidas_max6_tend6_avg3	0.000439431916220567	0.000924126053003927	0.000851596989066278
mtransferencias_emitidas_max6_delta3	0.000435399806891479	0.0013344203528984	0.000871173931343664
mprestamos_personales_delta5_tend6	0.000429061419568677	0.00135130702760332	0.000562837090474839
ccomisiones_mantenimiento_tend6_avg6	0.000424751997969813	0.00134793470620641	0.000646039095153728
mcuenta_debitos_automaticos_tend6	0.000424593860301758	0.00193309125387466	0.000646039095153728
ctransferencias_recibidas_avg6_lag3_delta5_avg6	0.000424581216050356	0.000610612930307088	0.000832020046788892
mtransferencias_recibidas_delta5	0.000422037271331493	0.00166860379996537	0.000631356388445689
mdescubierto_preacordado_delta1_tend6	0.000414885402342914	0.00206695535752498	0.000234923307328628
thomebanking_tend6_avg3	0.000409291835948093	0.000981252535763862	0.000655827566292421
cproductos_avg6_delta3	0.000401657085604245	0.00103583603338541	0.000778183455526081
mdescubierto_preacordado_delta3_avg6	0.000399230314691561	0.00107096776803894	0.000264288720744707
ccallcenter_transacciones_delta1_avg6_avg3	0.00038891160161817	0.000928229841475537	0.000631356388445689
mprestamos_personales_min6_delta3_tend6	0.000385801582848098	0.000972654195089423	0.000484529321365296
mtransferencias_recibidas_max6_delta5_tend6_avg3	0.000383025316791139	0.000618619102377029	0.000719452628693924
mcuenta_debitos_automaticos_delta5_avg3	0.000379952436561558	0.000656728004092521	0.000513894734781375
mprestamos_personales_min6_delta5	0.000378554268537855	0.000306441436215567	0.00032791378314621
ccomisiones_mantenimiento_delta1_tend6	0.000377334271584434	0.00180097881347659	0.000499212028073335
chomebanking_transacciones_delta1_lag5_tend6	0.000372102583144655	0.000476596356375386	0.000949481700453206
cproductos_delta1_tend6	0.000371096637538014	0.000671005496864476	0.000616673681737649
mpayroll_avg6_avg6_avg3	0.000368477820682158	0.00103441936944445	0.000988635585007978
ccajas_transacciones_tend6	0.00036297585499712	0.00174223103462105	0.000690087215277846
mpayroll_avg6	0.000360151522351529	0.00107683999412062	0.000890750873621049
mcuenta_debitos_automaticos_delta5	0.000356099447917656	0.00150336586812883	0.000504106263642682
mcuenta_debitos_automaticos_tend6_tend6_avg3	0.000355722040991835	0.000768767617491867	0.000729241099832617
mv_cconsumos_delta3_avg3	0.000341700102839323	0.000670559193872506	0.000714558393124578
mtarjeta_master_consumo_delta5	0.000338562548137704	0.00126227447791715	0.000582414032752224
mtarjeta_master_consumo_tend6	0.000315532715949097	0.00120914764751492	0.000513894734781375
cpayroll_trx_min6_delta3_tend6	0.000314416459780037	0.00165834359701905	0.000308336840868825
mdescubierto_preacordado_tend6	0.000296182431776074	0.000870370465632851	0.000190875187204511
cpayroll_trx_min6_delta3_delta5_tend6_avg3	0.000288613966542759	0.00206103363395348	0.000474740850226603
mdescubierto_preacordado_tend6_avg3	0.000272660934265958	0.000760736340175005	0.000181086716065818
thomebanking_max6_avg6_avg3	0.000270780977020112	0.000477097673256722	0.0004111157878251
mprestamos_personales_min6_delta5_tend6	0.000261349671776277	0.000430287870867039	0.000416010023394446
cpayroll_trx_min6_delta3_delta5_tend6	0.000260589456566958	0.00101146551834731	0.000416010023394446
mplazo_fijo_dolares_delta3_avg6	0.000254679589125008	0.00248917303606611	0.000352384960992943
ccajas_transacciones_avg6_delta3	0.000228511708610748	0.000936473443885191	0.00047963508579595
thomebanking_max6_avg6	0.000212562392990457	0.000282161059896605	0.000298548369730132
mv_status06_tend6_avg6_avg3	0.000189170780735785	0.000407735516087995	0.000254500249606014
mplazo_fijo_dolares_delta3	0.000188490788508551	0.00184440710047012	0.000210452129481896
thomebanking_max6	0.000164449667867234	0.000132187568506189	0.000141932831511046
mv_fechaalta_delta3	0.000156272399891946	0.0017705074982776	0.000303442605299478
ccaja_seguridad_lag5_avg6_avg3	0.00013704685757451	0.000857064159393493	7.83077691095428e-05
mv_Finiciomora_lag1_tend6_avg3	0.000118262967762563	0.0020225920595714	0.000141932831511046
mdescubierto_preacordado_delta1_avg3	7.727258285149e-05	0.000428118574889842	6.85192979708499e-05
mdescubierto_preacordado_delta1_avg6	6.47263820656389e-05	0.00015289647014662	7.34135335401964e-05
