Feature	Gain	Cover	Frequency
ctrx_quarter	0.0970329315500127	0.0147103077543943	0.00357375794393027
Visa_status	0.0876546420801954	0.00883067530884387	0.000743859119551097
mcaja_ahorro	0.0345996553833626	0.00492293926780617	0.00371929559775549
mtarjeta_visa_consumo	0.0230828295939498	0.00555585278956877	0.00411817657490608
mcuentas_saldo	0.0217513593931184	0.0101148966405581	0.00567057821570836
mcuenta_corriente_lag2	0.0197182954499692	0.00250292682092638	0.0021722842404282
foto_mes	0.0181218814041614	0.00513785322920306	0.00360070936130531
Visa_mpagominimo	0.0151020194257275	0.00493554750455472	0.0034551717074801
mcaja_ahorro_lag1	0.0143783895233907	0.0034332957988526	0.00377319843250557
ctarjeta_visa_transacciones	0.0104778758294962	0.00745564168936729	0.00340126887273002
Visa_Finiciomora	0.0103538231574395	0.00588629293780615	0.000905567623801336
ctarjeta_visa	0.00995974441064099	0.00168703431412503	0.000700736851751034
mdescubierto_preacordado	0.0096390032975872	0.00848413933547314	0.000862445356001272
mpayroll	0.00923731943476901	0.00820417126836849	0.00123437491577682
cpayroll_trx	0.00789105726984444	0.00512842655187607	0.000398880977150588
Visa_msaldopesos	0.00767715603921003	0.00436652764619234	0.00321260895110474
mprestamos_personales	0.00603052298281963	0.0093944585130304	0.00154162107385227
cprestamos_personales	0.00576288353024514	0.00402257936018108	0.000964860742026423
Visa_mpagospesos	0.0045350443710136	0.0020877028378252	0.00330963405365488
Visa_delinquency	0.00441320130592417	0.00138766542878857	0.000539028347500795
mcuenta_corriente	0.00437345024801965	0.00361598371798108	0.00326651178585482
Visa_Finiciomora_lag1	0.00367180323581013	0.00337843277529755	0.000512076930125755
mprestamos_personales_lag6	0.00331807198371651	0.00211035772873524	0.00129366803400191
mcaja_ahorro_lag3	0.00321886261656501	0.00216355009289677	0.00294848506082935
ctrx_quarter_lag6	0.00321104366097076	0.00322457087844265	0.00338509802230499
Visa_msaldototal	0.00315889921915492	0.0029369321058265	0.0031155838485546
mprestamos_personales_lag3	0.00314820551392235	0.00224847844783211	0.000803152237776185
mactivos_margen	0.00314095301330802	0.00401213975322869	0.00364922191258038
Visa_mconsumosdolares	0.00308977494972709	0.00158753309660708	0.00146076682172715
cpayroll_trx_lag1	0.00308019983180877	0.00200927765590871	0.000436612961475644
ccaja_ahorro	0.00275974677888412	0.00361157463573454	0.000776200820401145
cproductos	0.00271903540245209	0.00551794424018635	0.00178418383022763
ctarjeta_visa_transacciones_lag6	0.00266662941405055	0.00116757604663257	0.00175723241285259
mpasivos_margen	0.00265682078864989	0.00272007920900648	0.00364922191258038
mcomisiones_mantenimiento_lag6	0.00261644910531246	0.00279379996103101	0.00189198949972779
mcomisiones	0.002605940859841	0.00164360591752437	0.00278677655657911
mactivos_margen_lag1	0.00242760173502138	0.00250558646906056	0.00286763080870423
mcaja_ahorro_lag6	0.00240592646364764	0.00429471585744485	0.00372468588123049
numero_de_cliente	0.00239939010415727	0.00457138500875255	0.00402654175583094
mautoservicio	0.00238891232359528	0.00351210228539877	0.00239328586290353
mcuentas_saldo_lag3	0.0023449924492429	0.00232589737594683	0.00329346320322986
mcuenta_corriente_lag6	0.00232473482067745	0.00293669481482658	0.00288919194260426
mcuentas_saldo_lag6	0.00232315195019984	0.00241970328718548	0.00285145995827921
mcomisiones_mantenimiento	0.00228058738551695	0.00504217666010297	0.00174645184590258
cliente_edad	0.00227293088173891	0.00279878970181287	0.00348212312485514
mrentabilidad	0.00225856298288586	0.00163864743801317	0.0032557312189048
mcuenta_corriente_lag3	0.00218015321444275	0.00288865788999342	0.00265740975317892
chomebanking_transacciones_lag6	0.00216912121112383	0.00202035045322237	0.00301316846252944
mcuentas_saldo_lag1	0.00215924038198556	0.00255800089258847	0.00342822029010506
mrentabilidad_annual	0.00210552380688178	0.00204764458115361	0.00313714498245463
mpayroll_lag3	0.00206815489789582	0.00145382454444766	0.000943299608126391
cmobile_app_trx_lag6	0.00206345021535232	0.00243353020704772	0.00187042836582776
mcaja_ahorro_lag2	0.00202574884168136	0.00243190029319842	0.00284067939132919
mcomisiones_otras	0.00201657005920961	0.00164142890841856	0.00314792554940464
mrentabilidad_annual_lag6	0.00199988446091851	0.00253492045245214	0.00340126887273002
mrentabilidad_annual_lag2	0.00197480839940798	0.00167495047483265	0.00329885348670487
mcuentas_saldo_lag2	0.00196776364444572	0.00149008596095982	0.00263584861927889
mrentabilidad_annual_lag1	0.00194117536156925	0.00193027273626016	0.00333119518755491
Visa_mpagominimo_lag1	0.00193121213966213	0.00195896735990865	0.00256577493410379
Master_mfinanciacion_limite	0.00193031790770289	0.00231159638052653	0.00205908828745304
Master_Finiciomora	0.0019245522038533	0.00425635809419238	0.000463564378850684
mrentabilidad_annual_lag3	0.00192445637217302	0.00173651805107938	0.00299699761210442
Visa_cconsumos_lag6	0.00190077825334107	0.00193542315721077	0.0023016510438284
ctrx_quarter_lag3	0.00187774316739368	0.00258361308128626	0.00338509802230499
mactivos_margen_lag2	0.00187370722189923	0.00299454206966472	0.0029161433599793
ctrx_quarter_lag2	0.00187097380179602	0.00241363929128115	0.00303472959642948
mcuenta_corriente_lag1	0.00184020982196879	0.00165804061357792	0.00251726238282871
cliente_edad_lag6	0.00183781075530401	0.0029869799268575	0.0028460696748042
mpasivos_margen_lag6	0.00181538716373437	0.00214827884708214	0.00333658547102992
mcomisiones_otras_lag6	0.00179768364430912	0.000982465494128856	0.00247414011502865
chomebanking_transacciones	0.00173636307727	0.00279978458369439	0.00274904457225406
mpayroll_lag2	0.00173321377464293	0.00192224185855379	0.0010834469784766
Visa_Fvencimiento_lag6	0.00170586984467719	0.00170522952464943	0.00300777817905444
cliente_antiguedad_lag6	0.00169494176453662	0.00247934500341536	0.00297004619472938
mes	0.00168996357704827	0.00181422159948155	0.00205369800397803
ctrx_quarter_lag1	0.00168062922407011	0.00261405764548889	0.00341743972315504
Visa_mpagospesos_lag6	0.00166605360862718	0.00140386963246552	0.00259811663495383
Visa_Fvencimiento	0.00166311124853667	0.00114632874162488	0.00263584861927889
Visa_fechaalta	0.00165619163410054	0.0017614618747314	0.00248492068197867
Visa_fechaalta_lag6	0.00161906137819459	0.00149300720929998	0.00229087047687838
cliente_edad_lag3	0.00161340559829917	0.00270114063401085	0.00275443485572906
Visa_Fvencimiento_lag1	0.00161084663132107	0.00230261900914992	0.00295387534430436
mttarjeta_visa_debitos_automaticos_lag6	0.00160889206364748	0.00132233784451279	0.00205908828745304
mrentabilidad_lag1	0.00160412184440318	0.00144704310468384	0.00254960408367876
Visa_fultimo_cierre	0.00158086890099638	0.00350975373064574	0.00186503808235275
Visa_mpagospesos_lag1	0.00157115698386013	0.0019570792988656	0.00233399274467844
mrentabilidad_lag6	0.00156261725954977	0.00157168685519717	0.0025765555010538
mactivos_margen_lag3	0.00155437834162025	0.00249239306184072	0.00268975145402897
mprestamos_personales_lag2	0.00154423203480994	0.00151738506122866	0.000959470458551415
mrentabilidad_lag3	0.00154166732117437	0.00141886574226627	0.00289997250955428
Visa_Fvencimiento_lag3	0.00151573998638157	0.00156350855688899	0.00254421380020375
mactivos_margen_lag6	0.0015084371270847	0.00205848022558783	0.00293231421040433
cliente_edad_lag2	0.00148814812581857	0.00221300316710258	0.00243101784722859
canarito36	0.00147877713301312	0.00141633035653194	0.00303472959642948
canarito132	0.00147155816133152	0.00141322600646367	0.00295926562777936
mtransferencias_recibidas	0.00145680660094311	0.00446302943917342	0.00132061945137695
mpasivos_margen_lag1	0.00145643240273518	0.00150323093392823	0.00309941299812957
mcomisiones_lag6	0.00145179438942112	0.00118074109311203	0.00241484699680356
tpaquete3	0.00144945075517822	0.0027450111082563	0.000280294740700413
mttarjeta_visa_debitos_automaticos_lag3	0.00144919902373534	0.00138856450109095	0.00185425751540274
Visa_mconsumospesos_lag6	0.0014463464493778	0.00131203737093287	0.00248492068197867
cpayroll_trx_lag2	0.00143561929814667	0.00161644489170427	0.000398880977150588
Visa_fechaalta_lag3	0.00142928585530101	0.00134963699082179	0.00208603970482808
canarito109	0.00142621710153331	0.00165969621783816	0.00294309477735434
canarito10	0.00139893180044031	0.0017540805776843	0.00277599598962909
mpasivos_margen_lag2	0.00139856248010223	0.00171966652271112	0.00274365428877905
mcuenta_debitos_automaticos	0.00138994421106834	0.00586400696672195	0.00107805669500159
canarito56	0.00138919221369988	0.00153910897400338	0.00281911825742916
canarito54	0.00138344388041699	0.00144857955700232	0.00270053202097898
canarito115	0.00138314093895432	0.00102657970499704	0.00278677655657911
cprestamos_personales_lag1	0.00138281465927367	0.00130594519844881	0.000415051827575612
canarito97	0.00138049085084429	0.00167192494552339	0.0029161433599793
canarito14	0.00138017113463391	0.00213445491983049	0.00279755712352913
Master_Fvencimiento	0.00137513051654919	0.001546033874915	0.00226930934297835
canarito78	0.00137452329817506	0.00152671777058305	0.00270592230445399
canarito73	0.00137446085010416	0.00172557830983669	0.00265740975317892
canarito86	0.00136915627624603	0.00129802504733437	0.00294309477735434
canarito111	0.00136720206636475	0.00129345767900755	0.00277060570615409
canarito151	0.00136651924295136	0.00149094709616793	0.00261428748537886
canarito110	0.00136586198656919	0.00142467941780456	0.00272209315487902
canarito2	0.00136373297544278	0.00152909726432558	0.00273287372182903
canarito49	0.00136130377988752	0.0012600408539642	0.00268975145402897
canarito140	0.00135944848760272	0.00147257730134557	0.002711312587929
ctarjeta_visa_transacciones_lag1	0.00135944645418266	0.00190024506573318	0.00200518545270296
canarito45	0.00135836298955224	0.0014822915915706	0.00272748343835402
canarito108	0.00135732029848672	0.00219969309410979	0.00288380165912925
canarito100	0.00135681319119818	0.00197767310980017	0.0026466291862289
mcomisiones_otras_lag1	0.00135634502741659	0.00148149670815701	0.00266280003665393
canarito141	0.00135487347663576	0.00156544192145239	0.00285685024175421
canarito147	0.00135483044068624	0.00100155369965413	0.00262506805232887
cliente_antiguedad_lag3	0.00135328612471559	0.00191239953063555	0.00206447857092805
canarito135	0.00135255377743116	0.00117794498193482	0.00277599598962909
canarito63	0.0013486359251063	0.00143939887226605	0.00274365428877905
canarito138	0.00134674279586256	0.00134215385293422	0.00275443485572906
Master_Fvencimiento_lag3	0.00134673744616032	0.00176915711964975	0.00270053202097898
canarito57	0.00134220086100532	0.00156556240855887	0.00279755712352913
canarito96	0.00134196955292636	0.00142026006860168	0.00267358060360394
canarito43	0.00134190579252611	0.00147437355830366	0.00275982513920407
canarito83	0.00134014213693366	0.00167544411745997	0.00278677655657911
Visa_Fvencimiento_lag2	0.00133494858650808	0.00169714008385576	0.00219923565780324
Master_Fvencimiento_lag2	0.00133441581863194	0.0018806797459991	0.00247414011502865
canarito121	0.00133398922898054	0.00202583913125028	0.00277599598962909
canarito80	0.00133153889882763	0.00162471678966376	0.00287841137565425
canarito5	0.00132795111538643	0.00146057670266783	0.00267358060360394
canarito26	0.00132456271185257	0.00172192893631924	0.00268436117055396
canarito41	0.00132280289713632	0.00126427378654724	0.00272748343835402
canarito88	0.00132161635351886	0.000914285859877864	0.00266280003665393
canarito13	0.00132078289080455	0.00152550125135701	0.00279755712352913
canarito75	0.00132016272364468	0.00167622261057555	0.00272209315487902
canarito118	0.00131589224292324	0.00130860866791652	0.00256577493410379
canarito66	0.00131458949106137	0.00184799666303293	0.00282989882437917
canarito143	0.00131418208751291	0.00147265441861853	0.0028460696748042
mtarjeta_master_consumo	0.00131239134945598	0.00259049341532012	0.000695346568276026
canarito94	0.00131049571676798	0.00173218866435493	0.00261428748537886
canarito62	0.0013086995753489	0.00112576218646679	0.00276521542267908
Visa_cconsumos	0.0013086708083867	0.0018189949054573	0.00256038465062878
canarito145	0.00130734811587326	0.00131843050796224	0.00272748343835402
canarito122	0.00130726422442542	0.00115523507303004	0.00273826400530404
mcomisiones_lag3	0.00130481020239876	0.00131088843866607	0.00262506805232887
Visa_mconsumospesos	0.00130325737656251	0.00170771946874292	0.00306168101380452
Visa_mfinanciacion_limite_lag1	0.00129976995424201	0.0017633098347925	0.00184886723192773
canarito24	0.00129768871412241	0.00136459184863652	0.00266280003665393
canarito61	0.00129443613847702	0.00190359508611103	0.00272748343835402
Visa_mlimitecompra_lag6	0.00129350063306326	0.00129805027734367	0.00201596601965297
canarito50	0.00129266113079762	0.00148708902259176	0.00266280003665393
canarito144	0.0012926570386267	0.00130028654013923	0.00269514173750398
canarito46	0.00128949291991725	0.00186914461336895	0.00283528910785418
canarito130	0.00128937982861639	0.00161482938842598	0.00282450854090417
canarito152	0.00128680038770983	0.00157465244021426	0.00260889720190385
Master_Fvencimiento_lag6	0.00128557760012939	0.00138596719133743	0.00237711501247851
canarito58	0.00127987036216766	0.00158871439510844	0.0026466291862289
cliente_edad_lag1	0.00127914937463126	0.00181029547854451	0.00181113524760267
canarito30	0.00127826214998527	0.00125867580917244	0.00266819032012894
Visa_mfinanciacion_limite_lag6	0.00127732468098854	0.00157805296665088	0.00236633444552849
canarito129	0.0012753687805916	0.001749046638346	0.00259811663495383
canarito85	0.00127220557404312	0.00157284356825151	0.00266280003665393
chomebanking_transacciones_lag1	0.00127090816113549	0.000998217537365334	0.00243640813070359
canarito9	0.00127052869792188	0.00152428381132772	0.00263045833580388
canarito90	0.00126793214216013	0.00174378410959857	0.00261428748537886
canarito15	0.00126743105237461	0.00145400548228811	0.0026412389027539
canarito134	0.00126560985298111	0.00120463483272713	0.00259811663495383
canarito27	0.00126495577368221	0.00115140089429844	0.00247953039850366
canarito101	0.00126403088468146	0.00112203201246333	0.00261967776885386
canarito146	0.00126253040561968	0.00120839645216189	0.00269514173750398
canarito149	0.00126125388224988	0.00131575778442178	0.00254421380020375
Visa_mfinanciacion_limite	0.00125998834742997	0.00165113555597654	0.00198362431880293
canarito93	0.00125516533496955	0.0018696643147285	0.00263584861927889
mpasivos_margen_lag3	0.00125355858768374	0.00176981291573103	0.00263584861927889
mdescubierto_preacordado_lag1	0.00125142062806712	0.000246768413510015	0.00021022105552531
canarito104	0.00125047993670979	0.0011331639713864	0.00243101784722859
canarito131	0.0012495545128731	0.00106661171877574	0.00261428748537886
canarito6	0.00124947153728215	0.00130695324781694	0.00281911825742916
mrentabilidad_lag2	0.00124946675294333	0.00140620202712135	0.00261967776885386
mcomisiones_otras_lag2	0.00124452348794937	0.00096235220437516	0.00224235792560331
mpagomiscuentas	0.00124382002478512	0.00512731145912905	0.0011535206636517
canarito119	0.00124281578695284	0.00189793467827526	0.00253882351672875
canarito142	0.00124280073571297	0.00151350452005297	0.00255499436715377
canarito11	0.00124179815523136	0.00163917183546934	0.00243640813070359
canarito48	0.0012414008557732	0.00121953402798484	0.00256038465062878
canarito69	0.00124138169253419	0.00171049389500337	0.00249031096545367
canarito79	0.0012372201302375	0.0015551788324848	0.0025765555010538
canarito60	0.00123668669645726	0.00129345638988299	0.0025064818158787
canarito1	0.00123635439619061	0.00145761493898427	0.00254960408367876
canarito82	0.00123619473632615	0.00196491828117273	0.00254960408367876
canarito21	0.00123370714909306	0.00147906053897386	0.00249031096545367
canarito102	0.00123229628304346	0.00136187285473228	0.00269514173750398
canarito20	0.00123224952573649	0.00143739340880744	0.00256577493410379
mcaja_ahorro_dolares_lag6	0.00123162763729933	0.00225864273460997	0.00201057573617797
mprestamos_personales_lag1	0.00123073789585716	0.00206812591597005	0.00092173847422636
canarito31	0.00122987999652745	0.00201280359574925	0.00266819032012894
canarito87	0.00122676861935794	0.00157258799930689	0.00254421380020375
canarito116	0.00122670621848096	0.00141815640147547	0.00262506805232887
canarito35	0.00122480054080574	0.00138395574265763	0.00249031096545367
canarito113	0.00122392794394536	0.00123391066739289	0.00253882351672875
chomebanking_transacciones_lag3	0.00122379764511597	0.00104269739920779	0.00237711501247851
Master_fechaalta_lag6	0.00122018551201389	0.00164547413525718	0.00242023728027857
canarito39	0.0012189177699538	0.00124843228727412	0.00251187209935371
canarito44	0.00121798072960984	0.00105787564389323	0.00259272635147882
ctarjeta_debito_transacciones	0.00121709554576312	0.00133492218641676	0.00132600973485196
Master_mfinanciacion_limite_lag6	0.00121669131802777	0.000968670894461014	0.0019674534683779
canarito7	0.00121286198982993	0.00150628998047613	0.00266819032012894
canarito98	0.00121105769360074	0.00135582382188091	0.00240406642985355
canarito156	0.00121037376115922	0.0019251151790843	0.00252804294977873
canarito103	0.0012098887180149	0.00121835005915402	0.00249031096545367
canarito114	0.00120927451155157	0.00126765267410727	0.00243640813070359
Visa_status_lag6	0.00120916156088999	4.17648734323911e-06	1.61708504250239e-05
canarito55	0.00120853855736333	0.0014134317139118	0.00260350691842884
Visa_mpagominimo_lag6	0.00120565025020505	0.00132091087570184	0.002032136870078
canarito53	0.00120552098533223	0.00134429591755634	0.00238789557942852
canarito59	0.00120444287678802	0.00150692473620294	0.00236633444552849
canarito42	0.00120133361786887	0.00150262329585741	0.00254960408367876
canarito154	0.00120074250232369	0.0010385058106911	0.00258194578452881
canarito8	0.00120021769142674	0.00132322738650144	0.00234477331162846
canarito70	0.00119841782451121	0.00170226370943152	0.00254421380020375
canarito125	0.00119724397771812	0.00135093725710426	0.00245257898112862
canarito19	0.00119627353772218	0.00133822308194072	0.00243640813070359
canarito37	0.00119561402410244	0.00137701993022739	0.00238789557942852
Master_status	0.00119438358408933	0.00583674092329012	0.000689956284801018
canarito120	0.00119373807908366	0.0019288861907123	0.00245257898112862
canarito133	0.00119237308538536	0.00101476041248107	0.00248492068197867
Master_fechaalta	0.00119009791036971	0.00122373896814879	0.00194050205100286
mcomisiones_lag2	0.00118698573817883	0.00101016914930967	0.00209682027177809
mcomisiones_mantenimiento_lag1	0.00118577056555519	0.00197597800308011	0.00143381540435212
canarito68	0.00118396468582643	0.00102866624518263	0.00254421380020375
canarito112	0.00118271098950893	0.00119622831333113	0.00232860246120343
Master_fechaalta_lag1	0.00118094483261775	0.00131924854957781	0.00242562756375358
canarito126	0.00117839115079398	0.00194690921102721	0.00238789557942852
canarito25	0.00117652422690817	0.00102520006547362	0.00238789557942852
canarito84	0.00117350764062142	0.0013008507162962	0.0024417984141786
canarito38	0.00116981592235741	0.00152846365960285	0.0024417984141786
canarito76	0.00116809584428723	0.00141366665686341	0.00240406642985355
canarito99	0.00116656558124284	0.00116020616754589	0.00235555387857847
Master_mlimitecompra	0.00116563841975016	0.00110551685352571	0.0016925490111525
canarito33	0.00116367554620398	0.00106725674145889	0.00229626076035339
canarito3	0.00116308700283678	0.00113100399714088	0.00250109153240369
canarito107	0.00116290584170137	0.00141950583865198	0.00232321217772843
canarito89	0.00116118064797123	0.00163906856738381	0.00238250529595351
canarito139	0.00116089994235895	0.00156423672810645	0.00245257898112862
canarito12	0.00116071379767205	0.00148553304924418	0.00224235792560331
cmobile_app_trx	0.00116023775234468	0.00257857375524888	0.00201596601965297
canarito40	0.00115934527716567	0.0016443179746848	0.00260889720190385
canarito17	0.00115899556155676	0.00205352091735369	0.00232321217772843
canarito95	0.00115773179221999	0.0010127760354171	0.00224235792560331
canarito106	0.00115702602592096	0.00140551156279736	0.00244718869765361
cmobile_app_trx_lag2	0.00115356647576577	0.00127001950680499	0.00204830772050302
canarito34	0.0011523418459547	0.00191169921371668	0.00236094416205348
mcomisiones_lag1	0.00115150597610869	0.00137952944139014	0.00209682027177809
Master_Fvencimiento_lag1	0.00115138373675937	0.00129889847526599	0.00215072310652817
mcomisiones_mantenimiento_lag3	0.00115062751689541	0.00114832587181399	0.00101337329330149
canarito51	0.00114812429719479	0.00122245891349787	0.00242023728027857
canarito67	0.00114662098350905	0.0010494168228721	0.00232860246120343
canarito65	0.00114507085406152	0.0014231240429791	0.00228008990992836
Visa_msaldototal_lag1	0.00114482635097864	0.00149729009545983	0.00168715872767749
Visa_mpagominimo_lag3	0.00114431625973258	0.00102057293701528	0.00196206318490289
canarito72	0.00114204338691742	0.00138180092491036	0.00236633444552849
canarito105	0.00114122389326923	0.001350476118832	0.00235016359510347
Master_fechaalta_lag3	0.0011391352280468	0.00126949105781447	0.00206447857092805
mcomisiones_otras_lag3	0.00113901036895971	0.00111668965007332	0.00220462594127825
canarito123	0.00113509406080329	0.00202013277533187	0.00242023728027857
canarito4	0.00113046923917844	0.00133905880297887	0.00252265266630372
canarito32	0.00112757167888408	0.00148225452923942	0.00226930934297835
canarito71	0.00112391245850023	0.00157549207466626	0.00231243161077841
canarito91	0.00112153547303234	0.00123521889862355	0.00248492068197867
cprestamos_personales_lag2	0.00112139335744047	0.00144002451204059	0.00042044211105062
Master_fechaalta_lag2	0.00111980686830196	0.00135556793065515	0.00221001622475326
canarito74	0.00111658346995998	0.000997686924487158	0.00233938302815345
canarito81	0.00111391836780752	0.0020596042040863	0.00232860246120343
canarito47	0.00111367878761279	0.00184624423630998	0.00238789557942852
canarito92	0.00111079443711969	0.00113475811202908	0.00232321217772843
canarito52	0.00110783941561664	0.00179704930929791	0.00229626076035339
canarito117	0.00110745038051606	0.00119027923367356	0.00228008990992836
canarito124	0.0011035711900365	0.00110269321033104	0.00240406642985355
canarito16	0.00110239650906655	0.0012072553467228	0.0023070413273034
Visa_mpagospesos_lag3	0.00109945977989983	0.00177876662246388	0.00218306480737822
canarito23	0.00109893414454644	0.00141640613864018	0.00225852877602833
canarito18	0.00109402545016956	0.00116083590489493	0.00223157735865329
cmobile_app_trx_lag1	0.0010912669645729	0.00109746953948115	0.00200518545270296
canarito28	0.00108871474168236	0.00248283176307722	0.00241484699680356
Master_msaldototal	0.00108867153624405	0.00274426120608192	0.00129366803400191
Master_fultimo_cierre	0.00108499564818036	0.00192751640378376	0.00175184212937758
canarito136	0.00108430501595493	0.00148587047759855	0.00235016359510347
canarito128	0.00107519156630247	0.00148234872741284	0.00219384537432824
Visa_mconsumospesos_lag3	0.00107511504054419	0.00103205231500808	0.00212916197262814
Visa_mlimitecompra	0.00107470695274885	0.00230204663784393	0.00147154738867717
mcaja_ahorro_dolares	0.00107013662442519	0.0067555552475571	0.00141225427045208
Visa_fechaalta_lag1	0.00106381536795217	0.00107338210890045	0.00213455225610315
chomebanking_transacciones_lag2	0.00106071935287183	0.000875842554002608	0.00219923565780324
mtransferencias_emitidas	0.00105226225043412	0.004658513623076	0.00157396277470232
canarito148	0.00105225643149797	0.00184272267028492	0.0021722842404282
canarito64	0.00105090558650171	0.000943629143382365	0.00223157735865329
Visa_mconsumototal_lag6	0.00104007413854329	0.000828047247944689	0.00154162107385227
canarito150	0.0010387810179041	0.00122489908817519	0.00228008990992836
Visa_fechaalta_lag2	0.00103288892842103	0.00136100624074478	0.00205369800397803
Visa_mconsumospesos_lag2	0.00102676661639982	0.00134059318349002	0.00207525913787806
canarito137	0.00102483419736344	0.00102985988244767	0.00213455225610315
mdescubierto_preacordado_lag2	0.00102151540738978	0.00012963284673291	0.000150927937300223
canarito155	0.00102143151029214	0.00127631305896186	0.00211838140567812
Visa_fultimo_cierre_lag6	0.00101739116799229	0.00157940175926511	0.00175723241285259
Visa_delinquency_lag6	0.00101679780806727	0.000187121126420413	1.07805669500159e-05
canarito127	0.00101176584844973	0.00117863088828267	0.00209682027177809
Visa_mfinanciacion_limite_lag3	0.00101072411414469	0.00113189970851137	0.00190277006667781
mpayroll_lag6	0.0010096318466604	0.00210138997975268	0.00136913200265202
canarito153	0.00100932262049368	0.00147313033578311	0.00213455225610315
Visa_cconsumos_lag3	0.00100620833100373	0.00150280989663791	0.00181113524760267
Visa_cconsumos_lag2	0.000999950894887699	0.00194827112508788	0.00189198949972779
cmobile_app_trx_lag3	0.000992447511011088	0.00124511302172513	0.00183808666497771
tcallcenter	0.000991133395778939	0.000944269331848399	0.000312636441550461
ccomisiones_otras_lag6	0.000988090009581558	0.00182916112592201	0.00196206318490289
Master_mpagominimo	0.00098074348744337	0.00274656533207768	0.00131522916790194
canarito29	0.000980556878324082	0.000814638649003149	0.00199440488575294
cliente_antiguedad_lag2	0.000970348612047992	0.00187205412146754	0.00192433120057784
Master_fultimo_cierre_lag2	0.000967590168749314	0.00117462258565475	0.00187042836582776
Visa_mconsumosdolares_lag6	0.000958522192221546	0.00184427698618663	0.00167637816072747
canarito22	0.000958148841167165	0.00127870429294596	0.00215611339000318
canarito77	0.000952960594696126	0.00112358273723233	0.0019674534683779
Visa_msaldopesos_lag6	0.000946141775969285	0.00111723177299224	0.00168176844420248
ccomisiones_mantenimiento	0.000945739730830228	0.00279891368797173	0.000652224300475962
Master_mfinanciacion_limite_lag3	0.000936923158246504	0.001255188036627	0.00156857249122731
Visa_msaldopesos_lag1	0.000927339072012946	0.000945636862808959	0.00144998625477714
thomebanking	0.000924863949998427	0.000747393768180842	0.000485125512750716
ccomisiones_otras_lag2	0.000924797598637439	0.000837429450474258	0.0018273060980277
ctarjeta_visa_debitos_automaticos_lag6	0.000922012324163355	0.00114807578164876	0.00146615710520216
mttarjeta_visa_debitos_automaticos_lag2	0.000914745516665038	0.001148462611098	0.00167637816072747
Master_Finiciomora_lag1	0.000913256315402209	0.00141437995710823	0.000145537653825215
mcaja_ahorro_dolares_lag3	0.000906545409318286	0.00112821552863072	0.00167098787725246
Visa_fultimo_cierre_lag1	0.000904084709362863	0.00124852086854767	0.00152545022342725
Master_fultimo_cierre_lag1	0.000900867946664639	0.00116943266224431	0.00175723241285259
Master_mlimitecompra_lag6	0.000900647713185706	0.000922475069704674	0.00144998625477714
ctarjeta_visa_transacciones_lag3	0.000897915482808212	0.000841452439914171	0.00160091419207736
mttarjeta_visa_debitos_automaticos	0.000892885794768556	0.00173298741514222	0.00177340326327762
Visa_msaldototal_lag6	0.000880644083788669	0.0011554913325771	0.00144998625477714
Visa_mpagominimo_lag2	0.00087844098359857	0.00159782150766429	0.00205908828745304
Visa_msaldopesos_lag2	0.000874761263652132	0.000768461332392321	0.00118586236450175
Visa_mlimitecompra_lag3	0.000868383205123637	0.00113452984490109	0.00136374171917701
cplazo_fijo	0.000855187569358634	0.0044037046634254	0.000253343323325374
ccomisiones_otras	0.000854551908281388	0.00122850453937717	0.00163325589292741
Visa_mlimitecompra_lag2	0.000854548125074748	0.000919344614864008	0.00124515548272684
Visa_mfinanciacion_limite_lag2	0.000850205534276079	0.000921499432611276	0.00160091419207736
ccomisiones_otras_lag3	0.000832322872025013	0.000999928067539985	0.00142842512087711
tmobile_app_lag6	0.000825749909007247	0.000778706880057816	0.000512076930125755
mtarjeta_visa_consumo_lag6	0.000818958319958072	0.000831830414175715	0.00144459597130213
Master_mfinanciacion_limite_lag2	0.000818319330817198	0.00102413110496989	0.001352961152227
Visa_mconsumosdolares_lag3	0.000818280995812514	0.000821377363495735	0.00158474334165234
internet	0.000812201115147255	0.000916789155618616	0.000722297985651065
ccomisiones_otras_lag1	0.00080744749058505	0.00093883042323665	0.00182191581455269
ccaja_seguridad	0.00080530134362064	0.00343633979026722	0.00021022105552531
mcaja_ahorro_dolares_lag2	0.000803933645916034	0.00100165033795619	0.00145537653825215
Visa_msaldopesos_lag3	0.000802519875819466	0.00126620098172881	0.00154701135732728
Master_fultimo_cierre_lag6	0.000801074953898001	0.000757307826672986	0.00153084050690226
ccallcenter_transacciones	0.000799451246101096	0.00201336629862101	0.000560589481400827
Visa_mpagospesos_lag2	0.000796321531173155	0.00124727097020348	0.00168176844420248
Visa_msaldototal_lag2	0.00079447584361861	0.000973910311046634	0.00150388908952722
ccaja_seguridad_lag2	0.000794324065231502	0.000626982167567774	5.92931182250875e-05
Visa_fultimo_cierre_lag3	0.000775452479452328	0.001167431802802	0.00157396277470232
ccaja_ahorro_lag3	0.000770584919357161	0.000168225506896825	0.000188659921625278
mcaja_ahorro_dolares_lag1	0.000762853628550524	0.00110673291235011	0.00151466965647723
Visa_fultimo_cierre_lag2	0.000751271927269768	0.00172572306010905	0.00143920568782712
cliente_antiguedad	0.000750111242218913	0.00163122654642592	0.00150927937300223
ctarjeta_visa_transacciones_lag2	0.000748415098938447	0.000613495622630333	0.00151466965647723
cprestamos_personales_lag3	0.000745277322867349	0.00119293363322916	0.000350368425875517
ctarjeta_visa_debitos_automaticos_lag3	0.000743714574087482	0.000698820337328645	0.00120742349840178
cliente_antiguedad_lag1	0.000738967245934474	0.00113863547643353	0.00146076682172715
Master_fultimo_cierre_lag3	0.000734875671164583	0.000714092918308001	0.00139069313655205
Visa_mlimitecompra_lag1	0.000732196804188953	0.000603384880562	0.00125593604967685
mautoservicio_lag3	0.00072894074690817	0.00128667425951673	0.00161169475902738
mcuenta_debitos_automaticos_lag6	0.000719603774453881	0.00154210706337552	0.00104571499415154
mtransferencias_emitidas_lag6	0.000706532462021257	0.000662538709184939	0.00125593604967685
Visa_mconsumototal	0.000703561506876541	0.00113960268817711	0.00141764455392709
mautoservicio_lag2	0.000691745499738153	0.00106456058347548	0.00173567127895256
Visa_mconsumospesos_lag1	0.000690977237776748	0.000608700309456676	0.00136374171917701
Visa_msaldototal_lag3	0.000684009021084638	0.000919612292371489	0.00129366803400191
Visa_cconsumos_lag1	0.000683826880500667	0.00131267673067597	0.00130983888442693
mttarjeta_visa_debitos_automaticos_lag1	0.000669901425152764	0.000524392115516476	0.00129905831747692
mautoservicio_lag6	0.000657652542613809	0.00109333430412393	0.00161708504250239
mcomisiones_mantenimiento_lag2	0.000657210645884882	0.000774597427191854	0.000997202442876471
mcuenta_debitos_automaticos_lag3	0.000656484597101382	0.00236832702329228	0.00113195952975167
mtransferencias_recibidas_lag1	0.000646549575833876	0.000964586165162565	0.00117508179755173
mtarjeta_visa_consumo_lag2	0.000640726366762023	0.00094744209759883	0.00137452228612703
Visa_status_lag3	0.000633568576771704	0.000137543559613943	2.69514173750398e-05
Master_mlimitecompra_lag1	0.000633004357904147	0.000672333523655003	0.00108883726195161
Master_mfinanciacion_limite_lag1	0.000622611387515323	0.000944150318027133	0.00111039839585164
ccaja_seguridad_lag1	0.000621690566395281	0.000344861722844486	8.62445356001272e-05
Visa_mconsumototal_lag1	0.000620506914451139	0.000677609956531647	0.00123976519925183
Master_msaldopesos	0.00061625681476857	0.00110695685170277	0.000937909324651383
Master_mpagospesos	0.000613097297151281	0.00177884010256398	0.000824713371676216
ctarjeta_debito_transacciones_lag6	0.000612367690510433	0.00118294379262878	0.00125593604967685
ccaja_seguridad_lag3	0.000608193712222099	0.000454414889142664	5.92931182250875e-05
tmobile_app	0.000605852786704863	0.00043339631166458	0.000808542521251193
ctarjeta_visa_debitos_automaticos	0.000603893930436014	0.000969833592736541	0.00107266641152658
Visa_mconsumosdolares_lag1	0.000602426093314447	0.000981587600301433	0.00144998625477714
Master_mlimitecompra_lag2	0.000583211008551102	0.000865853588165319	0.0010834469784766
mtarjeta_visa_consumo_lag3	0.000582802052399692	0.000530134612962819	0.00119125264797676
mtransferencias_recibidas_lag3	0.00057685491076909	0.0018065208757838	0.000981031592451447
mtarjeta_visa_consumo_lag1	0.000576392680406492	0.000577320623504054	0.00140686398697708
mplazo_fijo_dolares	0.000573305478380828	0.00360112485390613	0.000339587858925501
Visa_mconsumototal_lag3	0.000572721065390302	0.000382141777962259	0.00102954414372652
mtransferencias_emitidas_lag3	0.000572617296471783	0.00118316662701753	0.00126671661662687
Master_mlimitecompra_lag3	0.000561804917073866	0.000641745590384896	0.00103493442720153
mautoservicio_lag1	0.000561321353992615	0.000804870445747278	0.00150927937300223
ccomisiones_mantenimiento_lag1	0.000559624836582028	0.000301191293107122	0.000274904457225406
Visa_mconsumosdolares_lag2	0.000558743224828414	0.000722469787839059	0.00111578867932665
tpaquete4	0.000554848059163457	0.00156578966280327	0.000312636441550461
mextraccion_autoservicio_lag3	0.000552883324136962	0.000582409304596126	0.00116430123060172
mtransferencias_emitidas_lag1	0.000548092666390641	0.00155301720079342	0.00118047208102674
ctarjeta_debito_transacciones_lag1	0.000545476270592437	0.000703023297765589	0.00147154738867717
cproductos_lag1	0.000543734313479881	0.00107219956731469	0.000964860742026423
mextraccion_autoservicio	0.00054237912568111	0.00167677937426629	0.000830103655151224
mextraccion_autoservicio_lag6	0.00053862550350588	0.000960058483456226	0.000970251025501431
cproductos_lag6	0.00052956616620444	0.00109258753268063	0.000964860742026423
cextraccion_autoservicio	0.000521908356283204	0.0015938948342453	0.000458174095375676
cproductos_lag2	0.000517431792313624	0.00105880749679165	0.000873225922951288
mextraccion_autoservicio_lag2	0.000515701333786493	0.000711696205544514	0.00121281378187679
ctarjeta_debito_transacciones_lag2	0.000514908733746862	0.000738857185324458	0.00113195952975167
cproductos_lag3	0.000510660120136027	0.00106451417499121	0.000948689891601399
ctarjeta_master_transacciones	0.000508424544836899	0.00164877134756811	0.000442003244950652
Master_msaldototal_lag6	0.00050705116177003	0.000804697150573877	0.000970251025501431
mtransferencias_emitidas_lag2	0.000502909326461365	0.00065181940824253	0.00116969151407673
cpagomiscuentas	0.00050093041071312	0.00155724216842826	0.000598321465725883
ctransferencias_emitidas_lag6	0.000497863760122592	0.00108533519413001	0.000646834017000954
ccaja_ahorro_lag2	0.000488870674565733	0.000279750251093668	0.000215611339000318
ctransferencias_recibidas	0.000488129466472475	0.00101003968437141	0.000560589481400827
Master_mpagominimo_lag6	0.000482060358065617	0.00105365804268446	0.000857055072526264
mpayroll_lag1	0.000479643330991706	0.00169737617781145	0.000954080175076407
ccuenta_debitos_automaticos_lag6	0.000476995965731006	0.00114880100629579	0.000592931182250875
ctarjeta_debito_transacciones_lag3	0.000476884626189989	0.000728576785255598	0.00104571499415154
ctarjeta_visa_debitos_automaticos_lag2	0.00047384957174692	0.00041045845791296	0.00102954414372652
mtransferencias_recibidas_lag2	0.000467645014663342	0.000806788386856089	0.000948689891601399
Visa_mconsumototal_lag2	0.000464235377017927	0.000603746572082256	0.000970251025501431
Master_mpagospesos_lag6	0.000460435773655347	0.00187549654445246	0.000932519041176375
ccajas_consultas	0.000455149092722833	0.00380317625269425	0.000560589481400827
mdescubierto_preacordado_lag6	0.000453791981953056	0.000845387630763308	0.00018326963815027
Master_mconsumospesos_lag6	0.000433619537240846	0.000494883593867092	0.000835493938626232
Visa_msaldodolares_lag6	0.000430928733614068	0.000828742086084163	0.000425832394525628
ccaja_ahorro_lag6	0.000425339745125175	0.000445412702118212	0.000199440488575294
mcuenta_debitos_automaticos_lag2	0.000423780786788272	0.000951250125517858	0.000927128757701368
Master_delinquency	0.000415754942280797	0.000584094650801636	0.000167098787725246
cextraccion_autoservicio_lag3	0.000408879976284825	0.000576443696520053	0.000743859119551097
cpagomiscuentas_lag6	0.000408702637407461	0.000978004846899795	0.000636053450050938
mcheques_emitidos_rechazados_lag1	0.000399179751523162	0.000710829545516854	7.54639686501113e-05
Master_msaldototal_lag1	0.000398383446060469	0.000738759810379786	0.000862445356001272
internet_lag1	0.000394157791928607	0.000362543539511657	0.000528247780550779
mpagomiscuentas_lag6	0.000392816898610698	0.000493105430693044	0.000846274505576248
tmobile_app_lag1	0.000392228709115739	0.000213635472111509	0.000560589481400827
Visa_mpagado	0.000391621408433612	0.0013471184557871	0.000528247780550779
mtarjeta_master_consumo_lag1	0.000387379216009411	0.00118662198728824	0.000571370048350843
Master_msaldopesos_lag6	0.000380417306130609	0.00057410481020125	0.000776200820401145
Master_msaldototal_lag2	0.000380314297602351	0.000499292307792328	0.000824713371676216
Master_mconsumospesos_lag3	0.000376557347158538	0.00106089969991728	0.000776200820401145
mprestamos_prendarios	0.000373880483768914	0.0027438153071036	0.00018326963815027
Master_mpagominimo_lag2	0.000372823039415794	0.000538728515822095	0.000776200820401145
Master_mconsumospesos	0.000371346086708877	0.0011390849205044	0.000646834017000954
matm_lag3	0.000369633865899244	0.000609150812451292	0.000846274505576248
Visa_delinquency_lag1	0.000365826830549281	0.000512483320923695	0.000167098787725246
Master_mpagominimo_lag1	0.000362071841225035	0.000698702658672106	0.000722297985651065
mtransferencias_recibidas_lag6	0.000356966537645141	0.000924687069334345	0.00071151741870105
mplazo_fijo_dolares_lag6	0.000349754565756243	0.00101533729572302	0.000253343323325374
Master_mpagospesos_lag3	0.000348689660463994	0.000504799586046081	0.000716907702176057
matm_lag6	0.000344332923863799	0.000659176580244231	0.000765420253451129
cpagomiscuentas_lag3	0.000340584820061501	0.000981112649980282	0.00065761458395097
matm_lag2	0.000339935988168325	0.000351512684786461	0.000738468836076089
ctarjeta_visa_debitos_automaticos_lag1	0.000338468834414776	0.000392955461238747	0.000786981387351161
cextraccion_autoservicio_lag2	0.000338273311181448	0.000538581923943213	0.000668395150900986
ccaja_ahorro_lag1	0.000335813355644878	0.000463077483925085	0.000323417008500477
Master_msaldototal_lag3	0.000334821386101097	0.000525422402283315	0.000700736851751034
mcuenta_debitos_automaticos_lag1	0.000334373347125454	0.000590521949631925	0.000689956284801018
ccuenta_debitos_automaticos	0.000332896683531616	0.00151136913125447	0.000388100410200572
cprestamos_personales_lag6	0.000331542226861988	0.00142801125231804	0.00042044211105062
ctarjeta_debito_lag6	0.000328557130983796	0.00110122922522907	0.000533638064025787
ctransferencias_recibidas_lag3	0.000325175952835915	0.000623134268867619	0.000549808914450811
mpagomiscuentas_lag1	0.000322869138081189	0.00117196477912708	0.000679175717851002
matm_other_lag6	0.000322203964996706	0.000883841111514579	0.000636053450050938
Master_msaldopesos_lag1	0.000321610939834228	0.000330048162289895	0.000571370048350843
cliente_vip_lag2	0.000321181102236053	0.00174614776552505	0.000118586236450175
mextraccion_autoservicio_lag1	0.000321001791205179	0.000572640963219767	0.000937909324651383
ctransferencias_emitidas_lag2	0.000316447564713273	0.000621417615351292	0.000603711749200891
thomebanking_lag6	0.000316096007049526	0.000190611154933839	0.000312636441550461
ccomisiones_mantenimiento_lag6	0.000310651540607486	0.00028547239878798	0.000425832394525628
Master_cconsumos	0.000308673632685406	0.000948591214026282	0.000442003244950652
mpagomiscuentas_lag2	0.000307929586742991	0.000554870058837259	0.000776200820401145
cextraccion_autoservicio_lag6	0.000307150278887686	0.00052074403112359	0.000603711749200891
Visa_msaldodolares	0.000307147338544592	0.000581160971617483	0.000452783811900668
mpagomiscuentas_lag3	0.000303434125601281	0.000769680199666666	0.000770810536926137
mtarjeta_master_consumo_lag2	0.000291177693352777	0.000251550282956085	0.000533638064025787
tmobile_app_lag3	0.000284762296031694	0.000266127887675479	0.000517467213600763
Master_msaldopesos_lag2	0.000284356184975558	0.000465310063507601	0.000522857497075771
Master_mpagominimo_lag3	0.000282931014423649	0.000575477451619899	0.000679175717851002
catm_trx_lag6	0.000280781037079678	0.000582025743998462	0.000528247780550779
Visa_status_lag1	0.000277199369407088	0.00042658922752999	0.000107805669500159
ctransferencias_emitidas	0.000275219945910283	0.000882162072811396	0.000501296363175739
Master_cconsumos_lag6	0.000270572092317055	0.000389602079929002	0.000549808914450811
internet_lag2	0.000269555403663903	0.00073576149080683	0.00039349069367558
cextraccion_autoservicio_lag1	0.00026896976357818	0.000546393650473871	0.000625272883100922
Master_cconsumos_lag2	0.000263666534509543	0.000662476831205913	0.000549808914450811
ctarjeta_master_transacciones_lag3	0.000261601047028917	0.000503371282070407	0.000485125512750716
Master_mconsumospesos_lag2	0.000260165839589681	0.000482818585001369	0.000673785434375994
cinversion1	0.000257045233374432	0.00337707735289985	0.000140147370350207
ctransferencias_recibidas_lag6	0.000256635013846651	0.000465740677151816	0.000452783811900668
thomebanking_lag1	0.000255859194550698	0.000200998322140616	0.000344978142400509
ctransferencias_emitidas_lag3	0.000255268175886606	0.000700147122744981	0.000582150615300859
Master_msaldopesos_lag3	0.000254990819685773	0.000268629940331831	0.000533638064025787
ctransferencias_emitidas_lag1	0.000254964801884123	0.000689472066399182	0.000501296363175739
Master_mpagospesos_lag2	0.000254381282051623	0.000502590486946677	0.000576760331825851
cpagomiscuentas_lag2	0.000253993419951568	0.000533749456358044	0.000452783811900668
catm_trx_lag3	0.000253062452864687	0.000733621958393667	0.000560589481400827
mtarjeta_master_consumo_lag6	0.000251310525623658	0.000177671429011938	0.000458174095375676
ccuenta_debitos_automaticos_lag3	0.000244197554781055	0.000568109322059413	0.000377319843250557
matm_lag1	0.000241802197594879	0.000419165573532967	0.000533638064025787
Master_mpagospesos_lag1	0.000239840140291293	0.000753051597767491	0.000533638064025787
ctarjeta_debito	0.000234046190360182	0.00150661746415531	0.00039349069367558
minversion2	0.000229631554352825	0.00315237511473603	0.000199440488575294
thomebanking_lag3	0.000228260470686993	0.000168837518783123	0.000382710126725564
ccajas_transacciones_lag1	0.000228184777471991	0.000208044078480019	0.000258733606800382
ctransferencias_recibidas_lag2	0.000225759760153333	0.000598551860494875	0.000463564378850684
Visa_mpagado_lag1	0.000224035248556663	0.000496215812022657	0.000377319843250557
Master_cconsumos_lag1	0.000223323668924962	0.000439525638560158	0.000501296363175739
matm_other_lag2	0.000219744846504176	0.000327850296990255	0.000522857497075771
Master_mconsumototal_lag6	0.00021732739613788	0.000288730200719409	0.000512076930125755
Master_mconsumototal_lag1	0.000213691780158895	0.000705492017343955	0.000452783811900668
matm_other_lag1	0.00021047613693978	0.000430032847559146	0.000576760331825851
mdescubierto_preacordado_lag3	0.000210327022377097	0.000109410579913474	7.54639686501113e-05
cliente_vip_lag1	0.000206910952602337	0.000849560849254977	9.70251025501431e-05
Visa_msaldodolares_lag2	0.000206726240630175	0.000684029981016188	0.000415051827575612
catm_trx	0.000205952715599988	0.000370120737452168	0.000285685024175421
ccallcenter_transacciones_lag2	0.000205228313702598	0.000775435358157824	0.000398880977150588
Master_mconsumospesos_lag1	0.000203220228376549	0.000480214645464375	0.000479735229275708
ccallcenter_transacciones_lag1	0.000202476326198104	0.000598650202282969	0.000382710126725564
catm_trx_lag1	0.000201323825730821	0.000430808624305113	0.000436612961475644
Visa_msaldodolares_lag3	0.000200935284122318	0.000428453669969435	0.000388100410200572
ctarjeta_debito_lag1	0.000198332683573342	0.00058039813215731	0.000344978142400509
catm_trx_other_lag6	0.000195745794152752	0.00116441930285885	0.000398880977150588
ctarjeta_master_transacciones_lag6	0.000193789571194478	0.000461452450333059	0.000361148992825533
Master_cconsumos_lag3	0.000192938897520818	0.000279217796608974	0.000431222678000636
Master_mconsumototal_lag2	0.000192713161324413	0.000543378848522573	0.00042044211105062
thomebanking_lag2	0.000191895135090787	0.000252825641510388	0.000344978142400509
ccomisiones_mantenimiento_lag3	0.000190158958675696	0.000326875304459138	0.000258733606800382
ccallcenter_transacciones_lag3	0.000186623069399173	0.000678630574864264	0.00039349069367558
mcheques_emitidos_rechazados_lag2	0.0001854802349111	0.000659278282964221	5.92931182250875e-05
catm_trx_other_lag3	0.000185102531628815	0.000392847082695126	0.000409661544100604
Master_mconsumosdolares_lag6	0.000184770975320751	0.000828106501634426	0.000344978142400509
catm_trx_lag2	0.000183989655512358	0.000309920231764376	0.000382710126725564
internet_lag3	0.000183569513726924	0.000318402717429275	0.000312636441550461
Visa_msaldodolares_lag1	0.000182607199537594	0.000562514015014071	0.000436612961475644
tmobile_app_lag2	0.000181656213092761	0.000197459122733143	0.000442003244950652
ctarjeta_master_transacciones_lag1	0.000177966558498769	0.000318446455584092	0.000398880977150588
ccuenta_debitos_automaticos_lag2	0.00017402984874318	0.000463672553031412	0.000339587858925501
Master_delinquency_lag1	0.000170415472308851	0.000159141368382294	8.08542521251193e-05
cpagomiscuentas_lag1	0.000167363686249043	0.000248842062449974	0.000415051827575612
matm_other_lag3	0.000166562122551805	0.000308969134077837	0.000425832394525628
ccuenta_debitos_automaticos_lag1	0.000164560858806854	0.000794538480695897	0.000361148992825533
Visa_mpagosdolares	0.000162761648247984	0.000500936632212636	0.000323417008500477
ctarjeta_master_transacciones_lag2	0.000161902148207943	0.000381960425760339	0.000382710126725564
Master_mconsumototal_lag3	0.000161422901762795	0.000318939914050755	0.000377319843250557
ccajas_transacciones	0.000160196502996103	0.000158138337391931	0.000161708504250239
internet_lag6	0.000159437217258355	0.000321805453793719	0.00026412389027539
ccheques_emitidos_rechazados_lag1	0.000159167904649632	0.000387872673287535	3.23417008500477e-05
matm	0.000158473185392701	0.000489682482697059	0.000452783811900668
Visa_mpagosdolares_lag3	0.000158404060053067	0.00107647554745009	0.000371929559775549
mtarjeta_master_consumo_lag3	0.000158106327794878	0.000356399203522952	0.000415051827575612
ccajas_transacciones_lag6	0.000158099505116657	0.000309353707559087	0.000242562756375358
ccajas_depositos_lag1	0.000157482925656703	0.000765224478735042	0.000150927937300223
ccajas_transacciones_lag2	0.000151728471476038	0.000293199273298292	0.000242562756375358
mcheques_emitidos	0.000151290864962749	0.00168650259628294	0.000107805669500159
Visa_Finiciomora_lag2	0.000150505021461168	0.00112187630463218	0.000134757086875199
mcheques_emitidos_rechazados	0.000149935864041039	0.00115094831949649	0.000102415386025151
ccomisiones_mantenimiento_lag2	0.000148285718370463	0.000438717311418975	0.000215611339000318
Master_mconsumototal	0.000144156631196755	0.000677136157214571	0.000344978142400509
ccajas_depositos	0.000143998257728008	0.00199942073325881	0.000161708504250239
Visa_mpagosdolares_lag2	0.000143763160807621	0.000686288297049802	0.000296465591125437
Visa_mpagosdolares_lag6	0.000142680620273332	0.000618364185703267	0.000301855874600445
mttarjeta_master_debitos_automaticos_lag3	0.000142444125693713	0.000703024632930315	0.000307246158075453
Visa_mpagado_lag6	0.000141749841621152	0.000645724335228199	0.000301855874600445
cplazo_fijo_lag6	0.000141298505187491	0.000301689677871222	9.70251025501431e-05
mpagodeservicios_lag6	0.000137542208271603	0.000664421613729733	0.000307246158075453
ccheques_depositados	0.000136663820845547	0.00107449512984014	8.08542521251193e-05
mcheques_depositados	0.000134854243829616	0.00142941593769011	0.000156318220775231
cpayroll_trx_lag6	0.000132784286404974	0.000190400060786643	0.000199440488575294
ctransferencias_recibidas_lag1	0.000125466213074222	0.000183688509990206	0.000307246158075453
mtarjeta_visa_descuentos	0.000125279994240431	0.00284824705775384	0.000172489071200254
catm_trx_other_lag2	0.000125053600985245	0.000200960891488125	0.000312636441550461
ctarjeta_debito_lag2	0.00012334157604393	0.00042006519831731	0.000231782189425342
ccajas_otras_lag1	0.000122160394853774	0.000777222591243976	0.000177879354675262
ccajas_consultas_lag3	0.000121374527951759	0.000566085166294641	0.000215611339000318
mcheques_depositados_lag1	0.000120582882991003	0.000711004313975471	0.00018326963815027
mforex_sell_lag6	0.000120361173828029	0.00104039133952518	0.00026412389027539
ccajas_otras	0.00011937031612624	0.00118887132549008	0.000145537653825215
tpaquete3_lag2	0.000116405047856174	5.07297218846788e-05	4.31222678000636e-05
cpagodeservicios_lag6	0.000116317673476614	0.000588215153306709	0.000172489071200254
Visa_mpagado_lag3	0.000115040225855969	0.000297768114910322	0.000242562756375358
mttarjeta_master_debitos_automaticos_lag1	0.000114699885461261	0.000410292759366447	0.000204830772050302
mplazo_fijo_dolares_lag3	0.00011452049535556	0.000596860851349321	0.000177879354675262
mttarjeta_master_debitos_automaticos_lag6	0.00011405789945527	0.000201365170159124	0.00023717247290035
cpayroll_trx_lag3	0.000114015080337024	0.00080807115787663	0.00026412389027539
mforex_sell	0.000112842080762234	0.00113651974678462	0.000221001622475326
ctarjeta_visa_lag1	0.000110306999660791	0.000770378030416732	0.000129366803400191
ccheques_emitidos	0.000110198705818952	0.00127183869176424	0.000102415386025151
mprestamos_prendarios_lag6	0.000109827478699073	0.00131097430357	9.16348190751352e-05
mprestamos_hipotecarios	0.000109809407866169	0.00161537892381113	7.00736851751034e-05
ccajas_consultas_lag1	0.000108892243472063	0.000909182768214784	0.000231782189425342
mprestamos_prendarios_lag2	0.00010873731182529	0.000746382449961145	6.46834017000954e-05
mplazo_fijo_dolares_lag2	0.000107389525002989	0.000687560616953349	0.000123976519925183
ccajas_consultas_lag6	0.000105867643185538	0.00114632611733559	0.000199440488575294
ccallcenter_transacciones_lag6	0.000104861236129119	0.000620380008198542	0.000247953039850366
ccajas_consultas_lag2	0.000103209027915387	0.00027089175541783	0.000177879354675262
minversion2_lag6	0.000102519947283912	0.00081321927681909	0.000107805669500159
mttarjeta_master_debitos_automaticos	0.000102090383229381	0.000384052582845811	0.000221001622475326
ctarjeta_debito_lag3	0.000101394987901475	0.000374809974090353	0.00023717247290035
tcallcenter_lag1	0.000101198494840095	0.000108416020313097	0.000172489071200254
ccajas_otras_lag2	9.84779157879473e-05	0.00110506206879593	0.000194050205100286
Master_mpagosdolares_lag6	9.79207274096023e-05	0.000306285959420379	0.000199440488575294
Master_status_lag1	9.6797394135589e-05	0.000423538652372068	7.54639686501113e-05
ccajas_transacciones_lag3	9.67373818635002e-05	0.000102468644141558	0.000226391905950334
mforex_sell_lag2	9.64950114194993e-05	0.000146385849152417	0.000204830772050302
matm_other	9.50760810030864e-05	0.000400924645126746	0.00023717247290035
cseguro_vida_lag6	9.37444578005727e-05	0.000179933105977448	0.000161708504250239
ccajas_extracciones_lag1	9.18266445605497e-05	0.0010991706314224	0.000199440488575294
mcheques_depositados_lag6	8.98100254792043e-05	0.00123000931606353	0.000188659921625278
mforex_buy	8.97904449247801e-05	0.001242031875899	0.000156318220775231
ccajas_extracciones_lag3	8.9010772489694e-05	0.000457213578569002	0.00021022105552531
mttarjeta_master_debitos_automaticos_lag2	8.85594011186317e-05	0.000386520565781568	0.000204830772050302
mprestamos_prendarios_lag1	8.73085707828811e-05	0.000732306544897584	4.85125512750716e-05
Visa_mpagado_lag2	8.5247192134808e-05	0.000215383156697674	0.00023717247290035
tcuentas_lag2	8.52254189752324e-05	0.00011799237420989	2.15611339000318e-05
mcaja_ahorro_adicional	8.45611726591231e-05	0.000784884180803203	0.000107805669500159
Master_mpagado_lag6	8.44724423456611e-05	0.000199066891264056	0.000150927937300223
active_quarter_lag3	8.43845850844246e-05	0.00025106842661049	7.54639686501113e-05
cseguro_accidentes_personales_lag2	8.39152327454445e-05	0.000192140885388526	0.000102415386025151
catm_trx_other_lag1	8.3290155863449e-05	0.00014880765380472	0.000247953039850366
mforex_buy_lag1	8.31758051314224e-05	0.00102869455988286	0.000150927937300223
Visa_mpagosdolares_lag1	8.30711403769326e-05	0.00034781110172421	0.000215611339000318
Visa_Finiciomora_lag3	8.2836552191192e-05	0.00162233080425825	0.000145537653825215
mforex_buy_lag2	7.98827122966646e-05	0.00141994621281075	0.000145537653825215
mcheques_depositados_lag2	7.94559133850023e-05	0.000604344127357383	0.000150927937300223
mforex_sell_lag3	7.8294119485208e-05	0.000140052426214414	0.000199440488575294
active_quarter_lag6	7.82794888380651e-05	0.000678192594793974	0.000113195952975167
mforex_buy_lag6	7.75704643298751e-05	0.000578458321971091	0.000145537653825215
mcaja_ahorro_adicional_lag2	7.73972472935507e-05	0.000311024412992774	9.70251025501431e-05
cseguro_accidentes_personales_lag1	7.65820031930305e-05	0.000144290377175212	0.000134757086875199
mcajeros_propios_descuentos_lag1	7.61614362946831e-05	0.000405610290632219	0.000140147370350207
tpaquete3_lag6	7.44702844936573e-05	3.00679096294133e-05	1.61708504250239e-05
cseguro_vida	7.40337201028609e-05	0.000310075433153732	0.000134757086875199
cforex_lag3	7.39665790238912e-05	0.000205495064857442	0.000188659921625278
Master_mconsumosdolares_lag1	7.24856336519402e-05	0.000177042428305505	0.000134757086875199
ctarjeta_master	7.16298942190076e-05	0.000548081897209647	0.00021022105552531
Master_msaldodolares_lag6	7.12991926581779e-05	0.000358336205259231	0.000167098787725246
ctarjeta_master_debitos_automaticos_lag6	7.11147269925549e-05	0.000399219962052791	0.000123976519925183
mtarjeta_visa_descuentos_lag3	6.99207068318192e-05	0.000358371702224877	0.000140147370350207
mcajeros_propios_descuentos_lag6	6.95183830888088e-05	0.000539024600110125	0.000113195952975167
ccajas_extracciones_lag6	6.87206398816407e-05	0.000172522757587522	0.000167098787725246
cforex_lag2	6.74295041781636e-05	0.000317226022944207	0.000129366803400191
Master_mpagado	6.72595175243143e-05	0.000326423742540773	0.000129366803400191
cseguro_vivienda_lag6	6.70068710166783e-05	0.000793788210200214	0.000150927937300223
cprestamos_hipotecarios	6.69969520696091e-05	0.000164312967807866	1.61708504250239e-05
Master_madelantopesos	6.66170026073391e-05	2.03885178479032e-05	1.07805669500159e-05
mplazo_fijo_dolares_lag1	6.55260336459261e-05	0.000501409280525638	9.70251025501431e-05
mpagodeservicios	6.5428248464139e-05	0.00102354763798463	0.000107805669500159
cforex_buy	6.52574858741832e-05	0.000402000281454105	9.16348190751352e-05
minversion2_lag2	6.47142109703744e-05	0.000424208398622725	7.00736851751034e-05
ccajas_otras_lag6	6.40742460653282e-05	0.00105697772259492	0.000129366803400191
tpaquete3_lag1	6.36121970139289e-05	0.000244891586266732	4.85125512750716e-05
Master_mpagado_lag3	6.30818412563273e-05	0.000705756794321168	0.000140147370350207
mcheques_depositados_rechazados_lag2	6.30774821136325e-05	0.001007409916303	6.46834017000954e-05
tcallcenter_lag2	6.27401954135524e-05	9.43205481802758e-05	0.000102415386025151
cinversion2_lag6	6.18331344315403e-05	0.000967880338822736	9.16348190751352e-05
mcheques_emitidos_lag1	6.172330068646e-05	0.000348083060966846	8.62445356001272e-05
active_quarter	6.15394612677495e-05	9.76221803468473e-05	6.46834017000954e-05
mpagodeservicios_lag2	6.08987584374803e-05	0.000487712239963119	0.000140147370350207
ccaja_seguridad_lag6	6.08394553289178e-05	0.000212677974842318	4.85125512750716e-05
ccajas_depositos_lag2	6.05899967369623e-05	0.000380701089182748	0.000123976519925183
mforex_sell_lag1	6.04562703520001e-05	0.000442182938646029	0.000177879354675262
minversion1_pesos	5.9764477921299e-05	0.000958634875577174	6.46834017000954e-05
cforex_lag6	5.95924520364105e-05	7.42759963898868e-05	9.16348190751352e-05
cseguro_vida_lag2	5.88490038971549e-05	0.000208651532390183	0.000102415386025151
Master_mconsumosdolares	5.85827568140596e-05	0.000252612015154229	0.000118586236450175
Master_mconsumosdolares_lag2	5.78817500999028e-05	0.000476453900792713	0.000145537653825215
catm_trx_other	5.76396043716323e-05	0.000358963824760774	0.000129366803400191
active_quarter_lag1	5.7427700704579e-05	4.31593839284487e-05	9.16348190751352e-05
ccajas_extracciones_lag2	5.72799584234512e-05	0.00010511586143174	0.000140147370350207
ctarjeta_visa_lag6	5.64159572116172e-05	0.000153153246666531	4.85125512750716e-05
ctarjeta_master_debitos_automaticos_lag3	5.62325186508961e-05	0.0002969892995136	9.70251025501431e-05
cliente_vip	5.57472361795433e-05	0.000188269368084769	3.23417008500477e-05
mcheques_depositados_lag3	5.53773155656144e-05	0.00052701235327116	0.000156318220775231
ccajas_otras_lag3	5.51956733556699e-05	0.000507474335353716	0.000102415386025151
cseguro_accidentes_personales_lag3	5.47870382981595e-05	6.43258884501404e-05	8.62445356001272e-05
cseguro_vivienda_lag1	5.4218549598324e-05	0.000171375436726425	7.54639686501113e-05
Master_mpagado_lag2	5.37064647443902e-05	0.000614741147159035	0.000123976519925183
tcallcenter_lag6	5.34326982988698e-05	6.7466610247148e-05	0.000107805669500159
mtarjeta_visa_descuentos_lag1	5.33188427547179e-05	0.000939219002212077	0.000118586236450175
ccajas_extracciones	5.32284972244975e-05	0.000636760223418519	0.000129366803400191
Master_mpagado_lag1	5.29833939454538e-05	0.000310530586204807	0.000107805669500159
minversion2_lag3	5.21633081364041e-05	0.000248024297075384	8.62445356001272e-05
cseguro_accidentes_personales	5.18542496441659e-05	0.00015113608900653	9.16348190751352e-05
tcuentas_lag1	5.118191998974e-05	0.000313449900858114	6.46834017000954e-05
mforex_buy_lag3	5.02569290831782e-05	0.000191051160771299	0.000102415386025151
mtarjeta_visa_descuentos_lag6	5.01796568515943e-05	0.000844258679927235	0.000102415386025151
active_quarter_lag2	4.91224896277078e-05	0.000408393418483475	8.08542521251193e-05
Master_msaldodolares_lag2	4.8972314186297e-05	0.000220385328323533	0.000123976519925183
cseguro_accidentes_personales_lag6	4.88011682492193e-05	6.32981338922649e-05	0.000113195952975167
mpagodeservicios_lag3	4.87654712432719e-05	0.000334254299498084	0.000134757086875199
mcheques_emitidos_lag2	4.87524177521675e-05	0.000198787519555182	8.62445356001272e-05
Master_mconsumosdolares_lag3	4.87517554111025e-05	0.000347101484692425	0.000129366803400191
tpaquete4_lag1	4.84248723454787e-05	0.000212189534753419	7.54639686501113e-05
ccheques_emitidos_lag2	4.75302297281937e-05	0.000268196380117187	4.31222678000636e-05
minversion2_lag1	4.70493736035016e-05	0.00057683614286917	7.00736851751034e-05
mcheques_emitidos_lag3	4.6665988835727e-05	0.000399576312914143	0.000107805669500159
mcaja_ahorro_adicional_lag3	4.66567809703686e-05	0.000283324809346298	7.00736851751034e-05
mcheques_depositados_rechazados_lag3	4.65030347880992e-05	0.0013268533716161	5.92931182250875e-05
Master_mpagosdolares_lag3	4.63125026275976e-05	0.0011110145093854	0.000113195952975167
cplazo_fijo_lag3	4.59258702169802e-05	0.000253924251879068	5.39028347500795e-05
mcajeros_propios_descuentos_lag2	4.5677261863203e-05	0.000177692147085272	0.000118586236450175
ccheques_emitidos_rechazados_lag2	4.4918852536562e-05	0.000474824217144228	3.23417008500477e-05
tcallcenter_lag3	4.48757480024775e-05	8.17098713030876e-05	0.000102415386025151
ccajas_depositos_lag3	4.46706784729365e-05	0.000121351556580168	9.70251025501431e-05
ccheques_emitidos_lag1	4.4580688397953e-05	0.000509928414160258	5.39028347500795e-05
ccheques_emitidos_lag6	4.45583978093329e-05	0.000811753127829458	9.70251025501431e-05
mcaja_ahorro_adicional_lag1	4.32341643437018e-05	0.000371245912994879	7.00736851751034e-05
Visa_delinquency_lag2	4.29105502523904e-05	0.000241545939704366	7.00736851751034e-05
ccheques_depositados_lag6	4.26466191522484e-05	0.000314355833144784	8.08542521251193e-05
Visa_madelantopesos_lag6	4.22840956358267e-05	0.000182346116958625	6.46834017000954e-05
Master_msaldodolares	4.20226339548756e-05	0.000652535378816805	9.70251025501431e-05
cpagodeservicios_lag3	4.18742161062897e-05	9.07328684812006e-05	8.08542521251193e-05
cforex	4.15753769965683e-05	0.000186218416945152	8.62445356001272e-05
ccheques_emitidos_lag3	4.15069187455548e-05	0.000529066020780393	6.46834017000954e-05
mpagodeservicios_lag1	4.13209247495237e-05	0.000291035293558595	9.16348190751352e-05
cseguro_vida_lag3	4.11828415566183e-05	0.000125821549962312	8.62445356001272e-05
cpagodeservicios_lag1	4.10803050597189e-05	0.000687069276334183	9.16348190751352e-05
ccajas_depositos_lag6	4.09817569113873e-05	0.000712826031143684	0.000134757086875199
cseguro_vivienda_lag2	4.06971629480513e-05	5.9675463669336e-05	7.54639686501113e-05
Visa_madelantopesos	4.03071208487743e-05	0.000149668558812009	5.39028347500795e-05
cseguro_vivienda	4.02932091960336e-05	0.00110453076531531	8.62445356001272e-05
cseguro_vivienda_lag3	4.00828777981632e-05	0.000254318079433073	7.00736851751034e-05
ccheques_emitidos_rechazados	3.89501202233616e-05	0.000374598787862831	5.39028347500795e-05
Visa_Finiciomora_lag6	3.89098220805225e-05	0.000815011436202679	7.00736851751034e-05
Master_mpagosdolares	3.87245333177976e-05	9.22581790802428e-05	0.000107805669500159
mtarjeta_visa_descuentos_lag2	3.77498953234468e-05	0.000217021818177937	0.000107805669500159
cseguro_vida_lag1	3.70965293649628e-05	0.000365614740662586	7.00736851751034e-05
Master_mpagosdolares_lag1	3.69419841131167e-05	0.00017359061312734	8.08542521251193e-05
Master_msaldodolares_lag3	3.67294304933349e-05	0.00010521678146896	9.16348190751352e-05
mcheques_emitidos_rechazados_lag3	3.65016893868615e-05	0.000252398757119374	3.77319843250557e-05
cplazo_fijo_lag2	3.48683062452498e-05	0.000153938139364764	2.69514173750398e-05
mprestamos_prendarios_lag3	3.47841624542668e-05	0.000650227339407188	3.23417008500477e-05
cprestamos_prendarios_lag2	3.4506600328232e-05	0.000205485672664197	2.69514173750398e-05
cforex_lag1	3.4309160411448e-05	0.000149613678937755	9.16348190751352e-05
cinversion1_lag2	3.41840140741608e-05	0.00058906040465859	3.23417008500477e-05
mprestamos_hipotecarios_lag3	3.37616834358982e-05	0.000469945295034627	3.23417008500477e-05
mcheques_emitidos_lag6	3.32682075866502e-05	0.000483019642393039	6.46834017000954e-05
Master_mpagosdolares_lag2	3.27297637882984e-05	0.000151794417296772	9.16348190751352e-05
ctarjeta_master_descuentos_lag3	3.271346498909e-05	6.8386170422055e-05	3.77319843250557e-05
mcheques_depositados_rechazados	3.22339937178954e-05	0.000453492934879283	3.23417008500477e-05
cprestamos_prendarios_lag3	3.22314361209475e-05	0.000365781728333662	1.61708504250239e-05
mcheques_depositados_rechazados_lag1	3.18130724397902e-05	0.000885693951832957	5.92931182250875e-05
ctarjeta_visa_descuentos	3.16890591518823e-05	0.000231892560614931	7.00736851751034e-05
mcaja_ahorro_adicional_lag6	3.1505626230229e-05	0.000331745571018102	6.46834017000954e-05
minversion1_dolares_lag6	3.1239257950801e-05	0.00063571953157485	3.77319843250557e-05
mcajeros_propios_descuentos	3.12271421045096e-05	0.000320832855351076	0.000118586236450175
cforex_sell	3.10354761372341e-05	7.39898567770571e-05	6.46834017000954e-05
ctarjeta_master_debitos_automaticos	3.03806783140894e-05	0.000274759037026594	6.46834017000954e-05
cforex_buy_lag6	3.02129826328302e-05	0.000170233916925862	5.39028347500795e-05
cforex_sell_lag6	2.98158713957695e-05	9.91630064808088e-05	5.92931182250875e-05
ctarjeta_visa_descuentos_lag3	2.96681372681609e-05	0.000190439563246467	8.62445356001272e-05
tpaquete4_lag2	2.9375813671238e-05	0.00012621588395811	6.46834017000954e-05
ctarjeta_visa_descuentos_lag6	2.93198655187425e-05	3.88098316126228e-05	5.39028347500795e-05
Master_Finiciomora_lag2	2.91191757330338e-05	0.00116713406106811	6.46834017000954e-05
ccheques_emitidos_rechazados_lag3	2.90069906855782e-05	0.000270529879736923	2.69514173750398e-05
ccheques_depositados_rechazados	2.7013610836396e-05	0.000770271033078	3.77319843250557e-05
ctarjeta_master_debitos_automaticos_lag2	2.68191202411266e-05	0.000205849482031949	4.85125512750716e-05
cinversion2	2.67341499309592e-05	0.000663635523987263	5.39028347500795e-05
Visa_madelantopesos_lag2	2.66458782700497e-05	2.3423991832372e-05	2.69514173750398e-05
mtarjeta_master_descuentos_lag1	2.63289251888535e-05	0.000553193644423364	5.92931182250875e-05
mtarjeta_master_descuentos_lag2	2.61754498246038e-05	0.000485510645410279	5.92931182250875e-05
minversion1_pesos_lag1	2.56958623031936e-05	8.78898423779271e-05	3.77319843250557e-05
cforex_sell_lag2	2.56937719002599e-05	7.78255548340267e-05	6.46834017000954e-05
tcuentas_lag3	2.54387911958445e-05	0.000288065196605537	3.77319843250557e-05
ctarjeta_visa_descuentos_lag1	2.51600254137222e-05	5.58584579185304e-05	5.39028347500795e-05
mprestamos_hipotecarios_lag1	2.49151700343266e-05	0.000567395377252309	2.69514173750398e-05
tpaquete4_lag6	2.46827981626347e-05	0.000355049536145623	3.77319843250557e-05
Visa_status_lag2	2.41404388178162e-05	0.000200035115891217	3.23417008500477e-05
tcuentas	2.41051827374701e-05	0.000551139700673154	4.85125512750716e-05
ctarjeta_visa_lag3	2.29119896027398e-05	0.000398999291551698	5.92931182250875e-05
ccheques_depositados_rechazados_lag3	2.27968804579783e-05	0.000572994413550852	3.77319843250557e-05
mcheques_emitidos_rechazados_lag6	2.2730107192952e-05	0.000298454803940951	3.23417008500477e-05
tpaquete3_lag3	2.2412348401803e-05	1.2044797234181e-05	1.61708504250239e-05
ccheques_depositados_lag3	2.23701727629884e-05	0.000134386493559082	4.31222678000636e-05
cprestamos_hipotecarios_lag3	2.19441029919622e-05	3.58952590961011e-05	5.39028347500795e-06
mcajeros_propios_descuentos_lag3	2.17244169028209e-05	2.90258365808555e-05	3.77319843250557e-05
minversion1_pesos_lag2	2.12163779858002e-05	0.000258727115639451	3.23417008500477e-05
ccheques_depositados_lag1	2.10835658783891e-05	0.000141714245896648	4.31222678000636e-05
mtarjeta_master_descuentos	2.1025771626957e-05	0.000600039832521753	5.92931182250875e-05
ccajeros_propios_descuentos_lag2	2.077909011348e-05	0.000131025515622449	8.62445356001272e-05
cinversion1_lag3	2.05198118046371e-05	0.000355037795904067	1.61708504250239e-05
ccajeros_propios_descuentos	1.97250408609339e-05	0.00025741018281799	7.00736851751034e-05
Visa_delinquency_lag3	1.93821952955149e-05	9.23176169306311e-05	2.69514173750398e-05
Master_madelantopesos_lag1	1.93399932598465e-05	7.59446760564031e-05	2.69514173750398e-05
tcuentas_lag6	1.91563719510669e-05	0.00035129187616488	2.69514173750398e-05
Master_msaldodolares_lag1	1.90555907395601e-05	0.000204155204034824	5.92931182250875e-05
Visa_madelantopesos_lag3	1.89740573655765e-05	5.3897561337673e-05	2.69514173750398e-05
Master_Finiciomora_lag6	1.83194856807471e-05	0.000530757398247251	4.31222678000636e-05
cseguro_auto_lag1	1.78307960723885e-05	0.000118445133172492	3.23417008500477e-05
ctarjeta_master_lag6	1.76172167056662e-05	0.000161588817405369	3.77319843250557e-05
cplazo_fijo_lag1	1.7575742368291e-05	6.86650817292991e-05	1.61708504250239e-05
cforex_buy_lag1	1.75607054348443e-05	0.000188727007304645	3.23417008500477e-05
cforex_sell_lag3	1.7221712484096e-05	6.30026020861902e-05	7.00736851751034e-05
minversion1_pesos_lag6	1.72022177210645e-05	0.00011161397003267	4.85125512750716e-05
cseguro_auto_lag2	1.70579897911095e-05	7.3963429723515e-05	3.77319843250557e-05
ctarjeta_master_debitos_automaticos_lag1	1.65782941005564e-05	0.000172289978523569	3.23417008500477e-05
cforex_buy_lag2	1.62966616955998e-05	1.50604279084117e-05	1.61708504250239e-05
ccheques_depositados_lag2	1.61788453465283e-05	6.81468996951241e-05	4.85125512750716e-05
Master_madelantopesos_lag2	1.50084779019515e-05	1.05425987969475e-05	2.15611339000318e-05
cinversion2_lag2	1.47245472846988e-05	6.42058157051268e-05	2.15611339000318e-05
cseguro_auto_lag6	1.46122460067858e-05	5.59820757560923e-05	2.69514173750398e-05
ctarjeta_visa_descuentos_lag2	1.44047144336718e-05	5.57056045774854e-05	4.85125512750716e-05
ctarjeta_master_descuentos	1.4316496764701e-05	2.36879400866523e-05	2.69514173750398e-05
cpagodeservicios	1.37882590384766e-05	3.72410130595784e-05	3.23417008500477e-05
cforex_sell_lag1	1.37841406155926e-05	8.78259386317312e-05	6.46834017000954e-05
ctarjeta_master_lag2	1.34360372975953e-05	7.14241305753239e-05	1.61708504250239e-05
ccajeros_propios_descuentos_lag3	1.33950433526612e-05	3.97483142945086e-05	2.69514173750398e-05
Master_cadelantosefectivo	1.32293371827685e-05	6.34270003084049e-05	1.61708504250239e-05
Visa_cadelantosefectivo	1.31967375317955e-05	7.40070757980061e-05	3.77319843250557e-05
cpagodeservicios_lag2	1.29794667524763e-05	5.29151103001553e-05	3.23417008500477e-05
ccajeros_propios_descuentos_lag1	1.28807222874245e-05	0.000172436202081147	4.31222678000636e-05
mcheques_depositados_rechazados_lag6	1.26706353930456e-05	0.000330169708320123	1.61708504250239e-05
cseguro_auto_lag3	1.2352331277674e-05	5.42386268649203e-05	2.15611339000318e-05
ctarjeta_master_descuentos_lag2	1.2322412841356e-05	5.84512557360872e-05	4.31222678000636e-05
Visa_madelantopesos_lag1	1.22329085396093e-05	3.61258742723945e-06	1.07805669500159e-05
ctarjeta_master_descuentos_lag1	1.21670586770945e-05	5.0734878382931e-05	3.77319843250557e-05
mplazo_fijo_pesos_lag6	1.20541861391281e-05	0.000205760578477263	2.15611339000318e-05
Master_delinquency_lag2	1.19199672323576e-05	1.4952417686095e-05	1.61708504250239e-05
cliente_vip_lag3	1.18714221748654e-05	8.56307436615431e-05	3.23417008500477e-05
mprestamos_hipotecarios_lag2	1.12246068972608e-05	0.000228852943015795	1.07805669500159e-05
cseguro_auto	1.05895067119184e-05	4.17199382333369e-05	1.61708504250239e-05
minversion1_dolares	1.05878854919833e-05	0.000518935297281333	2.15611339000318e-05
cprestamos_prendarios_lag6	1.03052448696831e-05	0.000253069746454431	2.69514173750398e-05
Master_cadelantosefectivo_lag6	1.02944761913525e-05	8.56816640817828e-06	2.69514173750398e-05
minversion1_dolares_lag3	1.00721445025789e-05	0.000190330632220891	1.07805669500159e-05
Master_madelantodolares_lag1	9.79752607357928e-06	1.27793680342933e-06	1.07805669500159e-05
Master_delinquency_lag3	9.2960468669006e-06	1.01720675654023e-05	1.61708504250239e-05
Master_madelantopesos_lag6	9.13775431395323e-06	5.77721172921853e-06	1.61708504250239e-05
cinversion1_lag6	8.89321064754882e-06	0.000193420525677985	1.61708504250239e-05
Visa_cadelantosefectivo_lag6	8.846586427598e-06	0.000235512054066615	2.15611339000318e-05
mtarjeta_master_descuentos_lag3	8.82290449822952e-06	5.22181082730228e-05	2.69514173750398e-05
ccajeros_propios_descuentos_lag6	8.24903721553296e-06	0.000109037792713944	2.69514173750398e-05
Master_Finiciomora_lag3	7.73406663489975e-06	0.000165828748093174	1.61708504250239e-05
Master_cadelantosefectivo_lag3	7.48848400730261e-06	1.63129505418842e-06	1.07805669500159e-05
mtarjeta_master_descuentos_lag6	7.38533168919427e-06	2.66718030484369e-05	2.69514173750398e-05
cforex_buy_lag3	7.32784708708153e-06	2.81632741276996e-05	2.15611339000318e-05
cprestamos_prendarios	6.94171812663582e-06	0.000156720944934879	1.61708504250239e-05
ctarjeta_master_lag1	6.76362914526615e-06	9.00864645931671e-05	1.61708504250239e-05
tpaquete4_lag3	5.47827966338206e-06	2.32476580082147e-05	2.15611339000318e-05
cprestamos_hipotecarios_lag1	5.38810511767731e-06	0.000118912717067568	5.39028347500795e-06
cprestamos_prendarios_lag1	5.13508015799463e-06	2.04923384153901e-05	5.39028347500795e-06
Master_madelantodolares	4.87723737735434e-06	1.55054060834719e-06	5.39028347500795e-06
ccuenta_corriente	4.58463041462318e-06	0.000367611410450068	1.07805669500159e-05
Visa_cadelantosefectivo_lag2	4.41305423780916e-06	2.21978041721157e-06	1.07805669500159e-05
Master_madelantopesos_lag3	4.36458567601488e-06	2.63027451021066e-06	2.15611339000318e-05
ccuenta_corriente_lag2	4.33946297107181e-06	0.000189166460660149	1.07805669500159e-05
minversion1_pesos_lag3	4.25868393581571e-06	0.000121314079887515	2.15611339000318e-05
ctarjeta_master_descuentos_lag6	4.2426767732065e-06	4.89316693602299e-05	2.15611339000318e-05
Master_status_lag6	4.09539684535254e-06	0.000148187815090718	1.61708504250239e-05
Visa_cadelantosefectivo_lag1	4.05037655585196e-06	4.40597453553991e-05	4.31222678000636e-05
Visa_madelantodolares	3.6787603667076e-06	5.40451661001399e-06	1.07805669500159e-05
Visa_cadelantosefectivo_lag3	3.60053305375352e-06	5.20360194284948e-05	1.07805669500159e-05
cinversion2_lag3	3.56760490422497e-06	5.06689949097275e-05	1.61708504250239e-05
mplazo_fijo_pesos	3.11227988259605e-06	0.000197326711224455	5.39028347500795e-06
cinversion1_lag1	2.99881029363847e-06	4.95438193670173e-07	5.39028347500795e-06
ctarjeta_visa_lag2	2.85630209736075e-06	0.000239280073084026	1.61708504250239e-05
ccheques_depositados_rechazados_lag6	2.70386987011804e-06	6.50193914248876e-05	5.39028347500795e-06
ccheques_depositados_rechazados_lag2	2.61507032748255e-06	1.53664568716424e-05	1.07805669500159e-05
Master_cadelantosefectivo_lag1	2.27904238455273e-06	9.55609622508884e-07	5.39028347500795e-06
ccheques_depositados_rechazados_lag1	2.03627436758064e-06	9.99132769764922e-05	5.39028347500795e-06
Master_status_lag3	1.64435590798288e-06	1.53189434234622e-06	5.39028347500795e-06
ccheques_emitidos_rechazados_lag6	1.57512017478973e-06	6.34888322472673e-05	5.39028347500795e-06
Master_madelantodolares_lag3	1.56601995169093e-06	6.29230907247491e-07	5.39028347500795e-06
Master_cadelantosefectivo_lag2	1.47588402223601e-06	8.30840780872775e-07	5.39028347500795e-06
mpayroll2_lag2	1.32466830242424e-06	9.27398052250234e-05	5.39028347500795e-06
minversion1_dolares_lag2	1.1842206021307e-06	2.99228831160724e-06	5.39028347500795e-06
cpayroll2_trx_lag2	1.16564227522545e-06	9.27398052250234e-05	5.39028347500795e-06
ctarjeta_master_lag3	7.63656656284202e-07	1.99450589982209e-06	5.39028347500795e-06
Visa_madelantodolares_lag1	6.07651040330103e-07	8.22410827033819e-06	5.39028347500795e-06
Master_delinquency_lag6	4.94795481178295e-07	1.5858764334231e-05	5.39028347500795e-06
cpayroll2_trx_lag3	6.6574141514882e-14	6.54921318182158e-07	5.39028347500795e-06
