Feature	Gain	Cover	Frequency
Visa_status	0.0858020038930396	0.00832691446182549	0.00055511676080056
ctrx_quarter	0.0821679944832431	0.00944702821437017	0.00382993308793944
mcaja_ahorro	0.0338712965670166	0.00466170530858884	0.00404974442275308
mtarjeta_visa_consumo	0.0312001954835943	0.00548195334933556	0.00461603803108654
mcuenta_corriente_lag2	0.0184287359112244	0.00370780979851327	0.00207889364111888
mcuentas_saldo	0.0175935131640445	0.00972350113926083	0.00451172078744617
Visa_mpagominimo	0.015781450162034	0.00390376142681368	0.00354678628377271
foto_mes	0.0153132206443107	0.0040470082102223	0.00276068134062561
mcaja_ahorro_lag1	0.0127681364049337	0.00347399390645902	0.00373679269183196
cpayroll_trx	0.0116465597548988	0.00520060468757433	0.000376287200274205
ctarjeta_visa_transacciones	0.00919282499364543	0.00650856653412589	0.00344992027182093
Visa_mpagospesos	0.00591426278951281	0.00280074445179959	0.00306245622401383
mprestamos_personales	0.00586294446825856	0.00953186057413217	0.00136357539901346
Visa_delinquency	0.00567474199776626	0.00192110108676604	0.000372561584429906
mdescubierto_preacordado	0.00528869033816119	0.00987523853587347	0.000383738431962804
cprestamos_personales	0.00511782998818967	0.00363164724294533	0.000730220705482616
Visa_Finiciomora_lag1	0.00509312840317697	0.00526464572218779	0.000424720206250093
Visa_msaldototal	0.00506456830435432	0.00360042484383497	0.0039715064900228
cpayroll_trx_lag1	0.00489407249708126	0.00179589960639388	0.00031667734676542
mcuenta_corriente	0.00477757362200109	0.00440052392651437	0.00332697494895906
Master_Finiciomora	0.00421708594250802	0.00364280288837553	0.000305500499232523
mactivos_margen	0.00404875269439197	0.00522296421148589	0.00487310552434317
mautoservicio	0.00365462803504147	0.0023913477268475	0.00221674142735794
mprestamos_personales_lag6	0.00358900823936648	0.00158677327632212	0.00128533746628318
mpasivos_margen	0.00342008642345608	0.0034860639325589	0.00361012175312579
ctrx_quarter_lag6	0.00332138650505623	0.00294513439322049	0.00338285918662355
mcaja_ahorro_lag3	0.00323997659543753	0.00215581116406854	0.00305500499232523
mprestamos_personales_lag2	0.00308394232773078	0.00259628260477436	0.00116984337510991
mrentabilidad_annual_lag1	0.00295864164598897	0.00235927340713372	0.00349835327779682
mcomisiones	0.00295685702217986	0.00249249989561613	0.00375169515520916
numero_de_cliente	0.00277022979809008	0.00400856091645018	0.00425837891003383
Visa_mconsumospesos	0.00270533592992081	0.0021458972941552	0.00341266411337794
mactivos_margen_lag1	0.00263455837010011	0.00239245080631728	0.00288735227933177
ctarjeta_visa	0.00255497633379173	0.00214939488436428	0.000461976364693084
mcuentas_saldo_lag1	0.00255459089671201	0.002802632689002	0.0039752321058671
cproductos	0.00253926543166012	0.00478110487340824	0.00146416702680953
mpayroll_lag3	0.0024605276590112	0.00178534336939933	0.00101709312549364
mcuentas_saldo_lag2	0.00240569474914652	0.00196870835745202	0.00367718283832318
mcuentas_saldo_lag6	0.00240214187102305	0.00194279162866816	0.00259302862763215
mcomisiones_mantenimiento_lag6	0.00240073312208	0.00252743894626787	0.00180692368448505
ccaja_ahorro	0.00238685183517678	0.00247074901035001	0.000361384736897009
Visa_Fvencimiento_lag6	0.00237499027182754	0.00272427448860565	0.00369208530170037
ctrx_quarter_lag3	0.00237433364482566	0.0026216426755679	0.00314441977258841
mrentabilidad	0.00233034078268502	0.00201354705100201	0.00287617543179888
Visa_msaldototal_lag1	0.00232841060651909	0.00152847520189889	0.0019783020133228
mcomisiones_otras_lag1	0.00230128175157861	0.00145478214384977	0.0027718581881585
mcuenta_corriente_lag1	0.00229039712400747	0.00164923986616594	0.0024030222195729
Visa_mfinanciacion_limite	0.00224804105661858	0.00186736148677691	0.00225027196995663
mrentabilidad_annual_lag6	0.00215479629050443	0.00248667802754223	0.00322265770531869
mcuenta_corriente_lag6	0.00211568107849068	0.00322287241205274	0.00252224192659047
ctarjeta_debito_transacciones	0.00211401022369209	0.0010755843751227	0.00165789905071308
tmobile_app_lag6	0.0020985787021433	0.000617268683393624	0.000651982772752336
mcomisiones_otras	0.00209702809777988	0.0022242095170028	0.00333070056480336
chomebanking_transacciones_lag6	0.00209375791286305	0.0018047166775441	0.00304010252894804
mcuentas_saldo_lag3	0.00209008161453357	0.0023514041327886	0.0035840424422157
ctrx_quarter_lag1	0.00207997258730244	0.00243042222378475	0.00336795672324635
mpasivos_margen_lag1	0.00207621262903432	0.00155661190023695	0.00331207248558187
Visa_cconsumos_lag6	0.00207611621834026	0.00215797197006	0.00230615620762112
cliente_edad	0.00205066162243961	0.00258669921801149	0.00283519365751159
ctrx_quarter_lag2	0.00204987400586171	0.00278299076787238	0.00334560302818056
mtransferencias_recibidas	0.00203440897522238	0.00361486984455343	0.00135612416732486
Visa_mpagospesos_lag6	0.0020336162938995	0.00171202809065083	0.00275323010893701
cliente_edad_lag3	0.00202053557464875	0.00273453157658296	0.00291715720608617
mrentabilidad_annual	0.00201684974169561	0.0023509120862668	0.0027755838040028
mrentabilidad_annual_lag2	0.00201212660507559	0.00165712048742308	0.00312579169336691
Visa_Fvencimiento_lag3	0.00194586028943887	0.00187852653591709	0.00298421829128355
cliente_edad_lag6	0.0019371549998598	0.0022948906812579	0.0027718581881585
mcaja_ahorro_lag2	0.00191254895239438	0.00257762116788451	0.00321893208947439
chomebanking_transacciones	0.00189799004731399	0.00248493209519072	0.00251106507905757
Visa_msaldopesos	0.00189046123397916	0.00273688128957475	0.00244772960970448
Visa_Finiciomora	0.00188931276045189	0.00563989729863005	0.000573744840022056
mpasivos_margen_lag6	0.001888358447998	0.00195104197881739	0.00345737150350953
mtarjeta_visa_consumo_lag1	0.00185209270425314	0.00120266385618641	0.00229497936008822
mactivos_margen_lag3	0.00181321548310163	0.00346559014744711	0.00312206607752261
Visa_Fvencimiento_lag1	0.00179466539720402	0.00182377237625206	0.00290970597439757
Visa_fultimo_cierre_lag1	0.00177741371151546	0.00159020472826107	0.00176594191019776
ctarjeta_visa_transacciones_lag6	0.00176032865579159	0.00122215833685969	0.00177339314188635
Master_mlimitecompra	0.00175712160104538	0.00214255970581579	0.00223909512242374
Visa_mfinanciacion_limite_lag6	0.00174587465102462	0.00155400540697285	0.00268616902373962
Visa_fechaalta_lag1	0.00170122737875208	0.00165854950433851	0.0027681325723142
cliente_antiguedad_lag6	0.00169667516195783	0.00225280453342689	0.0031667734676542
Visa_fechaalta_lag6	0.00168816613655878	0.00139151946576173	0.0027755838040028
mcomisiones_otras_lag6	0.00168761746936801	0.00133487165568854	0.00273087641387121
Visa_fechaalta	0.00168137927590245	0.00218717250212623	0.00259302862763215
Master_mfinanciacion_limite	0.00167726137050074	0.00183762105683814	0.00217203403722635
mrentabilidad_lag1	0.00166730980189029	0.00242062296809296	0.00305127937648093
mactivos_margen_lag2	0.00163323401141725	0.00235436553802908	0.00274577887724841
mcomisiones_otras_lag2	0.00163079593828371	0.00135481057443312	0.0027681325723142
cpayroll_trx_lag2	0.00162684035277786	0.00178427505936643	0.000618452230153644
mrentabilidad_annual_lag3	0.00162581064424544	0.00165241082492864	0.00286127296842168
mrentabilidad_lag6	0.00162186244836155	0.00159780549372144	0.00288362666348747
Visa_mconsumosdolares	0.00161811100472385	0.00136747442226273	0.00140828278914505
canarito88	0.00161618991142645	0.00176425168073228	0.00302147444972654
cliente_edad_lag2	0.00161487671521008	0.00215104136641032	0.00246263207308168
canarito6	0.00161373657245857	0.00176645711097106	0.00303265129725944
cmobile_app_trx_lag6	0.0015949531271524	0.00291472206646919	0.00163927097149159
canarito41	0.00159153670732105	0.00166883383184471	0.00309226115076822
Master_fechaalta	0.00158986233890243	0.00169608658144538	0.00307735868739103
mcomisiones_lag3	0.00158806405418008	0.00135335331168774	0.00292460843777476
canarito24	0.00157397360335992	0.00166729943091753	0.00282029119413439
ccomisiones_mantenimiento	0.00157082749661961	0.00312726971606915	0.000689238931195327
mprestamos_personales_lag3	0.00156808770811557	0.00282024444977871	0.000868068491721682
Master_Fvencimiento_lag3	0.00156631543969778	0.00157811284113801	0.0027830350356914
mactivos_margen_lag6	0.00155580565299908	0.00199370237755737	0.00293205966946336
mttarjeta_visa_debitos_automaticos_lag6	0.00153853841336337	0.00159459737121933	0.00195594831825701
canarito45	0.00153494171176794	0.00220363596928521	0.00281283996244579
mcaja_ahorro_lag6	0.00153082191964953	0.004036776592072	0.00303265129725944
canarito9	0.00153007060077128	0.0018674214484405	0.00282401680997869
Visa_fechaalta_lag3	0.0015261623418123	0.00169787169013843	0.00216830842138205
mrentabilidad_lag3	0.00152291588092667	0.00129184624726148	0.00263028478607514
mcomisiones_lag6	0.00151594568204493	0.00103009231457983	0.0024030222195729
Visa_mconsumospesos_lag6	0.00151554692942803	0.00136563636131352	0.0023732172928185
canarito46	0.00151382417279776	0.00225535817853495	0.00287617543179888
Master_Fvencimiento	0.00151124533757714	0.00159146385379633	0.00272715079802691
Visa_mlimitecompra_lag6	0.00150914062152864	0.00154796558796782	0.00235831482944131
cprestamos_personales_lag1	0.00149305599314897	0.00118142281856098	0.000342756657675514
Master_Fvencimiento_lag2	0.00149256771027817	0.00173575885591655	0.00259675424347645
ctarjeta_visa_transacciones_lag1	0.00147653197903364	0.00212361546362603	0.00225772320164523
canarito129	0.00147439073494238	0.00213081891366506	0.00282401680997869
mcomisiones_mantenimiento	0.00146717734592819	0.00419727762177819	0.00150142318525252
cliente_edad_lag1	0.00146695422372828	0.00210430444204731	0.00205653994605308
canarito85	0.00146595263902407	0.00190169214168347	0.00274205326140411
canarito130	0.00146335091605667	0.00170260644075948	0.00274205326140411
mpayroll_lag2	0.00146169940381738	0.00167291885897675	0.000894147802631775
canarito43	0.00145988798755036	0.00136470178522244	0.00269734587127252
Visa_mpagominimo_lag1	0.00145355943408438	0.0016728906131468	0.00224282073826804
Visa_mpagominimo_lag6	0.00145315545291634	0.00167523630093432	0.00223909512242374
canarito115	0.00145279855892716	0.00152611330919418	0.00264891286529663
canarito97	0.00145129536158675	0.00155818138290134	0.00263773601776374
canarito60	0.00145019919548855	0.00123688201357367	0.00268989463958392
canarito66	0.00144219962390263	0.00180353354508943	0.00273832764555981
Visa_cconsumos	0.00144209590027227	0.00208253738656405	0.00261910793854224
canarito8	0.00144110406066718	0.00133312967914123	0.00282029119413439
canarito26	0.00143978366562368	0.0018099522884963	0.00260793109100934
mcomisiones_otras_lag3	0.00143562164622259	0.00130134173883114	0.00252969315827906
Master_Fvencimiento_lag6	0.00143055058004614	0.00161406600036518	0.00251479069490187
mcomisiones_lag2	0.00142378436305407	0.00129985775705743	0.00265636409698523
canarito134	0.00142243536385075	0.00146360785530915	0.0027867606515357
canarito13	0.00142192236924521	0.0013363948138038	0.00247008330477028
canarito102	0.00141982727230512	0.00148862332003725	0.00267126656036243
mcomisiones_lag1	0.00141707640160506	0.001558860948422	0.00258557739594355
canarito87	0.00141383258274031	0.00168793061539624	0.00293205966946336
canarito21	0.00140744304420946	0.00172986869817023	0.00255204685334486
mcuenta_corriente_lag3	0.0014061915564314	0.00358847252025992	0.00224654635411234
canarito62	0.00139878155616516	0.00120415075276322	0.00263028478607514
canarito36	0.00139808031933539	0.00200100829680507	0.00275695572478131
canarito56	0.00139513696295549	0.00167942317267437	0.00252969315827906
canarito31	0.00139398723326529	0.00167832626981113	0.00263401040191944
canarito111	0.00139395710395394	0.00114121446322131	0.00250733946321327
canarito109	0.00139358131578506	0.00140624227497479	0.00242537591463869
chomebanking_transacciones_lag1	0.00139325134018613	0.00131373922917828	0.00259302862763215
Visa_Fvencimiento	0.00139201204299082	0.00161365241062658	0.00225027196995663
canarito15	0.00139177702186495	0.00127458457515603	0.00245518084139308
canarito57	0.00139062815834276	0.00186088538420922	0.00262283355438654
Visa_mlimitecompra_lag3	0.00138309309054234	0.00140294885978223	0.00141945963667794
mpasivos_margen_lag2	0.00138293749400211	0.00138141023464121	0.00251851631074617
canarito84	0.00137482737638843	0.00172235537680259	0.00261165670685364
chomebanking_transacciones_lag2	0.00137049509407528	0.00148975974624239	0.00257067493256635
canarito132	0.00136938593700686	0.00146721683263635	0.00261165670685364
canarito144	0.00136894243967278	0.00132592994200614	0.00244772960970448
mcomisiones_mantenimiento_lag3	0.00136865413660785	0.000720050921090888	0.000957483271984859
canarito121	0.00136663457228132	0.00186251750044002	0.00258930301178785
canarito110	0.00136615230030758	0.00143383629943737	0.00255949808503346
canarito10	0.00136541885244252	0.00166218801139703	0.00245890645723738
canarito1	0.00135951096791837	0.00179658350941914	0.00248871138399177
canarito4	0.00135930370326353	0.00168590413324722	0.00260047985932075
Master_mfinanciacion_limite_lag6	0.00135904386654981	0.00108295317083708	0.00223164389073514
chomebanking_transacciones_lag3	0.0013585846952925	0.000974875152323806	0.00244772960970448
cmobile_app_trx_lag3	0.00135846679600367	0.00128328724028492	0.00230615620762112
canarito141	0.00135554896945056	0.00125465637872282	0.00256694931672205
canarito30	0.0013555346539189	0.0017186454223683	0.00248126015230318
canarito67	0.00135527073636648	0.00137515253410512	0.00263773601776374
canarito25	0.00135230679406222	0.00170727127080638	0.00267871779205103
canarito49	0.00135136172700009	0.00127217559450138	0.00258557739594355
canarito55	0.00135110028124421	0.00169399062982269	0.00248871138399177
canarito75	0.00134732369107899	0.00161137907241578	0.00259302862763215
canarito33	0.00134546919495742	0.00154939477838343	0.00270852271880542
canarito126	0.00134450448745164	0.00167781454836847	0.00248871138399177
canarito155	0.00134421525366068	0.00169459767226643	0.00248871138399177
Master_mpagominimo	0.00134413078874137	0.0015963713759006	0.00123317884446299
Master_fechaalta_lag6	0.00134295845721945	0.00144649931446609	0.00259302862763215
canarito114	0.00133878154808595	0.00151272912330068	0.00252596754243476
Master_fechaalta_lag2	0.00133731391002067	0.00136865106581052	0.00250361384736897
canarito100	0.00133718743781946	0.00166406885749161	0.00234341236606411
cliente_antiguedad_lag2	0.00133504075495115	0.00234004285494033	0.00241419906710579
canarito39	0.00133491132426582	0.00118264825036051	0.00255949808503346
canarito108	0.00133374911720512	0.00225094176605149	0.00266381532867383
Visa_mlimitecompra	0.00133050506827028	0.00129434451111081	0.0015759355021385
canarito133	0.00132593865864346	0.0012391149262416	0.00234341236606411
canarito61	0.00131839673763289	0.00183646856451596	0.00264146163360804
canarito59	0.00131696534031355	0.00169828923568122	0.00249243699983607
Visa_msaldototal_lag6	0.00131686137967639	0.0015736822363395	0.00177711875773065
canarito80	0.00131655090234915	0.00150196805198891	0.00269362025542822
canarito64	0.00131574279996927	0.00120582943644341	0.0024030222195729
mpasivos_margen_lag3	0.00131063175842173	0.00192841394602109	0.00260047985932075
canarito93	0.00130967157388596	0.00190133965870968	0.00248498576814748
canarito20	0.00130772896260618	0.0015783444291836	0.00260047985932075
canarito79	0.00130690409646444	0.00225280769113024	0.00263401040191944
canarito3	0.00130681788940284	0.00145704073454493	0.00267871779205103
canarito89	0.00130507920580924	0.00162213080941765	0.00235831482944131
canarito131	0.00130158851606003	0.001234777595142	0.00235458921359701
canarito86	0.00130006382561125	0.00150753126598852	0.00244772960970448
canarito73	0.001298251208461	0.002001808826654	0.00233596113437551
Visa_Fvencimiento_lag2	0.00129797378442343	0.00169960343017488	0.00221674142735794
canarito103	0.0012979668835913	0.00146303638040312	0.00233596113437551
canarito70	0.00129701982404913	0.00150981310570833	0.0024030222195729
canarito128	0.0012969605923503	0.00178523049017963	0.0023806685245071
canarito145	0.00129561730548821	0.00159300658273235	0.00261910793854224
canarito14	0.00129418748683545	0.00239704686089125	0.00250733946321327
canarito47	0.00129076242780027	0.0016836827409915	0.0023806685245071
canarito139	0.0012900938808645	0.00142154662210456	0.00253714438996766
Visa_mpagospesos_lag1	0.00128959201001025	0.00167307511324245	0.00263028478607514
Master_fechaalta_lag3	0.001287291926442	0.00127463846431318	0.0024030222195729
canarito95	0.00128558805286167	0.00121691436319862	0.00241047345126149
canarito116	0.00128530495263669	0.00141076986637616	0.00245890645723738
canarito77	0.00128179668618707	0.00134721622847956	0.00233223551853121
canarito101	0.0012807881597594	0.00126359399780087	0.00231733305515402
Master_fechaalta_lag1	0.00128020312553768	0.00131104425082034	0.00250733946321327
canarito63	0.00127959739767362	0.0013377244151138	0.00230243059177682
canarito92	0.00127386696390969	0.00148045673577685	0.00229870497593252
canarito107	0.00127140148455886	0.00155726714103181	0.00233968675021981
mes	0.00127035535996282	0.00152293940092835	0.00162809412395869
canarito40	0.00126912989465227	0.00205607052339679	0.00260047985932075
canarito152	0.00126644765749871	0.00155293855434149	0.00242910153048299
canarito146	0.00126628853243053	0.00145555723857173	0.00242537591463869
canarito143	0.00126531769926276	0.00145365192895121	0.00247380892061458
canarito37	0.00126480805047678	0.00145619270034561	0.00242165029879439
canarito90	0.00126418820827799	0.00159494693939003	0.00234713798190841
Master_Fvencimiento_lag1	0.00126390939925183	0.00140962382826082	0.00232105867099832
mpayroll_lag6	0.0012625149285725	0.00218514254997353	0.0011996483018643
canarito122	0.00126139744192092	0.00144960354505803	0.0023769429086628
canarito50	0.00125854718036096	0.00125740476043739	0.00233968675021981
canarito76	0.00125852235777431	0.00140581213331864	0.00225772320164523
canarito112	0.00125807398462999	0.00142621651835684	0.00243655276217159
canarito94	0.00125583875550918	0.00148577430821596	0.00257812616425495
Master_status	0.00125557542772275	0.0061848314304152	0.000540214297423364
canarito140	0.0012547500320232	0.00115514312739221	0.00225772320164523
cextraccion_autoservicio	0.00125239228506178	0.000685347275488786	0.000402366511184299
canarito123	0.00125219059469887	0.00198570870358034	0.00245890645723738
cliente_antiguedad	0.00124757411589728	0.00164592493695056	0.00209007048865177
canarito113	0.0012468231680489	0.00135802286093965	0.00226144881748953
canarito74	0.00124297039242003	0.00139102835614092	0.00232105867099832
canarito154	0.00124263598297959	0.00138739276388549	0.00252969315827906
canarito5	0.0012399348832077	0.0013517378514746	0.00230243059177682
Visa_fechaalta_lag2	0.00123903655306316	0.00136586933736059	0.00233968675021981
canarito118	0.0012364266329207	0.000836114146772214	0.00207889364111888
Visa_mfinanciacion_limite_lag3	0.00123591750633201	0.00177260366728929	0.0020081069400772
canarito138	0.00123364202689685	0.00129470945139781	0.00231733305515402
canarito147	0.00122513618888532	0.00141227147576857	0.00239184537204
canarito78	0.00122353585634986	0.00178908264536472	0.00229125374424392
mrentabilidad_lag2	0.00122272211486555	0.00125916974310909	0.00229870497593252
canarito28	0.00122041565686256	0.0019459786535479	0.0023881197561957
canarito12	0.0012202225376127	0.00172240197895201	0.00218693650060355
Visa_mpagominimo_lag3	0.00121889278859734	0.00136650098213043	0.00215340595800486
canarito69	0.00121852883893841	0.0019976186931105	0.00222791827489084
canarito127	0.00121683526929096	0.00141861394849455	0.00241047345126149
Visa_mfinanciacion_limite_lag1	0.00121515870266737	0.00194265626382461	0.00192614339150262
canarito34	0.00121426648692381	0.00199265353424511	0.00234713798190841
canarito82	0.00121342445849816	0.00192270037676203	0.00255204685334486
canarito53	0.00121029749954291	0.001463289933572	0.0023843941403514
canarito16	0.00120978015134101	0.00143350085418164	0.00242910153048299
canarito17	0.00120607921146699	0.00218646878537996	0.00234713798190841
cliente_antiguedad_lag3	0.0012057101883048	0.00168019798979603	0.00209379610449607
canarito44	0.00120505031784002	0.00129283613521122	0.00223164389073514
Visa_fultimo_cierre_lag6	0.00119849026474288	0.000969128479229643	0.00188888723305962
canarito96	0.00119672747945262	0.00128630138958133	0.00225772320164523
canarito91	0.00119478504538738	0.00155657858820163	0.00235458921359701
canarito58	0.00119312999217242	0.00147136789393842	0.00257440054841065
canarito156	0.00119176303525535	0.00168115258780835	0.00235831482944131
Visa_mconsumospesos_lag3	0.00119154657540414	0.00130866490399712	0.00220556457982504
mpayroll_lag1	0.0011896545765427	0.00174572390838417	0.000979836967050653
canarito68	0.00118839614226496	0.0014211404234738	0.0023732172928185
canarito151	0.00118573548374159	0.00137502338056816	0.00214968034216056
mcaja_ahorro_dolares_lag6	0.00118094944378386	0.00160443597675285	0.00172123452006617
canarito7	0.00117967437870748	0.00103399974692354	0.00213477787878336
canarito19	0.00117952719846198	0.00118287487630084	0.00224654635411234
Visa_fultimo_cierre	0.00117819097408138	0.00269501985918205	0.0015908379655157
canarito81	0.00117639265770661	0.00181639438502794	0.00222046704320224
canarito2	0.00117598585308342	0.0011555092821805	0.00219438773229215
canarito119	0.00117362588424325	0.00153031832905346	0.00220929019566934
canarito65	0.00117064508170751	0.00160837838673365	0.00242537591463869
Master_fultimo_cierre	0.00117024704933275	0.00194066010950775	0.00195967393410131
canarito18	0.00116733201081845	0.00114725685002906	0.00220929019566934
canarito153	0.00116553683159666	0.00130518088150243	0.00220556457982504
Master_mlimitecompra_lag6	0.00116498049394054	0.00121364232322873	0.00186280792214953
canarito71	0.00116421609388291	0.00172149870229411	0.00223909512242374
canarito125	0.00115987912042101	0.00142293420717605	0.00219066211644785
canarito150	0.00115918091499455	0.00106175557765771	0.00209379610449607
canarito48	0.00115491995704097	0.00105747376661698	0.00208261925696318
mcomisiones_mantenimiento_lag1	0.00115448874192613	0.00189474720691859	0.00134867293563626
canarito29	0.00115195544874924	0.00105504250853871	0.00210124733618467
canarito27	0.00115115841853868	0.00123159570586771	0.00227635128086673
Visa_msaldopesos_lag1	0.00114953763773941	0.00145574666607261	0.00213105226293906
canarito124	0.00114836301598453	0.000940091835437214	0.00212360103125047
canarito42	0.00114397947496195	0.00121247161338723	0.00219066211644785
tpaquete3	0.00113975145361208	0.00318411916805617	0.000208634487280748
mcaja_ahorro_dolares	0.00113825169285766	0.00503375757633833	0.00144181333174374
canarito54	0.00113664738868476	0.0010495003227614	0.00204536309852019
canarito32	0.00113382001350897	0.00171430396196432	0.00228380251255533
canarito98	0.00112936782255367	0.00118192180509013	0.00207516802527458
canarito104	0.00112789201396334	0.0010523134200446	0.00210124733618467
canarito83	0.0011273633535865	0.00114284709995266	0.00210124733618467
Visa_msaldopesos_lag6	0.00112600634329571	0.00185106565549571	0.00182555176370654
mcuenta_debitos_automaticos	0.00112538005741568	0.00510862217702983	0.00110278228991252
canarito137	0.0011238498700972	0.00196556581801946	0.00232478428684262
canarito142	0.00112295229654026	0.00148623703320667	0.00210869856787327
ctarjeta_visa_transacciones_lag3	0.00111787505228215	0.000872541586102343	0.00184045422708374
mttarjeta_visa_debitos_automaticos_lag2	0.00111651574889966	0.00134585397443494	0.00178084437357495
ccomisiones_otras_lag6	0.00111491973487244	0.00126127294703947	0.00190751531228112
canarito120	0.00111461666210965	0.00202869247196325	0.00235831482944131
canarito11	0.00111433857175462	0.00159568285777045	0.00212360103125047
canarito135	0.00111370485024281	0.00125932311727174	0.00207144240943028
Visa_mfinanciacion_limite_lag2	0.00110442142869753	0.00129014195495413	0.00189633846474822
canarito149	0.00110093135940773	0.00110434043441758	0.00217948526891495
Visa_mlimitecompra_lag2	0.00109934854463633	0.000904246558624449	0.0015871123496714
canarito105	0.0010977553309366	0.0011876675412833	0.00208261925696318
Visa_mconsumototal	0.00109588065081788	0.00115957491199197	0.00186280792214953
canarito52	0.00109533343536192	0.00151831277562196	0.00206771679358598
canarito106	0.00109234524905996	0.00112341500994556	0.00203791186683159
cmobile_app_trx	0.00109134191429248	0.00136768335118429	0.00204163748267589
Visa_msaldototal_lag3	0.00108978589628273	0.00118392847351814	0.00172123452006617
Visa_cconsumos_lag2	0.00108970948860989	0.00132628617258391	0.00171750890422187
Visa_mconsumospesos_lag2	0.00108861255278619	0.00107828115788256	0.00212732664709476
Visa_msaldototal_lag2	0.00108042290947356	0.00128155744345053	0.00189261284890392
mtarjeta_master_consumo	0.00107874443837416	0.00181558722747197	0.000592372919243551
Master_mfinanciacion_limite_lag2	0.00107785666474361	0.00166718040979131	0.00175103944682056
canarito35	0.00107115263646884	0.00176692139746342	0.00204536309852019
Visa_mpagominimo_lag2	0.00107114914904542	0.00170078121882389	0.00207144240943028
mdescubierto_preacordado_lag3	0.00106913487050504	0.000167160730168588	0.000134122170394766
cmobile_app_trx_lag2	0.00106886629581629	0.00109406974402584	0.00187771038552673
Visa_mpagospesos_lag3	0.0010587771245272	0.00158795588827625	0.00204163748267589
canarito51	0.0010567452714488	0.00137429114039164	0.00213850349462766
ccomisiones_otras_lag2	0.00105382774132772	0.00114943472843863	0.00205653994605308
canarito38	0.00105303519453301	0.00146812361399797	0.0019745763974785
canarito22	0.00105205388886633	0.0014605479366642	0.00208634487280748
mttarjeta_visa_debitos_automaticos_lag3	0.00104752169941892	0.00105379365421434	0.00180319806864075
Master_fultimo_cierre_lag6	0.00104595797295358	0.00100062341242901	0.00181437491617364
canarito136	0.00104465789512265	0.00148691357982412	0.00203791186683159
Visa_mconsumototal_lag6	0.00103006312591519	0.00108612183939735	0.00188888723305962
canarito23	0.00102613818211127	0.00102671017139318	0.00191496654396972
canarito99	0.0010070769501622	0.0012253868282834	0.0019708507816342
mprestamos_personales_lag1	0.00100091508185919	0.00228311963067508	0.000916501497697569
Master_fultimo_cierre_lag1	0.000990468452357963	0.00120469040773551	0.00179202122110785
cmobile_app_trx_lag1	0.000981508031467894	0.00082491123989189	0.00163927097149159
canarito117	0.000981381516804544	0.00115363266949041	0.00188516161721533
Visa_cconsumos_lag1	0.000970296071314654	0.00118816253730823	0.00181064930032934
mtarjeta_visa_consumo_lag6	0.000969574472647434	0.000857617169675479	0.00161319166058149
Visa_cconsumos_lag3	0.000967899210258239	0.00102747041449939	0.00166907589824598
cprestamos_personales_lag3	0.000967196889729238	0.00109878912253059	0.000402366511184299
cliente_antiguedad_lag1	0.000962701343199458	0.00117806506950019	0.00186280792214953
Visa_delinquency_lag6	0.000960741231000326	0.000196599790287767	4.47073901315888e-05
canarito72	0.000960243221707374	0.00103026269176051	0.00184790545877234
ctarjeta_visa_transacciones_lag2	0.000944253193336026	0.00150210615813536	0.0019708507816342
ctarjeta_visa_debitos_automaticos_lag6	0.000940958466810206	0.00100480539146386	0.00116239214342131
Visa_mconsumospesos_lag1	0.000937286351665677	0.001209187948905	0.00195594831825701
mttarjeta_visa_debitos_automaticos	0.00093604967015992	0.00148936725412616	0.00202300940345439
internet	0.000934599536419134	0.00121951346535488	0.000752574400548411
Visa_msaldopesos_lag2	0.000932695931128173	0.00111111995410704	0.00146416702680953
Visa_fultimo_cierre_lag3	0.000922916415456633	0.00158852316447782	0.00146789264265383
ccomisiones_otras_lag1	0.000918870773759248	0.000906439011049475	0.00181064930032934
mpagomiscuentas	0.0009134413642753	0.00464823412970309	0.00103944682055944
ccomisiones_otras_lag3	0.00090499936290012	0.00121121512505476	0.00163554535564729
canarito148	0.000899382675965983	0.00171619972907472	0.00171378328837757
mcaja_ahorro_dolares_lag1	0.000896592831228878	0.00130666368347489	0.00128161185043888
Master_mfinanciacion_limite_lag1	0.000895050529630041	0.00109684592046989	0.00153867934369551
mcaja_ahorro_dolares_lag3	0.000893212550806604	0.00119086154087044	0.00172496013591047
Visa_fultimo_cierre_lag2	0.000888654904234996	0.00145676247494984	0.00154985619122841
mpayroll	0.000887975862715465	0.00545778390620464	0.00102081874133794
Visa_mpagospesos_lag2	0.00087786860504407	0.00133203194347712	0.00169142959331177
Master_mfinanciacion_limite_lag3	0.000861889871615537	0.0012503595772662	0.00152750249616262
Visa_status_lag6	0.000854405487191472	0.00039359856159864	4.09817742872897e-05
mcaja_ahorro_dolares_lag2	0.000853167437239544	0.00098686401503761	0.00181810053201794
Visa_mlimitecompra_lag1	0.000852159509085398	0.000896857185788256	0.00135612416732486
Master_mlimitecompra_lag2	0.000851409023436412	0.00109254932721349	0.00147906949018673
mtransferencias_emitidas	0.000846068535122551	0.00398303237697798	0.00122572761277439
Visa_mconsumosdolares_lag6	0.000844146438377601	0.00147899454562624	0.00143808771589944
Visa_mconsumototal_lag3	0.000829760354017212	0.000727941431858522	0.00127416061875028
Master_mlimitecompra_lag1	0.000822405635484409	0.00108020930012729	0.00148279510603103
mtransferencias_recibidas_lag1	0.000820368642703731	0.00162878152257052	0.00135612416732486
Master_msaldototal	0.00081921377100377	0.0011467572041992	0.00110650790575682
mtransferencias_emitidas_lag6	0.000817033764509178	0.00115866073952252	0.00112513598497832
Visa_mconsumototal_lag2	0.000813392039005693	0.000764399025520629	0.00139710594161215
Visa_msaldopesos_lag3	0.000808480887647144	0.00164246270607898	0.00162064289227009
cpayroll_trx_lag3	0.000803643841199503	0.00047533435947683	0.000312951730921121
mcomisiones_mantenimiento_lag2	0.000797838021897328	0.00137663634237865	0.00113631283251121
mtarjeta_visa_consumo_lag2	0.000795439238984802	0.000990366636752027	0.00176221629435346
mcuenta_debitos_automaticos_lag6	0.000795434577753993	0.00114202182897749	0.00116611775926561
ctarjeta_visa_debitos_automaticos_lag3	0.000782200675831122	0.000756248090976825	0.00128906308212748
cproductos_lag1	0.000777100949094408	0.00121994402341148	0.00106925174731383
Master_mpagospesos	0.000776473424674284	0.00100977079322951	0.000767476863925607
mtarjeta_visa_consumo_lag3	0.000772519192727338	0.00077284067697273	0.00143063648421084
Master_fultimo_cierre_lag2	0.000769488635882677	0.000866364597851846	0.00144553894758804
ccomisiones_otras	0.000763052152901201	0.00147420136014322	0.00140828278914505
ccaja_ahorro_lag1	0.000760981740272112	0.000575655323563992	0.000275695572478131
mttarjeta_visa_debitos_automaticos_lag1	0.000760597555188709	0.000632796498760374	0.00150514880109682
Visa_mconsumototal_lag1	0.000758110778636794	0.00131819464450311	0.00178456998941925
thomebanking	0.000751514991590114	0.00129295997964255	0.000342756657675514
Visa_mconsumosdolares_lag3	0.000727640118079412	0.000823760447871512	0.00147161825849813
mautoservicio_lag2	0.000715525087736307	0.00126255167809553	0.00194477147072411
tmobile_app	0.000712306776564325	0.000615032613022344	0.00101336750964935
ccaja_seguridad	0.000709828337011139	0.00350499443353409	0.000193732023903551
Visa_mconsumosdolares_lag2	0.000704893744279775	0.00126156522544943	0.00134494731979196
Visa_delinquency_lag1	0.000700459783540117	0.000967426615924872	0.00016020148130486
ctarjeta_visa_debitos_automaticos	0.00069400739018122	0.00121927910130635	0.00123690446030729
cplazo_fijo	0.000692734092538183	0.00354457544690848	0.000230988182346542
Master_fultimo_cierre_lag3	0.000679979695566995	0.000802677226013432	0.00122572761277439
Master_msaldopesos	0.00067677991161803	0.00108679293810902	0.000983562582894952
cextraccion_autoservicio_lag6	0.00067411414197623	0.000821392205060067	0.0007935561748357
Master_mlimitecompra_lag3	0.00067310998091674	0.000926449446569899	0.00114003844835551
ccallcenter_transacciones	0.000668342297852344	0.00175338793201162	0.00043589705378299
ctarjeta_debito_transacciones_lag6	0.000667535914636103	0.00166181862950531	0.00144181333174374
mautoservicio_lag6	0.000662439129088644	0.000841915958224848	0.00152005126447402
cproductos_lag6	0.000654035610431466	0.00139382462390627	0.000882970955098878
cproductos_lag2	0.000651583709067107	0.00104187773097789	0.000923952729386168
tcallcenter	0.000651437979963852	0.000848692667211331	0.000260793109100934
mautoservicio_lag1	0.000645791651414927	0.00125184248333877	0.00190006408059252
cpagomiscuentas	0.000638258180904919	0.00155572694519849	0.000622177845997944
mplazo_fijo_dolares	0.000637421289647583	0.00280435766253128	0.000294323651699626
ctarjeta_debito_transacciones_lag1	0.000634096128163995	0.000817044290449243	0.00177711875773065
mautoservicio_lag3	0.000628786339047057	0.00135340841534618	0.00170633205668897
Master_msaldototal_lag1	0.000612818906533104	0.000661265276450599	0.00109533105822392
ctarjeta_visa_debitos_automaticos_lag2	0.000612532291695536	0.000760862224269965	0.00114003844835551
cproductos_lag3	0.000611950409412139	0.000885727704185798	0.000991013814583551
Visa_mconsumosdolares_lag1	0.000608983043910205	0.000950059698607813	0.00132259362472617
mcuenta_debitos_automaticos_lag3	0.000607706493908849	0.00211889185171679	0.00100964189380505
ctarjeta_debito_transacciones_lag2	0.00060711966782249	0.000770013352674443	0.00130023992966037
mtransferencias_recibidas_lag3	0.000607091066365547	0.00184063801683753	0.00103199558887084
ccaja_seguridad_lag3	0.000596144355125788	0.000435188776503728	7.07867010416822e-05
ccaja_ahorro_lag3	0.000594476777578624	0.000237964246753445	0.000167652712993458
mtransferencias_emitidas_lag2	0.000588002407627562	0.000817853009506864	0.00125180692368449
mextraccion_autoservicio_lag3	0.000583083392643766	0.00102325172282561	0.00108042859484673
Master_mconsumospesos	0.000572267403764004	0.000602296832016457	0.000689238931195327
mdescubierto_preacordado_lag1	0.000571692767893137	0.000219956627956943	0.00016020148130486
mextraccion_autoservicio	0.000563987668406188	0.00192834440714734	0.000983562582894952
Master_msaldototal_lag6	0.000551418830743633	0.00107385707669096	0.00102826997302654
mcuenta_debitos_automaticos_lag2	0.000547593851185283	0.00107177726058538	0.000991013814583551
Master_msaldopesos_lag6	0.000547450703128397	0.000710087881225404	0.000961208887829158
tmobile_app_lag3	0.0005368349860457	0.000215158549768735	0.000622177845997944
ccaja_ahorro_lag6	0.00053585240989607	0.000585097515877134	0.000193732023903551
mtransferencias_emitidas_lag3	0.000534503890323408	0.00112643030434318	0.00116611775926561
mtarjeta_master_consumo_lag1	0.000523414352925948	0.00106642589031042	0.000584921687554953
mpagomiscuentas_lag6	0.000518374274715109	0.000694199775376578	0.000976111351206355
ctransferencias_emitidas_lag6	0.000516449247476116	0.00106417725852582	0.000506683754824673
mtransferencias_emitidas_lag1	0.000510275719453834	0.00185063908794335	0.000957483271984859
Master_mconsumototal	0.000509757358227825	0.000669939036448843	0.000529037449890467
Master_msaldototal_lag2	0.000507409532134143	0.000639177731427467	0.000856891644188784
mtransferencias_recibidas_lag2	0.000506354644583247	0.000692571267949598	0.000935129576919065
ctarjeta_debito_transacciones_lag3	0.000506184509215359	0.000474739323245813	0.00108415421069103
tmobile_app_lag1	0.000504058145625204	0.000449147629706644	0.000629629077686542
Master_mpagospesos_lag6	0.000503899046553123	0.00118781886814378	0.00087551972341028
mextraccion_autoservicio_lag6	0.000495148787312967	0.000600169338060318	0.000938855192763364
mtransferencias_recibidas_lag6	0.000493421357212467	0.000796049831285293	0.000771202479769906
ccuenta_debitos_automaticos_lag6	0.000492777378268454	0.00109441462769158	0.000566293608333458
cextraccion_autoservicio_lag3	0.000487737938738277	0.000576160799000033	0.000745123168859813
cprestamos_personales_lag6	0.000479251415610155	0.000819431861181185	0.000469427596381682
ccaja_seguridad_lag1	0.000475737963875369	0.000186205810665285	4.84330059758878e-05
Master_mpagominimo_lag6	0.000472003958677938	0.00105399040342299	0.000801007406524298
Master_msaldototal_lag3	0.000458957805767293	0.000786850088129261	0.000927678345230467
mdescubierto_preacordado_lag6	0.000451394145885011	0.000382342008461427	0.000152750249616262
ccaja_seguridad_lag2	0.000433832396905245	9.06963883806085e-05	3.72561584429906e-05
ccuenta_debitos_automaticos	0.000427316379701454	0.00220268272457432	0.000521586218201869
internet_lag1	0.000419727470895411	0.000387044730948513	0.000514134986513271
matm_lag2	0.000417705317722921	0.000445257373881152	0.000771202479769906
matm_lag3	0.000417340981482792	0.00047307823248428	0.000797281790679999
ctarjeta_master_transacciones	0.000413411534081309	0.0020817918215734	0.00039864089534
Master_mpagominimo_lag1	0.000409140106848661	0.000872337029385418	0.0007935561748357
Master_msaldopesos_lag2	0.000405893795951435	0.00033256449337397	0.000611000998465046
Master_mpagominimo_lag2	0.00040448561918713	0.000779637234380261	0.000827086717434392
ctransferencias_emitidas_lag2	0.000401826401690558	0.00052164988659296	0.000577470455866355
cliente_vip_lag2	0.000397767161199391	0.00136847794732694	0.00011921970701757
ctarjeta_visa_debitos_automaticos_lag1	0.000396331666881257	0.000419463344427412	0.000763751248081308
catm_trx	0.000395562764860236	0.000492338314408978	0.000469427596381682
Master_msaldopesos_lag3	0.000395396635729191	0.000570730139140992	0.000741397553015514
ctransferencias_recibidas_lag3	0.000392363478025151	0.000546064346683711	0.000611000998465046
Visa_mpagosdolares	0.000391132874149692	0.000538172794914974	0.000432171437938691
Master_mconsumospesos_lag6	0.000391099904800878	0.000538529164292892	0.000670610851973831
ccomisiones_mantenimiento_lag6	0.000388824942289821	0.000282791836291665	0.000346482273519813
Visa_msaldodolares	0.000386828458983649	0.000749632945361675	0.000361384736897009
cextraccion_autoservicio_lag2	0.000386641135792606	0.000683398417322084	0.000763751248081308
ccheques_emitidos_rechazados_lag1	0.00037929247541527	0.000329516823842014	3.72561584429906e-05
catm_trx_lag3	0.000374414689715562	0.000758357506213792	0.000599824150932149
mextraccion_autoservicio_lag1	0.000373930387866109	0.00050432839162407	0.000797281790679999
Master_mpagospesos_lag3	0.000372358512610921	0.000494664743676082	0.000711592626261121
thomebanking_lag1	0.000363918929956691	0.000352496229210936	0.00047687882807028
mpagomiscuentas_lag1	0.000363491964232785	0.000956616270560848	0.000838263564967289
mdescubierto_preacordado_lag2	0.000359869536238646	0.000308319404162831	0.000130396554550467
thomebanking_lag6	0.000358250378498132	0.000238616329844958	0.000376287200274205
tpaquete4	0.000357058028601471	0.000957071118643199	0.00011921970701757
mextraccion_autoservicio_lag2	0.000356819427460991	0.000564300846922934	0.000823361101590093
cprestamos_personales_lag2	0.000355316276217399	0.00124876344497355	0.000383738431962804
Master_mconsumospesos_lag3	0.000355200490817955	0.000719602110814939	0.000741397553015514
mpagomiscuentas_lag3	0.000350310961285071	0.000698989525555954	0.000786104943147102
cpagomiscuentas_lag3	0.000350134695821647	0.000484382949272569	0.000558842376644859
Master_mconsumospesos_lag2	0.000345992022278786	0.000597829132878605	0.000741397553015514
mcuenta_debitos_automaticos_lag1	0.000345536618636111	0.000515037308780533	0.000666885236129532
Master_msaldopesos_lag1	0.000345026440670769	0.000638429945634464	0.000763751248081308
matm_lag6	0.000336591086412444	0.000505507949974954	0.000692964547039626
cpagomiscuentas_lag6	0.000334280883193654	0.000735782564473791	0.000607275382620747
cliente_vip_lag1	0.000330072675777141	0.000802199614706941	8.56891644188784e-05
ccajas_consultas	0.000324198591361252	0.0024984045232778	0.000301774883388224
ccaja_seguridad_lag6	0.000323398432988152	0.000589185631312449	9.68660119517756e-05
Master_cconsumos_lag6	0.00031841188007042	0.000638327372325688	0.00059609853508785
Master_delinquency	0.000314329680136102	0.000407869021132004	0.000182555176370654
ctransferencias_recibidas	0.000312544495342513	0.00105666733776179	0.000525311834046168
mplazo_fijo_dolares_lag6	0.000310153254935689	0.00106546816929479	0.000271969956633832
matm_lag1	0.000308199371904482	0.000521790595242177	0.000663159620285233
Master_mpagominimo_lag3	0.000306744822660879	0.000348539418714865	0.000666885236129532
ctransferencias_emitidas_lag1	0.000302815887323835	0.000659371938342775	0.000622177845997944
ccomisiones_mantenimiento_lag3	0.000299565131944802	0.000466497058205156	0.000324128578454018
cextraccion_autoservicio_lag1	0.000298875176020323	0.000430115214723379	0.000670610851973831
mtarjeta_master_consumo_lag2	0.000297405756595942	0.000404456723613372	0.000558842376644859
mtarjeta_master_consumo_lag6	0.000296550368489804	0.00062989522868367	0.00059609853508785
matm_other_lag6	0.000294499323924251	0.00151166490787211	0.000525311834046168
Master_mpagospesos_lag2	0.000284598343704374	0.000523637955801243	0.000562567992489159
ctransferencias_emitidas_lag3	0.000284442452350477	0.000656720890231423	0.000529037449890467
mpagomiscuentas_lag2	0.000280793971382793	0.000613587842290211	0.000633354693530841
catm_trx_lag2	0.000278332551663888	0.000538984081775317	0.000409817742872897
tmobile_app_lag2	0.000274244627768983	0.000170558002571287	0.000443348285471588
mprestamos_prendarios	0.000269457145346186	0.00294490571997798	0.000145299017927663
ctarjeta_master_transacciones_lag3	0.000268323364940431	0.000388678096380645	0.000473153212225981
Visa_mpagado	0.000267623698673113	0.00140695484023044	0.000391189663651402
Master_mpagospesos_lag1	0.000264498315903789	0.000737026630193083	0.000551391144956261
Master_mconsumototal_lag2	0.000262360267822188	0.000281860487303999	0.000502958138980374
cpagomiscuentas_lag2	0.000261631538071112	0.000564702673349058	0.000562567992489159
Master_mconsumospesos_lag1	0.000260787517937362	0.000364232406256775	0.000540214297423364
Master_mconsumototal_lag1	0.000259044340394406	0.000697210350569196	0.000484330059758878
ctarjeta_debito	0.00025734016680889	0.000936894886346953	0.000409817742872897
ccuenta_debitos_automaticos_lag3	0.000255839309228501	0.000613443212536835	0.000424720206250093
ctransferencias_emitidas	0.000252575707286946	0.000785081635453873	0.000633354693530841
ctarjeta_debito_lag6	0.000252551563647935	0.000754802765044103	0.000432171437938691
cpagomiscuentas_lag1	0.000252522830345835	0.000658949777695087	0.000529037449890467
Master_cconsumos	0.00025228388621025	0.000542725682643165	0.000458250748848785
internet_lag6	0.000247056639753685	0.000248705990144719	0.000264518724945233
Visa_mpagosdolares_lag6	0.000246168343716744	0.000608899208018065	0.000350207889364112
Master_mconsumototal_lag3	0.000244424986486834	0.000325399733875972	0.000469427596381682
mtarjeta_master_consumo_lag3	0.000241305486094777	0.000263035405040604	0.000502958138980374
ctarjeta_debito_lag1	0.000239359916174055	0.00052001693756127	0.000368835968585607
Visa_status_lag1	0.00023670852945734	0.00055773539176048	0.00011921970701757
ctarjeta_master_transacciones_lag6	0.000234959235229892	0.000632813258878148	0.000391189663651402
ccallcenter_transacciones_lag1	0.000232297710470014	0.000633389869389625	0.00035765912105271
internet_lag2	0.000232164554318692	0.000323710952485074	0.000383738431962804
catm_trx_lag6	0.000231006685884753	0.000364854924916936	0.000420994590405794
ctransferencias_recibidas_lag2	0.000230728046131004	0.000634648543824409	0.000473153212225981
Master_mconsumototal_lag6	0.000228669277766837	0.000428861016593342	0.000447073901315888
Master_cconsumos_lag3	0.000223952886145299	0.000303703952268293	0.000376287200274205
matm_other_lag2	0.000223415236861171	0.000535533301915876	0.000465701980537383
ccajas_depositos_lag1	0.000222931652353386	0.000813010792871848	0.000137847786239065
Master_cconsumos_lag2	0.000221199283937273	0.000478901141559288	0.000417268974561495
thomebanking_lag2	0.000221034650999121	0.00011797682861064	0.000394915279495701
ctransferencias_recibidas_lag1	0.000220337156323699	0.000258743808589503	0.000465701980537383
ctransferencias_recibidas_lag6	0.000216175692674733	0.000405699227831008	0.000428445822094392
ctarjeta_master_transacciones_lag1	0.0002146116074681	0.000227664234830613	0.000394915279495701
matm_other_lag1	0.000211626760301376	0.000436184181759323	0.000480604443914579
minversion2	0.000211537345010037	0.00314799667264942	0.000167652712993458
mcheques_emitidos_rechazados_lag1	0.000207966635120807	0.000499887585014738	6.33354693530841e-05
ctarjeta_master_transacciones_lag2	0.000204960075725917	0.000439185318541932	0.000413543358717196
ccajas_transacciones_lag6	0.000203095301362623	0.000349994807658259	0.000245890645723738
internet_lag3	0.000199308642282126	0.000295920213513887	0.000271969956633832
cinversion1	0.000198527450094579	0.00250507272524921	9.31403961074766e-05
ctarjeta_master	0.000196803287374316	0.000643525923638585	0.00023843941403514
matm	0.00019435907926714	0.000278471508210096	0.000473153212225981
mttarjeta_master_debitos_automaticos_lag6	0.000192529574130856	0.000598155799025024	0.000320402962609719
Visa_msaldodolares_lag1	0.0001921388234357	0.000355237775018257	0.00035765912105271
Visa_msaldodolares_lag6	0.000192100961326196	0.00053570385259674	0.00035765912105271
thomebanking_lag3	0.000190914939341693	0.000129311075130244	0.000327854194298318
Master_cconsumos_lag1	0.00018747408862722	0.00024637182276941	0.000383738431962804
ccallcenter_transacciones_lag3	0.000180063931235862	0.000694054694522724	0.000327854194298318
ccaja_ahorro_lag2	0.000179235802119755	0.000313860930639442	0.000163927097149159
mcheques_emitidos	0.000178026259141245	0.00171271987058444	0.000122945322861869
matm_other_lag3	0.00017625750362432	0.000408080344356106	0.000432171437938691
ccajas_otras	0.000176090073731096	0.000996855508933268	0.000163927097149159
ccomisiones_mantenimiento_lag2	0.00017322347922626	0.000287405691984511	0.000253341877412336
ccallcenter_transacciones_lag2	0.00017130115127667	0.000955277577841207	0.000298049267543925
mcheques_emitidos_rechazados_lag2	0.000169590319268009	0.000658773709708373	5.9609853508785e-05
catm_trx_other_lag3	0.000169514232362416	0.000362790862628064	0.000365110352741308
catm_trx_other_lag2	0.000169108346041402	0.000278696989049211	0.000298049267543925
Visa_mpagado_lag1	0.000169018095288404	0.000206832518839247	0.00019745763974785
mprestamos_prendarios_lag6	0.000168016745984228	0.00176362305486564	0.000104317243640374
catm_trx_lag1	0.000167679170686188	0.000448238072342087	0.000365110352741308
ccajas_transacciones	0.000166307263178507	0.000311373840201962	0.000216085718969346
Visa_msaldodolares_lag3	0.00016629266611562	0.000812571386305872	0.000331579810142617
Visa_mpagosdolares_lag1	0.000164056405248201	0.000593215901786422	0.000331579810142617
ccajas_otras_lag1	0.000160212420820234	0.000947517226911604	0.000190006408059252
Visa_mpagado_lag2	0.000159810780566347	0.000386974185773702	0.000268244340789533
cplazo_fijo_lag6	0.00015767018802895	0.000229830454027819	9.31403961074766e-05
ccuenta_debitos_automaticos_lag2	0.000152321485705692	0.000414852403537657	0.000331579810142617
ctarjeta_debito_lag3	0.000151291540271756	0.000347307671508637	0.000268244340789533
mpagodeservicios_lag6	0.000150588710156946	0.000355005284771709	0.000230988182346542
ccajas_transacciones_lag2	0.000150555274464712	8.82819598201846e-05	0.000260793109100934
cpayroll_trx_lag6	0.000149841881561693	0.000454091239849184	0.000245890645723738
ccuenta_debitos_automaticos_lag1	0.00014782179370857	0.000586784527566156	0.000219811334813645
Visa_Finiciomora_lag2	0.000146731946320884	0.00197452422241956	0.000208634487280748
Visa_mpagosdolares_lag2	0.000146519819444749	0.000596660713239534	0.000230988182346542
Visa_mpagosdolares_lag3	0.000145748417646043	0.00116901443240228	0.000301774883388224
mcheques_depositados	0.000144684695596139	0.000871009752977884	0.00011921970701757
mforex_sell	0.000143750139770203	0.00117321983396197	0.000219811334813645
ccomisiones_mantenimiento_lag1	0.000143344778021177	0.000687951547950533	0.000324128578454018
ccajas_transacciones_lag1	0.000143114397960499	9.57148465025223e-05	0.000178829560526355
Master_mconsumosdolares_lag6	0.000139582398053376	0.000608183727959321	0.000264518724945233
ccajas_transacciones_lag3	0.000137998391169085	0.000128818785708187	0.000227262566502243
Visa_mpagado_lag3	0.000136701942080966	0.00031254989384913	0.000227262566502243
mttarjeta_master_debitos_automaticos_lag3	0.000135296892210319	0.000517685164488499	0.00023843941403514
mforex_sell_lag6	0.000134576875046075	0.0013624114439936	0.000216085718969346
Visa_msaldodolares_lag2	0.000134127321051835	0.000442980808566928	0.000260793109100934
ccajas_depositos	0.000130812310727975	0.0020707527335668	0.000122945322861869
Visa_mpagado_lag6	0.000127214869131003	0.000300694799777183	0.000219811334813645
mforex_buy	0.000125904774978361	0.000747384834077626	0.000141573402083364
active_quarter_lag3	0.000125386785112839	0.000380253690846833	0.000108042859484673
ccajas_consultas_lag1	0.000124573704752213	0.00083289911896278	0.000242165029879439
mcheques_depositados_lag6	0.000123942081733994	0.00117327268211802	0.000175103944682056
catm_trx_other_lag1	0.000123889300870155	0.000228884426924588	0.000242165029879439
cseguro_vida_lag6	0.000122931093075572	0.000200447503868144	0.000204908871436448
catm_trx_other_lag6	0.00012203226224389	0.000794287381716272	0.00019745763974785
tpaquete3_lag1	0.000120427767110755	0.000129826231876551	2.60793109100934e-05
matm_other	0.000119793568627452	0.000286078623777197	0.000257067493256635
ccajas_extracciones_lag1	0.000119698406783933	0.000961794140651813	0.000201183255592149
cpagodeservicios_lag6	0.000113939699966008	0.000572276823881202	0.000182555176370654
ccallcenter_transacciones_lag6	0.000113539042455028	0.000643471097580444	0.000219811334813645
ccajas_otras_lag2	0.000113382425479577	0.000986609976068209	0.000156475865460561
Visa_madelantopesos	0.000110761068687812	0.000149666463716481	0.000156475865460561
Visa_madelantodolares	0.000108927370104044	5.37180859663058e-05	8.19635485745794e-05
tpaquete3_lag2	0.000108354603056082	9.26851862896649e-05	3.72561584429906e-05
cseguro_accidentes_personales_lag6	0.000108054217108424	0.000142252662054382	0.000149024633771963
Master_Finiciomora_lag1	0.000107124986629758	0.00161355302972119	0.000108042859484673
ccajas_consultas_lag2	0.000106228862419311	0.000387520850153422	0.000163927097149159
ctarjeta_debito_lag2	0.000105758682676825	0.000124787196632816	0.000219811334813645
Master_mpagosdolares	0.000103050522615825	5.97398956522417e-05	9.68660119517756e-05
tcallcenter_lag3	0.00010068311782509	0.000130858176270895	0.000175103944682056
mttarjeta_master_debitos_automaticos_lag2	9.98515836362792e-05	0.00062424564629247	0.000208634487280748
mcheques_emitidos_rechazados	9.69967658481967e-05	0.000900511307863336	6.33354693530841e-05
mcaja_ahorro_adicional	9.65477449357927e-05	0.000774150950362233	0.000100591627796075
ccheques_depositados	9.64682891431068e-05	0.000650756509106389	4.84330059758878e-05
ccajas_consultas_lag3	9.63204613903316e-05	0.000552821623649586	0.00016020148130486
mtarjeta_visa_descuentos	9.57695937974657e-05	0.00189588401482414	9.68660119517756e-05
active_quarter_lag6	9.56877676217211e-05	0.000317945367870857	8.19635485745794e-05
Master_mpagosdolares_lag6	9.54432196142717e-05	0.000320935955842279	0.000186280792214953
cseguro_accidentes_personales_lag3	9.53296614372731e-05	0.000133778670167985	0.000126670938706168
ccajas_consultas_lag6	9.49913400130758e-05	0.00081018999218048	0.000156475865460561
Visa_Finiciomora_lag3	9.41897624882825e-05	0.00168370977232017	0.000137847786239065
Master_mconsumosdolares_lag2	9.3262191094973e-05	0.000388544501238971	0.000182555176370654
ctarjeta_master_debitos_automaticos_lag6	9.3166268728212e-05	0.000235873673636459	0.000134122170394766
Master_mpagosdolares_lag1	9.2323531142957e-05	0.000190091069685477	0.00016020148130486
ccheques_emitidos	9.21909559650599e-05	0.000938501775651007	6.33354693530841e-05
ctarjeta_visa_lag2	9.04041495162512e-05	0.000164444550088167	4.09817742872897e-05
mprestamos_prendarios_lag1	9.00039878291515e-05	0.00102006247714351	7.07867010416822e-05
mplazo_fijo_dolares_lag2	8.99217289914465e-05	0.000453740006076711	0.000134122170394766
mforex_sell_lag2	8.97161351692985e-05	0.000139716818065201	0.00016020148130486
Master_msaldodolares_lag6	8.92664099057221e-05	0.000459746061945941	0.000126670938706168
mprestamos_prendarios_lag2	8.91951361309563e-05	0.00116355091160839	6.70610851973831e-05
tcallcenter_lag1	8.91121820235137e-05	0.000140965429489313	0.000134122170394766
cseguro_accidentes_personales_lag2	8.86831456018497e-05	8.16094550442074e-05	0.000104317243640374
ccheques_emitidos_rechazados	8.72009150463543e-05	0.00107629246407361	4.47073901315888e-05
Visa_delinquency_lag2	8.71303531591627e-05	0.000679203078773063	0.000104317243640374
cseguro_vivienda_lag6	8.53670986624276e-05	0.000249882772492659	0.000126670938706168
cforex_lag3	8.48154991024713e-05	9.14162406439887e-05	0.000163927097149159
ccajas_depositos_lag6	8.31349626354091e-05	0.000508626650482236	0.000137847786239065
mforex_sell_lag3	8.27099961541913e-05	0.000265774070744871	0.000167652712993458
Master_mpagado	8.10581726411183e-05	0.000260951667830867	0.000100591627796075
Master_mpagado_lag6	8.10075101308478e-05	0.000198669612782747	0.000163927097149159
mplazo_fijo_dolares_lag3	8.09532684603899e-05	0.000400344665152666	0.000104317243640374
ccajas_extracciones_lag3	7.99579942240403e-05	0.000846176810443345	0.000167652712993458
ccajas_otras_lag3	7.93183258604086e-05	0.000186748311040589	0.000115494091173271
mprestamos_prendarios_lag3	7.93077285339011e-05	0.000593442805327046	5.21586218201869e-05
cinversion2_lag6	7.87024961982157e-05	0.000281026263719332	7.82379327302803e-05
Master_mconsumosdolares	7.7865240204904e-05	0.000161973803368019	0.000152750249616262
cseguro_vida_lag3	7.61848188581732e-05	0.000373892376000863	0.000137847786239065
minversion1_pesos	7.50296552742277e-05	0.00102777712812465	6.33354693530841e-05
Master_mconsumosdolares_lag1	7.38081374978943e-05	0.000130179859951563	0.000152750249616262
cseguro_accidentes_personales	7.33968410044799e-05	7.06040954733769e-05	0.000111768475328972
mttarjeta_master_debitos_automaticos	7.22658746869223e-05	0.000278085400900641	0.00016020148130486
tcuentas_lag2	7.09480802443317e-05	0.000117323808618133	1.86280792214953e-05
mcheques_depositados_lag3	6.94111280884596e-05	0.000799887655355182	0.000111768475328972
mforex_buy_lag6	6.91329981199826e-05	0.000675528275476052	0.000111768475328972
mcajeros_propios_descuentos_lag3	6.85915610143737e-05	0.000162166145671992	7.45123168859813e-05
mttarjeta_master_debitos_automaticos_lag1	6.81981497887664e-05	0.000399536188995303	0.000137847786239065
Master_mpagosdolares_lag3	6.78815298059189e-05	0.00089725967151508	0.000126670938706168
Master_delinquency_lag1	6.72800033965172e-05	0.000220632307073479	4.84330059758878e-05
active_quarter_lag1	6.6901999155851e-05	0.000104439823755081	8.56891644188784e-05
minversion2_lag6	6.62546314392313e-05	0.0011088739248252	8.94147802631775e-05
cseguro_accidentes_personales_lag1	6.60824935175641e-05	0.000116117461838841	0.000108042859484673
ccheques_emitidos_rechazados_lag2	6.60780688308986e-05	0.000192832372592541	1.11768475328972e-05
ccajas_extracciones_lag6	6.57501928886537e-05	0.000296334670753406	0.00011921970701757
ccheques_emitidos_lag1	6.50019448078319e-05	0.000434592178771055	7.45123168859813e-05
tpaquete4_lag1	6.49519403623842e-05	0.000313623270087411	6.70610851973831e-05
Master_msaldodolares_lag2	6.44180508235614e-05	0.000334915594367237	0.000115494091173271
active_quarter_lag2	6.41786954305656e-05	0.000429117102864913	0.000100591627796075
Master_mpagosdolares_lag2	6.40871378110555e-05	7.90284663071517e-05	0.000108042859484673
ctarjeta_master_debitos_automaticos_lag3	6.39475745973469e-05	0.000225909974470276	8.56891644188784e-05
mcheques_depositados_lag1	6.3510398729702e-05	0.000557125503913713	0.000104317243640374
mpagodeservicios_lag2	6.33291348183412e-05	0.000322394675989205	0.000104317243640374
mforex_sell_lag1	6.31594573720007e-05	0.00048560557036912	0.000137847786239065
tcuentas_lag1	6.26942471247049e-05	0.000276061417154271	4.84330059758878e-05
cprestamos_hipotecarios	6.22083297895894e-05	0.000669204401969787	2.60793109100934e-05
ccajas_depositos_lag2	6.20192574304646e-05	0.000198333334726135	9.31403961074766e-05
mcheques_emitidos_lag1	6.1684867227497e-05	0.000581220758365957	0.000104317243640374
tcallcenter_lag6	6.15030011368253e-05	6.99277917561785e-05	7.07867010416822e-05
mtarjeta_visa_descuentos_lag6	6.13438446622596e-05	0.000490288444435157	0.000122945322861869
mprestamos_hipotecarios	6.08007563830831e-05	0.000676328840025025	2.98049267543925e-05
Master_msaldodolares	6.05269730443784e-05	0.000925886854873289	0.00011921970701757
Master_msaldodolares_lag1	5.97384399499756e-05	0.000180379015186155	8.19635485745794e-05
ctarjeta_visa_lag1	5.90317119524496e-05	0.000384856095527535	6.33354693530841e-05
mcaja_ahorro_adicional_lag3	5.88691720462701e-05	0.000311627566871031	7.45123168859813e-05
cseguro_vida	5.77868881639047e-05	0.000535812394311845	8.94147802631775e-05
mpagodeservicios	5.72211492954437e-05	0.00100462935817719	8.19635485745794e-05
mforex_buy_lag2	5.6947619807021e-05	0.00167681431980776	0.000104317243640374
ctarjeta_visa_descuentos_lag6	5.68327044802183e-05	0.000337454179659325	8.94147802631775e-05
mtarjeta_visa_descuentos_lag1	5.63150504029805e-05	0.000920906323891595	0.000104317243640374
Master_mpagado_lag1	5.59971720881065e-05	0.00029380732827324	8.56891644188784e-05
cseguro_vivienda	5.59518420756375e-05	0.000699606596310338	7.82379327302803e-05
mcheques_depositados_rechazados_lag3	5.59101834740463e-05	0.000982293638490872	5.58842376644859e-05
catm_trx_other	5.5635407417363e-05	0.000202925711096203	0.000130396554550467
ccajas_extracciones_lag2	5.55734291284666e-05	0.000161532557700092	0.000141573402083364
mprestamos_hipotecarios_lag1	5.55721557841782e-05	0.000279503140304108	1.86280792214953e-05
ccajas_otras_lag6	5.47679552195406e-05	0.00108343529314835	9.31403961074766e-05
Master_mpagado_lag3	5.44034064733161e-05	0.000270764734137309	8.94147802631775e-05
mcheques_depositados_rechazados_lag2	5.43995056755974e-05	0.000872247190990147	3.72561584429906e-05
Visa_Finiciomora_lag6	5.43443206175909e-05	0.00116517799633386	7.45123168859813e-05
Master_status_lag1	5.42674728847681e-05	0.000386902252597419	6.33354693530841e-05
cseguro_vida_lag2	5.40859185173004e-05	0.000234086101240796	0.000104317243640374
mforex_buy_lag1	5.35606547219105e-05	0.000748481702240819	7.82379327302803e-05
cplazo_fijo_lag2	5.30349383634227e-05	0.000219602340581233	3.35305425986916e-05
tcallcenter_lag2	5.29094989857013e-05	0.000136860415136077	0.000115494091173271
minversion2_lag2	5.28370315101394e-05	0.000819798501769996	6.70610851973831e-05
mplazo_fijo_dolares_lag1	5.22962825671885e-05	0.000368043823598661	7.82379327302803e-05
ccajas_depositos_lag3	5.16254554398633e-05	0.00018761685296165	8.56891644188784e-05
cseguro_vida_lag1	5.04569928372678e-05	0.00028624549625416	0.000100591627796075
cforex_buy	5.01396850537439e-05	0.000364893025557341	5.58842376644859e-05
Master_mconsumosdolares_lag3	4.96835834131943e-05	6.29830998915557e-05	0.000126670938706168
cseguro_vivienda_lag1	4.85778937781726e-05	8.16256599613922e-05	7.45123168859813e-05
mcajeros_propios_descuentos_lag1	4.77638429818191e-05	0.000284568929276215	8.19635485745794e-05
cprestamos_hipotecarios_lag3	4.68919303319011e-05	0.00033188517075357	2.23536950657944e-05
cforex_lag1	4.61983469251296e-05	0.000301982136442362	7.45123168859813e-05
cseguro_vivienda_lag3	4.54270826664284e-05	0.000254464044850951	6.33354693530841e-05
mcheques_emitidos_lag2	4.50737502048152e-05	0.000308397791545958	8.19635485745794e-05
mcheques_emitidos_lag3	4.47298878310187e-05	0.000560408335595051	8.56891644188784e-05
cliente_vip_lag3	4.46533167986678e-05	2.61175031967738e-05	1.49024633771963e-05
mcaja_ahorro_adicional_lag6	4.39078201711713e-05	0.00019804369351898	5.21586218201869e-05
cforex_lag2	4.34687859482869e-05	8.40774604614479e-05	0.000104317243640374
cforex_lag6	4.34289721793631e-05	0.000145403286595518	9.68660119517756e-05
mcheques_depositados_lag2	4.29152511858951e-05	0.000242949601040253	9.31403961074766e-05
minversion1_pesos_lag6	4.25810035283164e-05	0.000240686291140086	4.84330059758878e-05
mcajeros_propios_descuentos	4.16170285708425e-05	0.000267830776625941	0.000108042859484673
ccheques_depositados_rechazados	4.14206469550406e-05	0.000344532709565879	3.35305425986916e-05
mcaja_ahorro_adicional_lag2	4.12733362115258e-05	0.000433469771380778	6.33354693530841e-05
mpagodeservicios_lag3	4.11976040148804e-05	0.00018095673609881	8.94147802631775e-05
ccheques_depositados_lag1	4.10606116585558e-05	0.000344142924052524	5.9609853508785e-05
cforex_sell_lag2	4.10231315074215e-05	3.80933186967417e-05	8.94147802631775e-05
mcajeros_propios_descuentos_lag6	4.00457629465232e-05	0.000185513961331601	8.19635485745794e-05
ccajeros_propios_descuentos_lag3	3.99520574215213e-05	0.000104195778396278	5.21586218201869e-05
cforex_sell_lag1	3.98800616700807e-05	3.81101829146256e-05	6.70610851973831e-05
ccheques_emitidos_lag3	3.97148832101544e-05	0.000412834735197985	6.33354693530841e-05
Visa_madelantopesos_lag6	3.93053641950201e-05	0.000108244196989496	6.33354693530841e-05
mtarjeta_visa_descuentos_lag3	3.84886755502344e-05	0.000286920030269482	0.000108042859484673
mtarjeta_visa_descuentos_lag2	3.83094171429413e-05	0.000190383001095061	7.82379327302803e-05
ccheques_emitidos_lag6	3.78899580994082e-05	0.000667068024804227	9.31403961074766e-05
tcuentas_lag3	3.76845847288544e-05	0.000202017437633008	3.72561584429906e-05
Visa_cadelantosefectivo_lag6	3.72075761710028e-05	1.43541560221217e-05	3.72561584429906e-05
cplazo_fijo_lag1	3.7071815228919e-05	0.000215310293029654	2.98049267543925e-05
mcheques_depositados_rechazados_lag1	3.68734297263553e-05	0.000965736828232906	5.58842376644859e-05
Visa_delinquency_lag3	3.67469633311392e-05	9.12701187890312e-05	5.9609853508785e-05
minversion1_dolares_lag6	3.65553988858075e-05	0.000577021290512556	4.09817742872897e-05
Visa_cadelantosefectivo	3.6231190856389e-05	0.000106069996783827	7.82379327302803e-05
mcheques_emitidos_lag6	3.61737517971287e-05	0.000758576151145658	7.45123168859813e-05
ctarjeta_visa_descuentos_lag3	3.59665096411111e-05	0.000145990688818439	7.07867010416822e-05
mcajeros_propios_descuentos_lag2	3.59493052046188e-05	0.000114234013241504	7.07867010416822e-05
Visa_status_lag2	3.49877846499175e-05	0.000226491234786684	3.35305425986916e-05
active_quarter	3.4933153847421e-05	0.000233052178944355	4.84330059758878e-05
cplazo_fijo_lag3	3.49277237214609e-05	0.000134104989314036	6.33354693530841e-05
mtarjeta_master_descuentos_lag3	3.38941294740862e-05	6.33563334873579e-05	4.84330059758878e-05
mcheques_emitidos_rechazados_lag3	3.35080178973321e-05	0.000334114370517565	2.60793109100934e-05
cforex_sell_lag3	3.31567426853337e-05	4.18772189094464e-05	5.9609853508785e-05
mcaja_ahorro_adicional_lag1	3.265960240661e-05	0.00032028394215084	5.21586218201869e-05
cseguro_vivienda_lag2	3.23715860921064e-05	5.73123157778712e-05	5.9609853508785e-05
ccajas_extracciones	3.19844574091503e-05	0.000422004879222628	7.82379327302803e-05
cpagodeservicios_lag1	3.09142167852588e-05	0.000393874843291628	5.9609853508785e-05
Master_mpagado_lag2	3.02884886105227e-05	0.000245050688268389	6.33354693530841e-05
mprestamos_hipotecarios_lag2	3.01393001029203e-05	0.000620357819469554	2.98049267543925e-05
minversion1_pesos_lag1	2.99618430262178e-05	0.000153642324532753	3.35305425986916e-05
ccheques_emitidos_lag2	2.96806760279656e-05	0.000307549375646241	4.84330059758878e-05
ctarjeta_master_debitos_automaticos	2.92331090712444e-05	0.000423488479295938	7.07867010416822e-05
cforex_sell	2.88897095771981e-05	4.6367091370812e-05	5.21586218201869e-05
minversion1_dolares	2.88575341515051e-05	0.00146376213167275	4.09817742872897e-05
minversion2_lag1	2.8425114878913e-05	0.000703243368367018	5.21586218201869e-05
mpagodeservicios_lag1	2.83647992308413e-05	0.000219264952123443	6.33354693530841e-05
cforex	2.79864127771666e-05	3.7696940176395e-05	6.33354693530841e-05
tcuentas	2.76214896426624e-05	0.000310471778045355	2.98049267543925e-05
Visa_cadelantosefectivo_lag3	2.73562343174417e-05	2.78361960193923e-05	4.47073901315888e-05
cliente_vip	2.699700114679e-05	4.29014945956579e-05	3.35305425986916e-05
cpagodeservicios_lag2	2.65126447704743e-05	4.76129961920541e-05	5.21586218201869e-05
ctarjeta_master_descuentos_lag3	2.6392882070944e-05	2.71134636529579e-05	2.60793109100934e-05
ctarjeta_visa_lag6	2.63158492383327e-05	0.000130492507283115	4.09817742872897e-05
ccheques_depositados_lag6	2.61186536735512e-05	7.98394408671642e-05	4.09817742872897e-05
Visa_status_lag3	2.61178580996107e-05	0.000121881068550961	2.60793109100934e-05
Master_msaldodolares_lag3	2.60268668246716e-05	0.000166012505950934	4.47073901315888e-05
ctarjeta_visa_descuentos	2.52943864981739e-05	0.000269840429257113	4.47073901315888e-05
ctarjeta_visa_descuentos_lag2	2.50661682716854e-05	7.28450238498095e-05	5.21586218201869e-05
ccheques_depositados_lag3	2.44149578139729e-05	4.04214482656484e-05	5.21586218201869e-05
tpaquete3_lag3	2.3748032258212e-05	0.000205026139023639	2.23536950657944e-05
cpagodeservicios	2.36194811048199e-05	0.000226797393211355	2.98049267543925e-05
Master_Finiciomora_lag2	2.35957289619912e-05	0.000779267262587918	4.84330059758878e-05
minversion2_lag3	2.32440504746567e-05	0.000182146426860439	4.47073901315888e-05
cforex_buy_lag6	2.29886765612228e-05	0.000147666492395575	4.09817742872897e-05
tpaquete4_lag3	2.29318298229458e-05	0.000152730164665437	4.09817742872897e-05
cinversion1_lag1	2.28535182466616e-05	0.000189166868905392	1.86280792214953e-05
Master_madelantopesos_lag6	2.27562595873404e-05	0.000111085540102649	4.84330059758878e-05
ccajeros_propios_descuentos	2.27151356871064e-05	6.54002350548499e-05	4.09817742872897e-05
cseguro_auto_lag6	2.23782553387526e-05	0.000128828709918711	3.72561584429906e-05
cforex_buy_lag3	2.22054096776045e-05	6.02023777426891e-05	3.35305425986916e-05
cprestamos_prendarios_lag1	2.19454817602072e-05	0.000271773984707587	1.11768475328972e-05
Master_status_lag2	2.192303764096e-05	9.18184834705543e-05	2.23536950657944e-05
Master_delinquency_lag2	2.16472015510444e-05	8.25569742490211e-05	4.84330059758878e-05
minversion1_pesos_lag2	2.14446465397156e-05	0.000269695487203407	2.98049267543925e-05
ctarjeta_master_debitos_automaticos_lag2	2.10636533535789e-05	8.26328979295358e-05	5.58842376644859e-05
ctarjeta_master_lag2	2.1015508360205e-05	0.000170192888784095	3.35305425986916e-05
Master_delinquency_lag6	2.10144995151606e-05	1.7357340106902e-05	1.86280792214953e-05
cprestamos_prendarios_lag2	2.08293642139498e-05	0.00012183869980603	1.86280792214953e-05
tpaquete4_lag2	2.05196920731564e-05	0.000190500530119697	4.09817742872897e-05
mtarjeta_master_descuentos_lag2	2.02473274360737e-05	0.000388435022622873	4.47073901315888e-05
ctarjeta_visa_lag3	2.0195613193722e-05	0.00036646073851985	4.47073901315888e-05
mtarjeta_master_descuentos_lag1	2.01138322895438e-05	0.000472556517431018	3.72561584429906e-05
mtarjeta_master_descuentos	2.00272752575845e-05	0.000480987168971453	3.72561584429906e-05
mforex_buy_lag3	1.94406470939258e-05	0.000108215257158807	3.35305425986916e-05
cforex_sell_lag6	1.91476185422091e-05	1.90975469523355e-05	2.23536950657944e-05
cprestamos_prendarios_lag3	1.89805474805836e-05	0.000199341683095456	1.86280792214953e-05
Master_madelantopesos_lag1	1.89425233861356e-05	7.04159865738934e-05	4.47073901315888e-05
Master_cadelantosefectivo	1.86679329611978e-05	9.03169087781826e-06	2.60793109100934e-05
Master_madelantopesos_lag3	1.86598945188224e-05	8.4434558540139e-06	3.72561584429906e-05
minversion1_pesos_lag3	1.84649183235336e-05	0.000119335265651219	4.09817742872897e-05
Master_Finiciomora_lag6	1.8434470577496e-05	0.000464292807767619	3.35305425986916e-05
ctarjeta_visa_descuentos_lag1	1.82469589708122e-05	2.31982238009717e-05	3.35305425986916e-05
cseguro_auto_lag1	1.8244783706086e-05	0.000138854175150396	2.23536950657944e-05
cpagodeservicios_lag3	1.81129481700101e-05	4.8390866916961e-05	4.09817742872897e-05
cseguro_auto_lag2	1.7883278604499e-05	0.000121689107947393	2.98049267543925e-05
Master_madelantopesos_lag2	1.76569479368162e-05	2.90365049922815e-05	5.58842376644859e-05
Visa_cadelantosefectivo_lag1	1.71807427581595e-05	6.24000698732711e-05	2.98049267543925e-05
ccajeros_propios_descuentos_lag6	1.70230925182725e-05	0.000488873272834413	3.72561584429906e-05
Master_cadelantosefectivo_lag6	1.66036057577326e-05	0.000103871228952104	4.09817742872897e-05
Visa_cadelantosefectivo_lag2	1.64777949019522e-05	1.1495185290275e-05	2.60793109100934e-05
ccheques_depositados_rechazados_lag1	1.5586400161753e-05	2.70755365127374e-05	1.11768475328972e-05
ctarjeta_master_descuentos_lag2	1.55474449942156e-05	5.93408105290247e-05	2.98049267543925e-05
Visa_madelantodolares_lag6	1.53818456472701e-05	7.6367493985276e-06	2.60793109100934e-05
ctarjeta_master_descuentos_lag6	1.50291079724667e-05	0.000105440052315791	2.98049267543925e-05
cprestamos_prendarios_lag6	1.49164600920883e-05	5.11662452601607e-05	1.49024633771963e-05
cinversion2_lag1	1.42375518138199e-05	9.67768758287703e-05	1.86280792214953e-05
mcheques_depositados_rechazados	1.40845453438544e-05	0.000267118107270178	1.86280792214953e-05
cinversion2_lag2	1.37674102826618e-05	0.00013137617842022	1.86280792214953e-05
cforex_buy_lag2	1.37214769581374e-05	6.1555644477785e-05	2.98049267543925e-05
Master_madelantodolares_lag3	1.34696535527155e-05	3.83025946186721e-06	1.86280792214953e-05
tpaquete4_lag6	1.33574997817162e-05	0.000177004124307192	2.60793109100934e-05
Visa_madelantodolares_lag3	1.33539990000685e-05	1.65860623889868e-05	2.23536950657944e-05
cinversion2_lag3	1.30080771385553e-05	0.000148332698402065	2.60793109100934e-05
ctarjeta_master_debitos_automaticos_lag1	1.28789391492374e-05	2.43816338559401e-05	3.35305425986916e-05
cseguro_auto_lag3	1.2742978694592e-05	5.50706934007026e-05	1.49024633771963e-05
Master_status_lag6	1.25714451842019e-05	0.000170900144934118	2.23536950657944e-05
ctarjeta_master_lag6	1.25312809724833e-05	1.93337154027846e-05	2.60793109100934e-05
Master_madelantopesos	1.24477889258032e-05	1.98658404670861e-05	4.09817742872897e-05
Visa_madelantopesos_lag3	1.23624945658599e-05	1.11043240757792e-05	2.98049267543925e-05
ctarjeta_master_descuentos_lag1	1.23064394803195e-05	4.17875540143597e-05	2.60793109100934e-05
mtarjeta_master_descuentos_lag6	1.21103156704108e-05	0.000151494912755492	2.60793109100934e-05
Master_madelantodolares_lag1	1.2038205338805e-05	2.82171677234006e-05	2.23536950657944e-05
cforex_buy_lag1	1.17125265637037e-05	5.76278432124779e-05	1.86280792214953e-05
ccheques_depositados_rechazados_lag3	1.15246232151491e-05	9.49490166903843e-05	1.11768475328972e-05
ccheques_depositados_lag2	1.15236009863929e-05	2.46010768886523e-05	2.23536950657944e-05
cinversion1_lag2	1.12928477874794e-05	0.000191336037605726	1.11768475328972e-05
cprestamos_prendarios	1.09728225496408e-05	0.000332541417849499	2.23536950657944e-05
Visa_madelantopesos_lag2	1.07118739572478e-05	0.000159158242382207	2.23536950657944e-05
ccajeros_propios_descuentos_lag1	1.06804229796041e-05	1.6793811509298e-05	2.60793109100934e-05
ccheques_emitidos_rechazados_lag3	1.04318097405237e-05	0.000130683045185174	1.11768475328972e-05
Visa_madelantopesos_lag1	1.01640471147027e-05	1.23194152643444e-05	2.23536950657944e-05
Master_cadelantosefectivo_lag1	1.00940396289473e-05	4.54636412127321e-06	2.98049267543925e-05
Master_cadelantosefectivo_lag3	9.90031541400902e-06	2.07854261422772e-05	2.98049267543925e-05
cinversion2	9.7089971426095e-06	7.75370240255251e-05	1.11768475328972e-05
mcheques_depositados_rechazados_lag6	8.90460473710285e-06	0.000376163181108979	1.86280792214953e-05
cinversion1_lag3	8.55861169393587e-06	0.000153721683516911	3.72561584429906e-06
Master_madelantodolares_lag6	8.45156240114643e-06	2.36296840585214e-06	1.86280792214953e-05
ctarjeta_master_lag1	8.00435393077777e-06	5.37515368017794e-05	2.60793109100934e-05
minversion1_dolares_lag3	7.81658859518891e-06	0.000121626786681303	1.11768475328972e-05
ctarjeta_master_descuentos	7.74036897005581e-06	1.40925177446627e-05	1.86280792214953e-05
tpaquete3_lag6	7.67417236269852e-06	2.97956029972805e-05	1.11768475328972e-05
Master_Finiciomora_lag3	7.1464888280759e-06	0.000417141460865129	2.98049267543925e-05
mcheques_emitidos_rechazados_lag6	6.87530522670629e-06	0.000264599613299396	1.49024633771963e-05
ccheques_depositados_rechazados_lag2	6.65732796932264e-06	2.95058576900149e-05	1.11768475328972e-05
Visa_madelantodolares_lag2	6.60006480517746e-06	1.26207503839007e-06	1.11768475328972e-05
ccuenta_corriente	6.20603609025555e-06	0.000197711544766747	7.45123168859813e-06
cliente_vip_lag6	6.17305635792648e-06	1.12472188273145e-05	7.45123168859813e-06
ccuenta_corriente_lag1	5.05299235155455e-06	0.000110249789716363	3.72561584429906e-06
cinversion1_lag6	4.97824200121191e-06	4.44536272416447e-05	1.11768475328972e-05
mpayroll2_lag2	4.84083878281493e-06	3.89292425832121e-05	3.72561584429906e-06
Master_delinquency_lag3	4.82797180062977e-06	3.98781844895346e-05	1.49024633771963e-05
mplazo_fijo_pesos_lag6	4.64047267258512e-06	0.00032243211732891	1.11768475328972e-05
ccajeros_propios_descuentos_lag2	4.50032320674891e-06	2.26175186851525e-05	1.86280792214953e-05
Master_cadelantosefectivo_lag2	3.92349501013438e-06	1.21608707962131e-05	1.86280792214953e-05
Master_madelantodolares	3.75037392936731e-06	1.48946437952916e-06	1.11768475328972e-05
ccuenta_corriente_lag6	3.7100301340163e-06	8.71828014545624e-06	3.72561584429906e-06
ctarjeta_master_lag3	3.61083845094483e-06	1.38074916424017e-06	3.72561584429906e-06
cseguro_auto	3.28591940157762e-06	1.86930833234148e-05	7.45123168859813e-06
Visa_madelantodolares_lag1	2.61604808898688e-06	4.53734211170566e-06	1.49024633771963e-05
mprestamos_hipotecarios_lag3	2.47485587672907e-06	0.000160315731509687	7.45123168859813e-06
ccheques_depositados_rechazados_lag6	2.32957315030181e-06	2.60001129722852e-05	3.72561584429906e-06
Master_status_lag3	2.15141450217014e-06	2.70459026813116e-06	3.72561584429906e-06
mprestamos_hipotecarios_lag6	1.75497891509478e-06	4.81934584076156e-05	3.72561584429906e-06
Master_madelantodolares_lag2	1.65855894656854e-06	3.6352452550609e-06	3.72561584429906e-06
cprestamos_hipotecarios_lag2	1.26791898333784e-06	7.38408455058464e-05	3.72561584429906e-06
cprestamos_hipotecarios_lag6	1.05574356484093e-06	5.23906360585878e-05	3.72561584429906e-06
ccuenta_corriente_lag3	1.03222982714174e-06	0.000134780980730904	3.72561584429906e-06
tcuentas_lag6	8.54310652350005e-07	4.28396938301202e-05	3.72561584429906e-06
minversion1_dolares_lag2	7.83199063477032e-07	1.31246296182484e-05	3.72561584429906e-06
mplazo_fijo_pesos_lag1	4.88000764097876e-08	9.80796540103247e-07	3.72561584429906e-06
