Feature	Gain	Cover	Frequency
ctrx_quarter	0.144406991482311	0.0149526327226887	0.00296844773530785
Visa_status	0.0569809275587417	0.0029634477253316	0.00100615925110622
mcaja_ahorro	0.0368698153829901	0.00852484094560513	0.00300735997153848
mcuenta_corriente	0.0276148007118706	0.00368497121861694	0.00353545460609699
foto_mes	0.0258952797535614	0.00844197849435615	0.00485847063793832
mtarjeta_visa_consumo	0.0203746751552744	0.00761972104343809	0.00155648944922509
mdescubierto_preacordado_lag1	0.0150357940109511	0.000225324843281737	0.000389122362306273
mcuentas_saldo	0.0130905922703968	0.01591429506467	0.00478620505636715
Visa_Finiciomora	0.0130896567027278	0.00696555876207226	0.00151757721299446
mprestamos_personales	0.0123827989976949	0.011360222988391	0.00327974562515287
ctarjeta_visa	0.0111570558768865	0.00230089843038557	0.000333533453405377
mpayroll	0.0106982723063221	0.0114719441272022	0.00150645943121428
ctarjeta_visa_transacciones	0.0106925722151117	0.0100349854005797	0.00219020301069531
cpayroll_trx	0.00853905681320319	0.00999528376736098	0.000939452560425144
mdescubierto_preacordado	0.00563064879627248	0.00998000724133431	0.00147866497676384
mprestamos_personales_lag6	0.00512152830688181	0.00125659366683259	0.00182887510283948
mrentabilidad	0.00471986474022286	0.00145166662021937	0.00337980566117448
mpasivos_margen	0.00406211052436513	0.00132264013973756	0.00301291886242857
Visa_mpagominimo	0.00387867216133383	0.00727299853989444	0.00257932537300158
Visa_delinquency	0.0038750453581384	0.00114137939951501	0.000250150090054032
mactivos_margen	0.00381493274569322	0.00502289735235538	0.00459164387521402
cproductos	0.00369867767978255	0.00607347041845119	0.00221243857425566
ccaja_ahorro	0.00352495108095435	0.00537860682680245	0.00153425388566473
Visa_mpagospesos	0.0035108850003404	0.00257841694198669	0.00212349632001423
ctrx_quarter_lag6	0.00330176813918524	0.00204805476897705	0.00350210126075645
mcaja_ahorro_lag1	0.00288563860460687	0.00240667262379987	0.00242367642807907
Visa_msaldopesos	0.00271278997377442	0.00305433493942411	0.0016065194672359
mrentabilidad_annual	0.00266493695518584	0.00173945576865288	0.00324083338892224
numero_de_cliente	0.00261906476366853	0.00419184541243511	0.00463055611144464
mautoservicio	0.00249596692981982	0.00678099143257991	0.000978364796655771
Visa_Finiciomora_lag1	0.00238498208188143	0.0034521794675466	0.000761568051942277
mrentabilidad_annual_lag6	0.00237010079719402	0.0019507011299452	0.00418028594934739
cliente_edad_lag6	0.00235235209880431	0.00219421949145697	0.00377448691437085
mcuenta_corriente_lag3	0.00234683733816335	0.00289739480614632	0.00249038311876015
mpayroll_lag3	0.00232655925389861	0.00257301173594393	0.00099504146932604
mttarjeta_visa_debitos_automaticos_lag6	0.00230581083970138	0.00188802168018797	0.00234029306472773
cprestamos_personales	0.00228470750072052	0.00430876839728981	0.000950570342205323
Master_Finiciomora	0.00227589207773174	0.00586687554478931	0.00100615925110622
chomebanking_transacciones_lag6	0.00221736610067704	0.00132263177971778	0.00315189113468081
ccomisiones_mantenimiento	0.00219719370538714	0.00254796038269178	0.000889422542414338
mcuentas_saldo_lag1	0.00219125804113207	0.00231596484796328	0.0029406532808574
chomebanking_transacciones	0.00218764689067475	0.00279081533130849	0.00289618215373669
mcomisiones_mantenimiento	0.00218057725041954	0.00856194185724834	0.00263491428190248
mcuenta_corriente_lag6	0.0021570027026464	0.00537901999308128	0.00318524448002135
Visa_status_lag3	0.00213135893645964	3.65910511596706e-05	4.44711271207169e-05
mcomisiones_mantenimiento_lag6	0.00212459303851873	0.0030786113792764	0.00247370644608988
Visa_delinquency_lag1	0.00204074819597314	8.83594160630653e-05	0.000122295599581971
mcuentas_saldo_lag6	0.00201661480836161	0.00215366004970252	0.00301291886242857
Master_status	0.0020100992686437	0.00570768384666582	0.000694861361261201
mes	0.00199040614079141	0.0018197645863896	0.00240144086451871
Visa_status_lag1	0.00198517763008561	0.000334218683836754	0.000133413381362151
Visa_msaldototal	0.00195791195274204	0.00109725697776361	0.00138416383163231
mactivos_margen_lag1	0.00195184361290025	0.00208710693945417	0.00311853778934027
mcomisiones	0.00193364725118188	0.00114014030357103	0.00251817757321059
ctrx_quarter_lag2	0.00193307507014962	0.00153390901988071	0.00239588197362862
Visa_cconsumos_lag6	0.00193239388379453	0.00174184915166548	0.00242923531896916
mcaja_ahorro_lag6	0.00185483761546992	0.00252839637519482	0.00309074333488982
cliente_edad	0.00182885245402263	0.00172389555593086	0.0026738265181331
mrentabilidad_annual_lag3	0.00180138007125111	0.00107895412457608	0.00321303893447179
Visa_Fvencimiento_lag6	0.00180122620436969	0.00186523095686321	0.00333533453405377
mrentabilidad_annual_lag1	0.00176314951250142	0.000895761665806817	0.00294621217174749
Visa_mpagospesos_lag6	0.00174737257551995	0.000934948855639563	0.0026738265181331
mtransferencias_recibidas	0.00163507594420529	0.00495028760922167	0.00159540168545572
ctrx_quarter_lag1	0.00158442577803043	0.00189006187754558	0.00249594200965023
mactivos_margen_lag6	0.00158310002798362	0.00149366549622317	0.00302959553509884
mcuentas_saldo_lag3	0.00158013231200514	0.000692104583674624	0.00260711982745203
ctarjeta_visa_transacciones_lag6	0.00157320187411335	0.000796602917202533	0.00193449402975118
Master_Fvencimiento_lag6	0.00156548195948304	0.00129977004658644	0.00273497431792409
Visa_mfinanciacion_limite	0.00156167019335408	0.00200085152885151	0.00250705979143041
canarito75	0.00154719842350944	0.00180387787964201	0.0032630689524826
mrentabilidad_annual_lag2	0.00154718673121289	0.000985879254463786	0.00290174104462678
mcuentas_saldo_lag2	0.00154434351000047	0.00105166032192148	0.0025682075912214
Visa_Fvencimiento_lag3	0.00153583990956462	0.00125350569711623	0.0023013808284971
mprestamos_personales_lag1	0.00153509861530747	0.00147357364916398	0.00113957263246837
mpasivos_margen_lag6	0.00153098670926422	0.00130095016913787	0.00310186111667
Visa_Fvencimiento	0.00152871710137735	0.00201034810843064	0.00276832766326463
tpaquete3	0.00152523948199415	0.00567152726472696	0.000806039179062993
Visa_fechaalta_lag6	0.00152129743289832	0.00129148637493751	0.0020845840837836
mpagomiscuentas	0.00151947780283893	0.00794135900545828	0.00106174816000712
mactivos_margen_lag3	0.00151750700903243	0.00234384501031856	0.00265159095457274
Visa_fechaalta	0.00151309201385451	0.00126370602920395	0.00200120072043226
mactivos_margen_lag2	0.00150373616332231	0.00253803149943913	0.00273497431792409
mprestamos_personales_lag3	0.00148936291437796	0.0025549304232806	0.00135081048629178
cprestamos_personales_lag3	0.00148818421228413	0.00153654151960367	0.000461387943877438
canarito24	0.00146807572293249	0.000871733206300328	0.00330754007960332
mrentabilidad_lag6	0.00146699644640544	0.000829549251545343	0.00275165099059436
canarito45	0.00146455358834111	0.00162170665268677	0.0030518310986592
Master_mfinanciacion_limite	0.00145858675350284	0.00224657169798281	0.00200675961132235
ctrx_quarter_lag3	0.00145810204167326	0.00156303326397491	0.00252929535499077
Visa_msaldopesos_lag3	0.00145674210828398	0.000450172661820286	0.000911658105974696
mcomisiones_otras	0.00144590526844741	0.0020339593727331	0.00232361639205746
canarito112	0.00144210905879517	0.000834662612319221	0.00302959553509884
mrentabilidad_lag1	0.00144065557203833	0.00181293193214995	0.00284059324483579
canarito100	0.00143734566389477	0.0013173717157052	0.00318524448002135
mcuenta_debitos_automaticos	0.0014285212098081	0.00826283928541862	0.00145642941320348
canarito8	0.00141794406961626	0.000866792787140481	0.0031574500255709
Visa_mfinanciacion_limite_lag6	0.00141729596992266	0.00144264258320414	0.00239032308273853
canarito152	0.00141639522416182	0.000920752534819464	0.00310186111667
canarito13	0.0014147844468584	0.000754909030836058	0.00313521446201054
mtarjeta_master_consumo	0.00141478384069754	0.00302809409636945	0.000911658105974696
canarito6	0.00141403427348835	0.000805027853041142	0.00320748004358171
Visa_mconsumospesos_lag6	0.00140650116823124	0.000793736085117861	0.00234029306472773
mpasivos_margen_lag3	0.00140373433732923	0.00084189815907845	0.0027794454450448
canarito82	0.00140193533316386	0.000998621435457573	0.00302959553509884
canarito102	0.00139724813065028	0.000946862437805259	0.00284059324483579
canarito56	0.00139558787187675	0.00137849776299161	0.00298512440797812
canarito121	0.00139225468963419	0.00158746245045369	0.00307406666221955
mrentabilidad_lag2	0.00138954621296131	0.00122361535289604	0.00271829764525382
canarito147	0.00138562559241433	0.000741719236253012	0.00306850777132946
mcuenta_corriente_lag1	0.00138550245439386	0.000903773233920331	0.00217352633802504
cliente_edad_lag3	0.00138476726285496	0.00126721753968153	0.00207902519289351
cmobile_app_trx_lag6	0.00138130110772729	0.00375721961752214	0.00202343628399262
canarito10	0.00138072491389744	0.00126923361384953	0.00285726991750606
canarito136	0.00138054734555456	0.00149126818500851	0.0030518310986592
canarito58	0.00138052508903063	0.00107048401441371	0.00315189113468081
canarito145	0.00137882298990844	0.000948898102622027	0.00296288884441776
canarito114	0.00137790168157006	0.000667692570489491	0.0029406532808574
mcomisiones_otras_lag6	0.00137670005960646	0.000753010299114384	0.00231805750116737
Master_fechaalta_lag6	0.00137452418782496	0.00110123805947276	0.00230693971938719
canarito73	0.00137293784966934	0.00147825601566504	0.00297400662619794
mrentabilidad_lag3	0.00136906057019568	0.000710940816196525	0.0023514108465079
canarito30	0.00136643772181367	0.00104643329509551	0.00309630222577991
mpasivos_margen_lag2	0.00136617914324883	0.00117191628550601	0.00257376648211149
canarito74	0.00136583670213843	0.00076811292665729	0.00301847775331866
canarito94	0.00135880865576459	0.000825766493678959	0.00292953549907722
canarito156	0.00135822537239423	0.00128254533378132	0.00290729993551687
mcaja_ahorro_dolares	0.00135283868617241	0.0082322930825381	0.00175660952126832
canarito122	0.00134947811238474	0.000617033167246254	0.00295177106263758
canarito138	0.00134894789903304	0.000870261792457239	0.0028350343539457
canarito7	0.00134641407509472	0.00103009690993451	0.00295732995352767
Master_Fvencimiento	0.0013449346345504	0.000998275098975425	0.00242367642807907
canarito109	0.0013439971711991	0.00133194962610291	0.00291285882640696
cliente_vip_lag2	0.00134156989254904	0.00353898195582929	0.000322415671625197
canarito96	0.00134122446390432	0.00108779962984357	0.00281835768127543
canarito63	0.00134114793660409	0.00116165431086279	0.00289618215373669
canarito87	0.00134060678103225	0.000882393490560724	0.00286838769928624
canarito90	0.00134052582856713	0.00138057497609946	0.00293509438996731
canarito101	0.00133829747850452	0.000936342309780113	0.00284615213572588
canarito52	0.00133735365478484	0.0016561735033985	0.00290729993551687
mpasivos_margen_lag1	0.00133678604003731	0.00064926854737669	0.00239032308273853
canarito79	0.00133658378531688	0.00135334689528712	0.00296844773530785
mcaja_ahorro_dolares_lag6	0.00133639376564205	0.00281435835569044	0.00209570186556378
canarito141	0.0013347845210869	0.000834207494856785	0.00298512440797812
canarito107	0.00133355823612805	0.00123070323954684	0.00295732995352767
canarito36	0.00133205583066489	0.00095493564847427	0.00296844773530785
canarito60	0.00133141730945657	0.000613193148280524	0.00284615213572588
canarito62	0.00132826959852207	0.000635888134270316	0.00295177106263758
chomebanking_transacciones_lag3	0.0013277032992834	0.000717465761274335	0.00232361639205746
canarito133	0.00132645061119015	0.000857644306698263	0.00288506437195651
canarito130	0.00132129102040225	0.0012287908094795	0.00286282880839615
canarito155	0.00132104629718786	0.00101301315914967	0.00281835768127543
canarito26	0.00132076861597819	0.00114538646779168	0.00290174104462678
canarito103	0.00131548488420869	0.00114222340898198	0.0028350343539457
canarito2	0.00131519009255206	0.00103712149209817	0.00287950548106642
canarito16	0.00131431064006581	0.000834305498462174	0.00292397660818713
canarito38	0.00131200768704131	0.00188131931131684	0.00287394659017633
canarito104	0.00130959539333579	0.00067038258311963	0.0029962421897583
canarito115	0.00130851235213045	0.00107271800307324	0.00290729993551687
canarito64	0.0013059077475383	0.000724257975177325	0.00282947546305561
mcuenta_corriente_lag2	0.00130398503528168	0.000988837794958229	0.00207902519289351
canarito31	0.00130212093560325	0.00163543168998209	0.00282947546305561
canarito134	0.00129951390439796	0.000838376425203192	0.00285171102661597
canarito51	0.00129233492034833	0.000784889774065332	0.00284059324483579
canarito21	0.00129096758455314	0.00166779141281638	0.00285171102661597
canarito55	0.00128922018469167	0.00106691947320824	0.00286838769928624
canarito1	0.00128877803914238	0.00151804880331628	0.00277388655415472
canarito32	0.00128783071671813	0.00105724854189125	0.00281835768127543
canarito127	0.00128662159487997	0.000931858216760262	0.0029406532808574
canarito53	0.0012848089635958	0.000911082207841253	0.00284059324483579
mprestamos_personales_lag2	0.00128301600490015	0.00197221261915871	0.00117292597780891
canarito95	0.00127845367482769	0.000709486223116128	0.00280168100860516
canarito86	0.00127682632429848	0.000758452470545809	0.00273497431792409
canarito117	0.00127586117858464	0.0006910551997458	0.00280168100860516
canarito41	0.00127547791546313	0.000829043973964218	0.00280723989949525
canarito93	0.00127483897413578	0.00104660799936432	0.00272385653614391
canarito68	0.00127374381009447	0.00069995005934694	0.00276276877237454
Master_Fvencimiento_lag2	0.0012729520340747	0.00126520242238326	0.00226802748315656
canarito144	0.00127270801340964	0.000812944791774118	0.00281279879038534
canarito110	0.00127101315276308	0.000673687157926832	0.00275165099059436
Visa_mpagominimo_lag1	0.00126758252666769	0.00156533765810224	0.00149534164943411
canarito154	0.00126697125181816	0.000949184458480322	0.00273497431792409
canarito12	0.00126527373658097	0.000822418356118077	0.00275720988148445
canarito54	0.00126272961445254	0.000948520743415871	0.00287394659017633
canarito97	0.00126253768498978	0.00151064167470528	0.00284059324483579
canarito44	0.00125971829962354	0.000628003729108296	0.00268494429991328
canarito9	0.00125670558446128	0.00177186393931266	0.00285171102661597
canarito132	0.00125656191950858	0.000712039101204914	0.00287394659017633
Visa_Fvencimiento_lag1	0.00125570294534733	0.000848411017380672	0.00237920530095835
canarito34	0.00125534666934601	0.00224298812010579	0.00271829764525382
canarito126	0.00125500543687208	0.00118333803662842	0.002729415427034
canarito35	0.00125461968296316	0.00132647119434473	0.00280723989949525
canarito85	0.00125313372530006	0.000643798727446109	0.00280723989949525
canarito20	0.00125165711045655	0.00100075102459297	0.00280723989949525
canarito124	0.00125141442487031	0.000943150790468581	0.0028350343539457
canarito49	0.00125042444848213	0.000803442924230659	0.00294621217174749
canarito72	0.0012493088951338	0.000854103334705195	0.002729415427034
canarito118	0.00124815396001001	0.000498605983169685	0.002729415427034
chomebanking_transacciones_lag1	0.00124770620855292	0.000654882804275543	0.0023514108465079
canarito59	0.0012473804949407	0.001408156796544	0.00275720988148445
canarito140	0.00124595919208503	0.000844105456108562	0.0027794454450448
canarito142	0.00124591641288597	0.0013091831266909	0.00282947546305561
mcaja_ahorro_lag3	0.00124555652482673	0.00095553248338047	0.00207902519289351
mpayroll_lag2	0.00124551652653358	0.00200364563883639	0.000744891379272008
canarito39	0.00124031827723324	0.000730946293171827	0.00275165099059436
canarito23	0.00123634479240648	0.000853255850290248	0.002729415427034
canarito146	0.00123515626694855	0.000628849803399424	0.00269050319080337
canarito5	0.00123475263097658	0.000802730459171338	0.00275165099059436
canarito76	0.00123353564817245	0.00130884872589964	0.00272385653614391
canarito125	0.00123297400569786	0.000783975862746218	0.00268494429991328
Master_Fvencimiento_lag3	0.00123241386134286	0.00157800827531223	0.00224023302870611
canarito111	0.00122974419052907	0.00080573795110691	0.00261267871834212
canarito108	0.001227791239741	0.00121149669843787	0.00274053320881418
cliente_edad_lag1	0.00122754525458102	0.00152180804233184	0.00183999288461966
canarito149	0.00122725299081849	0.000706914862333006	0.00268494429991328
canarito92	0.00122606405699621	0.00119007706871883	0.00275165099059436
canarito135	0.00122548020393631	0.00052725476372921	0.00259600204567185
canarito3	0.00122240340797682	0.0007416678170952	0.00274609209970427
cliente_antiguedad_lag6	0.00122212421142854	0.00175042225122816	0.00220132079247549
canarito81	0.00122110246376064	0.00189414881926425	0.00280723989949525
canarito15	0.00121774899959175	0.000722142386556984	0.00255153091855113
canarito83	0.00121718987617938	0.000691432307144132	0.00255708980944122
mcaja_ahorro_lag2	0.00121339277081963	0.00131320394367479	0.00209570186556378
canarito105	0.00121264314401098	0.000634064542003544	0.00267938540902319
canarito151	0.00121147657275901	0.00126563951040544	0.00266270873635292
canarito46	0.00120993434278153	0.00169255248200817	0.0026738265181331
canarito128	0.00120889929922298	0.00127049854527633	0.00262935539101239
canarito131	0.00120874280272171	0.000792531386122737	0.00257932537300158
canarito33	0.00120688355874758	0.000814707345824173	0.00276276877237454
canarito80	0.00120636381024846	0.000830030154129032	0.00260156093656194
canarito42	0.00120483238410345	0.00102275897811374	0.00276276877237454
canarito119	0.00120061725477491	0.00102636768641166	0.00269050319080337
canarito11	0.00119824220323679	0.000751181872137377	0.00264603206368265
canarito37	0.00119659338540002	0.000846141272010025	0.00258488426389167
canarito66	0.00119600106940685	0.00114840513999467	0.00251817757321059
canarito123	0.00119451743993517	0.00211746766069097	0.00273497431792409
canarito43	0.00119424316923811	0.00101485880978189	0.00259044315478176
canarito27	0.00119378441094185	0.000718379118616235	0.002729415427034
canarito14	0.00119230470918922	0.0017626285851709	0.00263491428190248
canarito120	0.00118895192755492	0.00107892849053952	0.00262935539101239
ccaja_seguridad	0.00118780565595663	0.00590390786398106	0.000455829052987348
canarito148	0.00118708620210732	0.00137177625672581	0.00264603206368265
canarito98	0.00118623610165816	0.000952382065323574	0.00251817757321059
canarito67	0.00118578229589944	0.000662062449697679	0.00282391657216552
mcomisiones_lag6	0.00118507575054427	0.000686247533671156	0.00221799746514575
Visa_fechaalta_lag3	0.00118487547791901	0.0010341118346153	0.00166766726702688
Visa_msaldopesos_lag6	0.00118473901471647	0.000515277020929771	0.00145087052231339
Visa_msaldototal_lag3	0.00118462037607429	0.000535827258953117	0.00111177817801792
cmobile_app_trx	0.00118403837669751	0.00203482473550361	0.00227914526493674
canarito150	0.00118382329735424	0.000965546679124146	0.00258488426389167
canarito139	0.0011835572049363	0.000885182161496597	0.00265159095457274
canarito48	0.00118320834099881	0.000847411038147062	0.00259600204567185
canarito143	0.00118152270816648	0.000897903543164061	0.00250150090054032
mttarjeta_visa_debitos_automaticos_lag3	0.00118024188023079	0.00121413927047383	0.00161763724901608
mcomisiones_lag3	0.00117753434494987	0.000599766906150046	0.00221243857425566
canarito50	0.001176180597896	0.000801566754490081	0.00259044315478176
canarito99	0.00117182801002845	0.000657297691676371	0.00257376648211149
canarito57	0.00117003436962422	0.00101126128175139	0.00264047317279256
canarito47	0.00116634515130314	0.000834580774776181	0.00260156093656194
canarito18	0.0011640064319922	0.000778113021162781	0.00269606208169346
canarito71	0.00116354568429379	0.00102701382528995	0.00265714984546283
ctarjeta_visa_debitos_automaticos_lag6	0.00116255333619005	0.000973621501363235	0.0016565494852467
Master_mpagominimo	0.00116004297480703	0.00256649580558625	0.00107286594178729
canarito84	0.00115965194698095	0.00164585149776986	0.00263491428190248
canarito106	0.00115721734789011	0.00114752950346492	0.00249594200965023
canarito89	0.00115656590141338	0.00195071210876636	0.0026237965001223
canarito28	0.00115568573138263	0.00188384484307586	0.00266826762724301
Visa_mlimitecompra	0.00114718132800603	0.00133134004972078	0.0018177573210593
canarito69	0.00114648349065356	0.00137258768226025	0.00250705979143041
canarito137	0.00114063127073118	0.001106991415014	0.00254597202766104
canarito113	0.00113470061143323	0.000579896146360981	0.00257376648211149
mcomisiones_lag1	0.00113399671018476	0.00106795410119854	0.00204567184755298
canarito129	0.00113179679599221	0.000923044187470864	0.00250705979143041
canarito78	0.00113122645892162	0.00106117563600278	0.00252373646410068
canarito61	0.00113112407771703	0.000667073878664103	0.00254597202766104
canarito40	0.00112451151725164	0.00158729877536761	0.00259600204567185
canarito88	0.00112125182629483	0.000678438066517779	0.0025126186823205
ccallcenter_transacciones	0.00112103146235986	0.00184926221112632	0.00100615925110622
canarito29	0.00111910928484641	0.000770307331126775	0.00261823760923221
mcomisiones_otras_lag2	0.00111749510408319	0.00060293379243868	0.0020845840837836
mcomisiones_lag2	0.00111665904426383	0.000475163027217283	0.00206234852022325
canarito25	0.00111609570777932	0.000723567971375971	0.00255708980944122
canarito22	0.00111518111365732	0.000594824422166036	0.00256264870033131
chomebanking_transacciones_lag2	0.0011104973884357	0.000582788159228127	0.00209014297467369
canarito4	0.0011097803451242	0.000703824575984659	0.00250150090054032
ccomisiones_otras_lag6	0.00110969428820009	0.000665090438790186	0.00190669957530074
cliente_edad_lag2	0.00110816087614757	0.00175776955030001	0.00180108064838903
canarito70	0.00110594381757828	0.00116381975743243	0.00244035310074934
Visa_cconsumos_lag3	0.00110426092333497	0.00131777209014654	0.00174549173948814
mcaja_ahorro_dolares_lag3	0.00110387355001077	0.00104872263111492	0.00142863495875303
Master_fechaalta	0.00110347914922355	0.00122484357074199	0.00167878504880706
canarito65	0.00110253644626607	0.000853963379916204	0.0025126186823205
cmobile_app_trx_lag2	0.00110219132489534	0.000628364217190194	0.0018177573210593
mcomisiones_otras_lag1	0.00110131823029947	0.00133095055337747	0.00199008293865208
canarito17	0.00109950459567293	0.00247705275973019	0.00254597202766104
Visa_mconsumospesos	0.00109530219591306	0.00224614483335831	0.00207346630200342
canarito19	0.00109522251460666	0.00091544991528451	0.00249038311876015
canarito91	0.00109478800191878	0.00118570956272183	0.00244035310074934
canarito77	0.00109460958291745	0.00117805495738067	0.00254597202766104
Visa_fultimo_cierre	0.00109059777874876	0.00366040560265871	0.00159540168545572
Visa_mpagominimo_lag6	0.0010875592061875	0.00181795358451406	0.0017677273030485
Visa_mlimitecompra_lag6	0.00108520265259474	0.000845468743671707	0.00172325617592778
canarito116	0.0010837804292514	0.000533066891216744	0.0024625886643097
Visa_mpagospesos_lag1	0.00108264980772259	0.00224323781274481	0.0018177573210593
mttarjeta_visa_debitos_automaticos_lag2	0.00106334519587761	0.000870563307146583	0.00153425388566473
Visa_mconsumospesos_lag3	0.00105630815119194	0.000739592165195863	0.00195672959331154
Master_Fvencimiento_lag1	0.00105186913164799	0.00079653785006062	0.00196228848420163
Master_fechaalta_lag1	0.00104557903903852	0.000633809813208036	0.00146754719498366
cliente_antiguedad	0.0010324408335056	0.000835797208015938	0.00137304604985213
Master_mfinanciacion_limite_lag6	0.00102343536034333	0.000785809728772239	0.00178440397571876
Visa_Fvencimiento_lag2	0.00102050558082154	0.00092776241140616	0.00188446401174038
Master_fechaalta_lag3	0.00101491446926427	0.000823110324020464	0.00174549173948814
Visa_mpagospesos_lag3	0.00101370109464219	0.00192122571465862	0.00190669957530074
Visa_mfinanciacion_limite_lag1	0.00100190813612316	0.00322362292264214	0.00172881506681787
Visa_cconsumos_lag2	0.000998339194794113	0.00260182711256031	0.00152313610388455
Visa_cconsumos	0.000979274717513117	0.00113925978196948	0.00156760723100527
Visa_mpagominimo_lag2	0.000975216908785041	0.000583815081898985	0.00145087052231339
canarito153	0.000969840702601595	0.000632752321067255	0.00222355635603584
tcallcenter	0.00096176397055521	0.00101974786014549	0.000500300180108065
Visa_fultimo_cierre_lag2	0.00096048409487663	0.0015891089714581	0.0017677273030485
Visa_fultimo_cierre_lag1	0.00095494474024364	0.00198669393607485	0.00188446401174038
mttarjeta_visa_debitos_automaticos	0.000954907663976238	0.00187284638090684	0.00170102061236742
mtransferencias_emitidas	0.000952225993147135	0.00450747941976688	0.00139528161341249
ccomisiones_otras	0.000949504077430513	0.000957144405989765	0.00179552175749894
cmobile_app_trx_lag3	0.000948948367644153	0.000733883077470212	0.00168990283058724
mcaja_ahorro_dolares_lag1	0.00093755911594294	0.00148786369285645	0.00143975274053321
Visa_fultimo_cierre_lag3	0.000937375616627384	0.00133149239345475	0.00143419384964312
Visa_mpagospesos_lag2	0.000919729846067202	0.000860044639606821	0.00162319613990617
cliente_antiguedad_lag3	0.000911143469219311	0.00135615500578707	0.0016565494852467
cmobile_app_trx_lag1	0.000909510544805907	0.00091252285076816	0.00177328619393859
ccaja_seguridad_lag3	0.000907989319445916	0.00158604321119188	0.000161207835812599
internet	0.000904739517044088	0.00063691279067075	0.000967247014875592
mcuenta_debitos_automaticos_lag6	0.000904390359302842	0.0019424546251312	0.00150645943121428
Visa_mpagominimo_lag3	0.0008966479645553	0.000545391171944592	0.00141195828608276
Master_fultimo_cierre_lag6	0.000896404259996135	0.000560184478755586	0.00173437395770796
cliente_antiguedad_lag2	0.000895592884394005	0.00210086652478304	0.00147310608587375
cpayroll_trx_lag1	0.000893246465632917	0.0012654921524664	0.000339092344295466
ccomisiones_otras_lag3	0.000886030752937065	0.000713088988749388	0.00172881506681787
cplazo_fijo	0.000878223402652602	0.00772265439133523	0.000516976852778334
Master_fultimo_cierre_lag2	0.000877755321615026	0.000727338088489553	0.00177328619393859
mpayroll_lag1	0.000872550660479808	0.00136094852026196	0.000744891379272008
Visa_mconsumospesos_lag1	0.000861795248442666	0.000542480122405895	0.00163987281257643
mcomisiones_otras_lag3	0.000859995456331718	0.000572819188169774	0.00166210837613679
Master_mlimitecompra	0.000858894971926322	0.00103578464435662	0.00136748715896204
Visa_fultimo_cierre_lag6	0.000857239577625452	0.000648967032687346	0.00165099059435661
Visa_fechaalta_lag1	0.000848094585739717	0.000692749664960045	0.00161763724901608
Visa_mfinanciacion_limite_lag2	0.000843633500415544	0.000698682660203455	0.00156204834011518
Master_fechaalta_lag2	0.000838468543642642	0.000768387548270952	0.00148422386765393
mcomisiones_mantenimiento_lag3	0.000833180239679295	0.00172244181899706	0.00135081048629178
mcomisiones_mantenimiento_lag1	0.000833015510954411	0.00164658899252696	0.00132857492273142
mtarjeta_visa_consumo_lag6	0.000827624506376552	0.000587507491117852	0.00123407377759989
Visa_mconsumospesos_lag2	0.000827078384923999	0.000580932889537003	0.00148422386765393
Visa_mconsumosdolares_lag6	0.000815054715672654	0.00152366321129983	0.00157316612189536
tmobile_app_lag6	0.000811052655635092	0.0011089939922826	0.000544771307228782
ccomisiones_otras_lag2	0.000804667656724805	0.000463335613689214	0.00158984279456563
ctarjeta_visa_transacciones_lag3	0.000795024602793094	0.000678428346735744	0.00133413381362151
mpayroll_lag6	0.000791348664605021	0.00141346072547964	0.0008560691970738
Master_fultimo_cierre	0.000788394378330072	0.00158279524278368	0.00141751717697285
Master_fultimo_cierre_lag1	0.00078302499247292	0.000939881015502759	0.001550930558335
Visa_mfinanciacion_limite_lag3	0.000780422454546195	0.00106414767339663	0.00147310608587375
thomebanking	0.000780237025364414	0.00179439912805687	0.000733773597491828
Visa_fechaalta_lag2	0.000776270390790763	0.0009406954627311	0.00137304604985213
mcaja_ahorro_dolares_lag2	0.000740609509059923	0.000570791279034008	0.00114513152335846
Visa_cconsumos_lag1	0.000739809197863189	0.00167717820418394	0.00132301603184133
Visa_mconsumosdolares	0.00073835893354389	0.00363796887077397	0.00140084050430258
Visa_mconsumosdolares_lag3	0.000722650682530183	0.000502014252439115	0.00139528161341249
ctransferencias_emitidas_lag6	0.000720016067638216	0.0011059119652309	0.000750450270162097
Master_mpagospesos	0.000717787761989273	0.00147316854073554	0.000889422542414338
Visa_mpagado	0.000714476372945172	0.00106313278713979	0.000694861361261201
cliente_antiguedad_lag1	0.000711440489094915	0.000682315453764701	0.00131745714095124
Visa_msaldototal_lag6	0.000709252121186572	0.000568116525958047	0.00126742712294043
Visa_msaldopesos_lag2	0.000703656864607305	0.000658602257654788	0.000839392524403531
Visa_mlimitecompra_lag3	0.000702832749397363	0.00110514939041446	0.00127854490472061
ctarjeta_visa_transacciones_lag1	0.00070054360076513	0.00132490827353813	0.00126186823205034
cpayroll_trx_lag2	0.000690169884154853	0.000480224213409876	0.000189002290263047
cproductos_lag6	0.000687923410327304	0.00138889531096767	0.00118404375958909
Master_mfinanciacion_limite_lag3	0.000687555440123267	0.000485983360531085	0.00121183821403953
tmobile_app	0.000683302965122498	0.000381608161029474	0.000761568051942277
ctarjeta_visa_debitos_automaticos_lag3	0.000677053865634329	0.000496481933806432	0.00106174816000712
Master_mfinanciacion_limite_lag1	0.000676162526676735	0.000550366088776428	0.00115624930513864
mautoservicio_lag6	0.000674712119267892	0.000536151033454168	0.00125630934116025
cprestamos_personales_lag2	0.000673014922551081	0.000440379654069861	0.000327974562515287
Master_mlimitecompra_lag6	0.000670309243812523	0.000698598808197816	0.0012841037956107
mtransferencias_emitidas_lag6	0.000669460492992589	0.00125718340075813	0.00111733706890801
ccomisiones_otras_lag1	0.00066213838381653	0.000608987051099186	0.00148422386765393
Visa_msaldototal_lag1	0.000647951327092305	0.00133782183493743	0.00108398372356747
ctarjeta_visa_transacciones_lag2	0.000645280204097549	0.000519139299707208	0.00112845485068819
Visa_msaldopesos_lag1	0.000637300689324373	0.000789506066193172	0.00107286594178729
mttarjeta_visa_debitos_automaticos_lag1	0.000636434205376505	0.000447311470230887	0.0011228959597981
mtarjeta_visa_consumo_lag1	0.000624360464251821	0.00035096778202251	0.00110066039623774
ctarjeta_debito_transacciones	0.000617196863027169	0.0023569089513508	0.000694861361261201
mcomisiones_mantenimiento_lag2	0.000609424959047368	0.00101234390431308	0.000933893669535054
Master_msaldototal	0.000608746717401397	0.00338576107448449	0.000933893669535054
cprestamos_personales_lag1	0.000605571891633571	0.00503572998271981	0.000550330198118871
mplazo_fijo_dolares	0.000587453568614619	0.0042829343749568	0.000555889089008961
Master_fultimo_cierre_lag3	0.000586324905226834	0.000516528254010907	0.00114513152335846
Visa_mconsumosdolares_lag1	0.000580324470332965	0.000556538805068991	0.00108398372356747
Master_mpagospesos_lag6	0.00057906721182496	0.00164080159256781	0.0011228959597981
mtarjeta_visa_consumo_lag3	0.000578371576729875	0.000348397831363207	0.00117292597780891
Visa_mconsumosdolares_lag2	0.000564764485185379	0.000797890561695127	0.00107286594178729
Master_msaldopesos	0.000564333961150327	0.00224926901303986	0.000783803615502635
cliente_vip_lag1	0.00056357597573924	0.00255589192627859	0.000305738998954929
mtransferencias_recibidas_lag1	0.000562562284419355	0.00135423965474896	0.00106730705089721
Master_mfinanciacion_limite_lag2	0.000557825386563804	0.000388493342381358	0.000933893669535054
mtransferencias_recibidas_lag3	0.000552006424158942	0.00133123570055821	0.000972805905765682
mextraccion_autoservicio_lag6	0.000550180511598051	0.00112393128280778	0.00098948257843595
ccaja_ahorro_lag3	0.000549823140059462	0.000211506637091268	0.000300180108064839
ccuenta_debitos_automaticos_lag6	0.000546022609446087	0.00117726825937461	0.000739332488381918
Visa_mpagosdolares	0.00054046200862081	0.000833886590964936	0.00043359348942699
mtransferencias_emitidas_lag2	0.000537910303572519	0.000480192989239608	0.0008560691970738
mautoservicio_lag3	0.000534697995396808	0.000792221108521091	0.00112845485068819
tpaquete4	0.00053149740181979	0.00255447263665523	0.000478064616547706
Visa_mlimitecompra_lag1	0.000528054218663772	0.00031777412203424	0.000928334778644965
Master_mlimitecompra_lag1	0.000527860186890276	0.000720905456160293	0.000956129233095413
cproductos_lag3	0.000524010208164691	0.000844256691888101	0.000911658105974696
Visa_msaldototal_lag2	0.000523797999062992	0.000495888473125084	0.000906099215084606
ccaja_seguridad_lag6	0.000523538535846407	0.00162287569569392	0.000150090054032419
Master_msaldototal_lag6	0.000519872664630482	0.000302229672482044	0.00071709692482156
mtarjeta_visa_consumo_lag2	0.000514725258692484	0.000273865636210736	0.00098948257843595
ctarjeta_visa_debitos_automaticos	0.000513656926736512	0.000890165035455696	0.000911658105974696
mtransferencias_recibidas_lag2	0.000510311294686949	0.000507986227533794	0.00086162808796389
Master_Finiciomora_lag1	0.000507576320016133	0.00341492621216943	0.000466946834767527
ctarjeta_visa_debitos_automaticos_lag2	0.000503954483527415	0.000464566651782806	0.000844951415293621
ccaja_seguridad_lag2	0.000499238709678896	0.000572891960631124	0.00013897227225224
ctarjeta_debito_transacciones_lag6	0.000498849549450937	0.00195877690905402	0.000961688123985502
cpagomiscuentas_lag6	0.00049862906244117	0.000886830142986395	0.000694861361261201
mautoservicio_lag1	0.000493277587684339	0.000663336144036782	0.000956129233095413
Visa_mlimitecompra_lag2	0.000489471296001242	0.00114013184282812	0.000900540324194517
mtransferencias_emitidas_lag3	0.000487591008460298	0.00024826675202447	0.000883863651524248
ctarjeta_debito_transacciones_lag2	0.000483547098034944	0.000704262923045968	0.000956129233095413
mpagomiscuentas_lag6	0.000479340183583907	0.000456177674101571	0.0008560691970738
ctarjeta_master_transacciones	0.000477126266249484	0.00383167813370509	0.00056700687078914
mtransferencias_emitidas_lag1	0.000476914568063872	0.00100222405000614	0.000878304760634158
cproductos_lag1	0.000467772333129888	0.000619438788119131	0.00071709692482156
ctransferencias_recibidas	0.000467612920639068	0.00204193588919741	0.000689302470371112
ctarjeta_debito_transacciones_lag1	0.000463843039717205	0.000335793641057377	0.000833833633513441
ccomisiones_mantenimiento_lag6	0.000462824749072373	0.000136924835797324	0.000322415671625197
ctransferencias_emitidas	0.000461925200828697	0.00110956756014579	0.000455829052987348
ctarjeta_debito_transacciones_lag3	0.000460799287403386	0.000354185281683916	0.000872745869744069
Master_msaldopesos_lag6	0.000458320877369253	0.0003964826003216	0.000756009161052187
mextraccion_autoservicio_lag3	0.000457539407672574	0.000553280008924327	0.000811598069953083
ctarjeta_visa_debitos_automaticos_lag1	0.000439884088426841	0.00070339630123634	0.000839392524403531
mautoservicio_lag2	0.000437595100675037	0.000706512423067506	0.000839392524403531
ccajas_consultas	0.000431471514608149	0.00408918688759789	0.000694861361261201
mplazo_fijo_dolares_lag6	0.00042612510447144	0.00139388624277716	0.000555889089008961
mcuenta_debitos_automaticos_lag3	0.000423861661570919	0.00395231528397471	0.000844951415293621
Master_mconsumospesos	0.000422324090454311	0.00130359193538879	0.000733773597491828
cprestamos_personales_lag6	0.000418723771214719	0.000793835247039244	0.000617036888799947
cproductos_lag2	0.000412588116637608	0.000524639235853629	0.000689302470371112
mprestamos_prendarios	0.000410031284955254	0.00490762401092212	0.000411357925866631
mcuenta_debitos_automaticos_lag2	0.000404309369094647	0.0013193235788779	0.000750450270162097
Master_mpagospesos_lag3	0.000397206568663472	0.000395476829508021	0.000811598069953083
Master_mlimitecompra_lag3	0.000392842985266665	0.000808558198744006	0.000733773597491828
mtransferencias_recibidas_lag6	0.000389113043102024	0.000654014268726448	0.000772685833722456
Master_mpagospesos_lag2	0.000388814941705433	0.000370441239425699	0.000778244724612545
matm_lag6	0.000388538596972445	0.000441322271480995	0.000667066906810753
mextraccion_autoservicio_lag2	0.000384441757076425	0.000243584838777502	0.000661508015920664
Visa_mconsumototal	0.000384421819912023	0.000309628592157964	0.000405799034976542
Master_mpagospesos_lag1	0.000382752989490202	0.000958528996494884	0.000772685833722456
mextraccion_autoservicio	0.000377108261543496	0.00136526370059298	0.000539212416338692
Visa_mconsumototal_lag6	0.000374556761280997	0.000192188091861859	0.000561447979899051
mcuenta_debitos_automaticos_lag1	0.000369845568267613	0.00056259901362546	0.000689302470371112
tmobile_app_lag1	0.000369586937156125	0.000249336482025533	0.000550330198118871
ccaja_ahorro_lag1	0.000360503417606229	0.00026276352994105	0.000322415671625197
Master_delinquency	0.000356338506290437	0.00039642876380867	0.000172325617592778
ctarjeta_master	0.000355142398166796	0.000696999828510713	0.000189002290263047
Master_mlimitecompra_lag2	0.000345473020651361	0.000434040392082015	0.000694861361261201
Master_mconsumospesos_lag6	0.000344046460970471	0.000337634708787186	0.000761568051942277
Master_mpagominimo_lag6	0.000342457803836554	0.00116269493187931	0.00057256576167923
Master_mconsumospesos_lag2	0.00034163565953895	0.000276914323906436	0.000678184688590932
mdescubierto_preacordado_lag6	0.000341184107504104	0.000218726974657882	0.000255708980944122
internet_lag1	0.000340722965674055	0.000244773976049057	0.000611477997909857
thomebanking_lag6	0.000338435932949871	0.000170364814199754	0.000311297889845018
ctarjeta_debito_lag6	0.000338194080421811	0.00111159003023254	0.000633713561470215
tmobile_app_lag2	0.00032650888980605	0.000449455513135424	0.000494741289217975
mtarjeta_master_consumo_lag1	0.000324959965754021	0.00173196035621852	0.000578124652569319
cextraccion_autoservicio_lag3	0.000323159858998568	0.000415437937944603	0.000611477997909857
Master_mconsumospesos_lag3	0.00031984651816733	0.000401841322639906	0.000667066906810753
cpagomiscuentas_lag2	0.000315579486791719	0.000895610430027277	0.000505859070998154
mextraccion_autoservicio_lag1	0.000315376614282808	0.000340944219027753	0.000655949125030574
matm_lag2	0.000313866952616685	0.000368082102277269	0.000611477997909857
mdescubierto_preacordado_lag2	0.000313064689759891	0.00013830716003202	0.000222355635603584
Visa_msaldodolares	0.000312387840822503	0.000472890663045259	0.00056700687078914
ctransferencias_emitidas_lag2	0.000309572241420081	0.000351178998425902	0.000544771307228782
ctarjeta_master_transacciones_lag2	0.000309409113112361	0.00033662113193104	0.000489182398327886
Master_mconsumospesos_lag1	0.000306542782176009	0.000427078862597669	0.000622595779690036
ccuenta_debitos_automaticos	0.000305230649971328	0.000768791196214011	0.000494741289217975
ctransferencias_recibidas_lag6	0.00030393207905918	0.000728911786671052	0.00057256576167923
ccaja_ahorro_lag2	0.000303101300972275	0.000217052301538662	0.000239032308273853
ctransferencias_recibidas_lag3	0.00030149622196217	0.000322360046138417	0.000555889089008961
cextraccion_autoservicio	0.000301458265427205	0.00265746445432928	0.000405799034976542
mpagomiscuentas_lag1	0.000298907087179721	0.000270663245018814	0.000478064616547706
matm_lag3	0.000297548341395545	0.000356608529104525	0.000644831343250395
Master_msaldototal_lag3	0.000296601985461114	0.000565534035269072	0.000561447979899051
matm_other_lag6	0.000294853338268011	0.00122869633118365	0.000578124652569319
mpagomiscuentas_lag3	0.000293616873873205	0.00022495785855796	0.000505859070998154
cextraccion_autoservicio_lag1	0.000287216111921316	0.000376495203148115	0.00057256576167923
ctarjeta_master_transacciones_lag3	0.000283878711523519	0.000569494619821288	0.000522535743668423
ccaja_seguridad_lag1	0.000282690321975235	0.000982958182973664	0.000150090054032419
Master_cconsumos_lag6	0.00028203787717572	0.000475365782877765	0.00056700687078914
ccuenta_debitos_automaticos_lag3	0.000281888937733994	0.00104405532272179	0.000489182398327886
ccaja_ahorro_lag6	0.000281078055193528	0.000629506870737303	0.00028350343539457
ctarjeta_master_transacciones_lag6	0.000280694265588909	0.000275891933776424	0.000522535743668423
ctransferencias_emitidas_lag3	0.000278951576563116	0.00133409064731355	0.000500300180108065
matm_other_lag2	0.0002776724275151	0.000333894707889443	0.000483623507437796
Master_msaldototal_lag1	0.000276051849149722	0.000836361861882137	0.000511417961888244
cpagomiscuentas_lag3	0.000274149257557773	0.000498206968490601	0.000505859070998154
Visa_msaldodolares_lag2	0.000269528669199884	0.000481835330234132	0.000489182398327886
Master_mpagominimo_lag1	0.000269260129836356	0.000358721448561924	0.00043359348942699
cinversion1	0.000268746666348512	0.00639398929613667	0.00028350343539457
cpagomiscuentas	0.000268488854570807	0.0017823207124891	0.000416916816756721
ccheques_emitidos_rechazados_lag1	0.000266097530472856	0.00119367892784392	0.00013897227225224
Master_msaldopesos_lag2	0.000264260929656705	0.000537212655243275	0.000483623507437796
minversion2	0.000261714062331218	0.00577279087493825	0.000361327907855825
ctransferencias_recibidas_lag2	0.000258961775096276	0.000466205618552479	0.000472505725657617
mdescubierto_preacordado_lag3	0.000257818382698527	3.72137215486893e-05	0.000105618926911703
Master_msaldototal_lag2	0.000256719322453457	0.00039661807293131	0.000444711271207169
mtarjeta_master_consumo_lag2	0.000254553360957244	0.000156390587881076	0.000472505725657617
mcheques_emitidos_rechazados	0.000254430482810769	0.000633658778874757	0.000233473417383764
tcuentas_lag3	0.000253474680488373	0.000224717986424112	9.45011451315234e-05
Master_msaldopesos_lag3	0.000252224965506128	0.00017321437226765	0.000472505725657617
internet_lag2	0.000251747570304986	0.000158354839998748	0.000416916816756721
Visa_mconsumototal_lag1	0.000251211520653536	0.000127338360824752	0.000461387943877438
cextraccion_autoservicio_lag2	0.000250685177327584	0.000315983667677204	0.000494741289217975
Visa_msaldodolares_lag3	0.00024811152430014	0.000198202572117355	0.000444711271207169
mcheques_emitidos_rechazados_lag2	0.000246414546728906	0.000766248289715085	0.000205678962933316
Master_mpagominimo_lag3	0.000245797798132446	0.000391810709026056	0.000411357925866631
matm_other_lag3	0.00024473722325639	0.000378665736235814	0.000461387943877438
mtarjeta_master_consumo_lag3	0.00024370821773351	0.000190554161248682	0.000522535743668423
ctarjeta_debito	0.000243119353171985	0.00277326800231831	0.000494741289217975
Visa_mpagosdolares_lag6	0.000242275268837587	0.00211632198544997	0.000505859070998154
mpagomiscuentas_lag2	0.000241992470079915	0.000276725266591621	0.000489182398327886
ctransferencias_recibidas_lag1	0.000241667867762602	0.000317435490871529	0.000500300180108065
Visa_msaldodolares_lag1	0.000241319158669346	0.000280470656176813	0.000444711271207169
ccallcenter_transacciones_lag1	0.000241229131073906	0.000355826162193056	0.000516976852778334
Master_mpagominimo_lag2	0.000237019783782916	0.000642334867837761	0.000444711271207169
cextraccion_autoservicio_lag6	0.000236690376465321	0.000304750369530828	0.000489182398327886
matm_lag1	0.000234860477983775	0.000214456968650625	0.000511417961888244
Visa_msaldodolares_lag6	0.000232752195933845	0.00116933122637722	0.000511417961888244
mpagodeservicios_lag6	0.000231781705139289	0.000502913307096569	0.000444711271207169
Master_cconsumos_lag3	0.000230639707610445	0.00030040789323161	0.000483623507437796
catm_trx_other_lag6	0.000230406849137103	0.00109770358412157	0.000461387943877438
thomebanking_lag3	0.000229485997770307	0.000108232845015073	0.00043359348942699
Master_msaldopesos_lag1	0.000228723701881996	0.00045585359743113	0.000489182398327886
Master_cconsumos_lag2	0.000225859922984526	0.000752028903298239	0.000439152380317079
Visa_mpagado_lag2	0.000225602441608966	0.000242924145406947	0.000411357925866631
Visa_delinquency_lag6	0.000225251511895597	4.17759253557758e-06	2.7794454450448e-05
mprestamos_prendarios_lag6	0.00022439722969897	0.00164669631302186	0.000222355635603584
Visa_delinquency_lag2	0.000224374615260566	3.63063572330188e-05	6.11477997909857e-05
catm_trx_lag6	0.000224112568045046	0.000387796942661255	0.000466946834767527
mcheques_depositados	0.000223342084092636	0.00305788271022844	0.000327974562515287
matm_other_lag1	0.000221664066712074	0.000353439477268599	0.000472505725657617
catm_trx_lag3	0.00021874589987262	0.00075511606722956	0.000411357925866631
Visa_mpagado_lag1	0.000218423020666036	0.000394844187529142	0.000411357925866631
catm_trx_lag1	0.000215197174135325	0.000275720956263425	0.00043359348942699
ccallcenter_transacciones_lag2	0.00021376114271446	0.000802377021708532	0.000461387943877438
catm_trx_lag2	0.000212629503737658	0.000913678598322154	0.000416916816756721
ccuenta_debitos_automaticos_lag2	0.000210681527916352	0.000478861530185509	0.000378004580526093
ccomisiones_mantenimiento_lag3	0.000207591728980413	0.000183197696372013	0.000294621217174749
Master_cconsumos	0.000207372678266897	0.00119804562805588	0.000383563471416183
mcaja_ahorro_adicional	0.000206789233317184	0.000854773143519005	0.000255708980944122
ctarjeta_master_transacciones_lag1	0.000206251285696023	0.000681010585616895	0.000389122362306273
ctransferencias_emitidas_lag1	0.00020612939958199	0.000627802585017893	0.000400240144086452
Visa_mconsumototal_lag3	0.000204933181027785	5.93671696305939e-05	0.000327974562515287
mttarjeta_master_debitos_automaticos_lag6	0.000204402365581713	0.000355465120133943	0.000416916816756721
Master_cconsumos_lag1	0.000203996211627698	0.0005756922650885	0.00043359348942699
mprestamos_prendarios_lag1	0.000203920288772782	0.00211732649722442	0.000166766726702688
ccallcenter_transacciones_lag3	0.000201609976040486	0.000301520732732269	0.000439152380317079
mtarjeta_master_consumo_lag6	0.000191748562634672	9.10394067417802e-05	0.000361327907855825
Visa_mpagosdolares_lag1	0.000189468720223646	0.000305530671618135	0.000372445689636004
ccajas_depositos	0.000189244399087595	0.00317118525254059	0.000316856780735108
ctarjeta_debito_lag2	0.000188537764015534	0.000315212783202543	0.000372445689636004
thomebanking_lag2	0.000187320225881641	0.000401275812627103	0.000366886798745914
thomebanking_lag1	0.00018701973771078	0.000351543162902042	0.000383563471416183
cpayroll_trx_lag6	0.00018693878473735	0.000378733724348494	0.000277944544504481
matm	0.000184283297515831	0.000508891174494347	0.000389122362306273
ccallcenter_transacciones_lag6	0.000184179288381744	0.000546559509889824	0.00042247570764681
internet_lag3	0.000183977186345222	0.00018395327093093	0.000372445689636004
Visa_mconsumototal_lag2	0.000182818402544747	0.000205633471387017	0.000411357925866631
tcuentas_lag2	0.00018255329733029	0.000361769531918845	0.000116736708691882
ccajas_otras_lag1	0.0001812126667333	0.000599337976701383	0.000311297889845018
ccajas_transacciones	0.000180892304492139	7.34891064192649e-05	0.000239032308273853
ccuenta_debitos_automaticos_lag1	0.000179576610997098	0.000579035517577582	0.000327974562515287
cpagomiscuentas_lag1	0.000179495526688816	0.000786288868701156	0.000327974562515287
mforex_sell	0.000178568104195191	0.00121652323587378	0.000333533453405377
ccajas_otras_lag2	0.000177614129695589	0.00119412684360257	0.000322415671625197
minversion2_lag6	0.000177586077473254	0.00151035431161568	0.000266826762724301
Visa_mpagosdolares_lag3	0.000177417681475169	0.00133739683369083	0.000333533453405377
Visa_Finiciomora_lag2	0.000171894286028286	0.00167277045929654	0.000339092344295466
ccajas_consultas_lag3	0.000171827559218169	0.000693055963998059	0.000350210126075645
Visa_mpagado_lag6	0.000169263205486195	0.000297154888666916	0.000355769016965735
Visa_mpagado_lag3	0.000169154001350216	0.000162419018290063	0.000327974562515287
Master_mconsumototal_lag6	0.000168023725155187	0.00014852728421477	0.000316856780735108
matm_other	0.00016782481893342	0.000386570185300684	0.000339092344295466
cseguro_accidentes_personales_lag6	0.000164111690489204	0.000139410481196904	0.000227914526493674
mttarjeta_master_debitos_automaticos_lag3	0.000162487434303172	0.000611935217111249	0.000327974562515287
ctarjeta_debito_lag1	0.000161994425885093	0.00027343423904539	0.000333533453405377
tcallcenter_lag1	0.000159441558075405	0.000112726053478181	0.000233473417383764
ccajas_consultas_lag1	0.000157843586905	0.000360475138976548	0.000322415671625197
Visa_mpagosdolares_lag2	0.000157577129138529	0.0011103790360418	0.000305738998954929
mcheques_emitidos_rechazados_lag1	0.00015733281810081	0.000998760685184655	0.000166766726702688
catm_trx_other_lag3	0.000154497330141225	0.000135365692108094	0.000277944544504481
tmobile_app_lag3	0.00015367119350554	5.12713466189216e-05	0.000227914526493674
ccomisiones_mantenimiento_lag2	0.000152783978157342	0.000281014661801383	0.000261267871834212
mforex_buy_lag1	0.00015217162448127	0.0021193384417441	0.000272385653614391
ccajas_otras	0.00014856833702317	0.000592921409711341	0.000272385653614391
catm_trx_other_lag1	0.000148265643608602	0.000107676903699611	0.000250150090054032
ccajas_depositos_lag1	0.000147390625182693	0.00166305113051564	0.000255708980944122
mpagodeservicios_lag2	0.000146163076117939	0.000672998866418686	0.000239032308273853
cpagodeservicios_lag6	0.000143554346137309	0.00104933502774469	0.000261267871834212
internet_lag6	0.000143372964191197	0.000159320472645064	0.00028906232628466
Master_mconsumosdolares_lag6	0.000142593611609805	0.000800370012622219	0.000261267871834212
ctarjeta_debito_lag3	0.000142385534568172	0.000350648489700739	0.000277944544504481
ccheques_emitidos_rechazados	0.000141463476216922	0.00138843948844333	0.00014453116314233
ccajas_consultas_lag2	0.000141262314174504	0.000187453097525436	0.000294621217174749
mtarjeta_visa_descuentos	0.000140801682625154	0.00523387055975071	0.00028906232628466
mforex_sell_lag6	0.000139509621969594	0.00196320459712113	0.000322415671625197
cseguro_vida_lag6	0.000139360909488725	0.000233686676079465	0.000277944544504481
ccajas_transacciones_lag6	0.000138745630737041	0.000352733458489591	0.000261267871834212
ccomisiones_mantenimiento_lag1	0.00013855690445954	0.000231061932037499	0.000233473417383764
mttarjeta_master_debitos_automaticos_lag2	0.000137219959943257	0.00117491733116127	0.00028906232628466
mforex_sell_lag3	0.000134474138996002	0.000243238502295353	0.000266826762724301
catm_trx_other_lag2	0.000133569817712096	9.63691207986762e-05	0.000227914526493674
mcheques_depositados_lag6	0.000132926745531912	0.000915612986031812	0.000233473417383764
mforex_buy_lag6	0.000131847740760627	0.000581864074872894	0.000227914526493674
catm_trx	0.00013110840019678	0.000158496406357817	0.000266826762724301
cplazo_fijo_lag6	0.000128569613427617	0.000181201917914684	0.000133413381362151
ccheques_emitidos	0.000128071855669309	0.00180742575116948	0.000200120072043226
cpayroll_trx_lag3	0.00012732366636415	0.000932101362395831	0.000216796744713495
ctarjeta_visa_lag6	0.000125737181306647	4.56913859457983e-05	5.55889089008961e-05
mcheques_emitidos	0.000123593064729534	0.00294894183197176	0.000177884508482868
mforex_buy_lag2	0.000122846967441807	0.00238771330761324	0.000244591199163943
mplazo_fijo_dolares_lag3	0.000121844744316861	0.000725549950764505	0.000227914526493674
mplazo_fijo_dolares_lag1	0.000121386848306661	0.00067830616957918	0.000183443399372957
ccajas_transacciones_lag2	0.000120701938128766	7.06419657064872e-05	0.000227914526493674
mprestamos_hipotecarios	0.00011833596909148	0.00287881617302913	0.00014453116314233
mcheques_depositados_rechazados_lag3	0.000117436455285873	0.00227718291764367	0.000200120072043226
cforex_buy	0.000116926259983562	0.000449918033747908	0.000150090054032419
mcheques_depositados_lag1	0.000116294016034777	0.000951968747960045	0.000216796744713495
mprestamos_prendarios_lag2	0.000116230312404293	0.00098444309371616	0.000100060036021613
Master_mconsumosdolares	0.00011424093922737	5.39574310469952e-05	0.000105618926911703
mtarjeta_visa_descuentos_lag6	0.000113557279939291	0.000664376865776436	0.000261267871834212
mplazo_fijo_dolares_lag2	0.000111167948992284	0.000553461109111881	0.000189002290263047
ccajas_transacciones_lag1	0.000109225998562418	5.21257305682667e-05	0.000155648944922509
ccajas_transacciones_lag3	0.000109214421652464	4.5278068582269e-05	0.000222355635603584
ccajas_otras_lag3	0.000108533493582892	0.00167264047609741	0.000261267871834212
catm_trx_other	0.000108002078075691	0.000258776153036281	0.000227914526493674
ccheques_depositados	0.000107185073945931	0.000960298198271512	0.000116736708691882
Visa_Finiciomora_lag3	0.000106686470739364	0.00129989242518926	0.000233473417383764
mttarjeta_master_debitos_automaticos	0.000105899320921489	0.0012890486233862	0.000250150090054032
Master_mconsumototal	0.000105804719670807	6.61199504282293e-05	0.000155648944922509
ccajas_extracciones_lag1	0.00010393736896234	0.00173483323169099	0.000239032308273853
Master_mpagosdolares_lag6	0.000103703218807225	0.000226533923733012	0.000205678962933316
ccajas_extracciones	0.000103118534976543	0.00124782949549249	0.000211237853823405
mpagodeservicios	0.000102472220026376	0.0024163453681332	0.000216796744713495
mcheques_depositados_rechazados_lag2	0.000102130326557537	0.00138010303787433	0.00013897227225224
mforex_sell_lag1	0.000101232610012525	0.000272097290580712	0.000216796744713495
Master_mconsumototal_lag3	0.000101205942302259	0.000293864515821029	0.000239032308273853
cseguro_vivienda_lag6	9.98159769464093e-05	0.00054465997238311	0.000200120072043226
ctarjeta_master_debitos_automaticos_lag6	9.87695111315209e-05	0.000430824000375037	0.000183443399372957
mprestamos_prendarios_lag3	9.85908936982854e-05	0.000797560441636892	0.000116736708691882
mttarjeta_master_debitos_automaticos_lag1	9.69357109818665e-05	0.000218042611351802	0.000194561181153136
ccajas_consultas_lag6	9.61000640381105e-05	0.000736066200949149	0.000222355635603584
ccajas_otras_lag6	9.54393783101529e-05	0.0024018402805584	0.000172325617592778
cseguro_accidentes_personales_lag1	9.51781227254668e-05	8.22861134997101e-05	0.000183443399372957
mcheques_emitidos_lag3	9.50644608291524e-05	0.000470145000885851	0.000177884508482868
mforex_buy_lag3	9.3688820376026e-05	0.000164357233478657	0.000150090054032419
cforex_lag6	9.30859020956922e-05	0.000400032133780709	0.000189002290263047
Master_msaldodolares_lag2	9.30708525956478e-05	0.00037779100621423	0.000166766726702688
mforex_sell_lag2	9.292162875392e-05	7.37585911533024e-05	0.000172325617592778
Master_mpagado	9.25437424190232e-05	0.000315772602358507	0.000189002290263047
Master_mpagosdolares_lag3	9.18039696637543e-05	0.00267408387148529	0.000205678962933316
Master_mconsumototal_lag2	9.014968856396e-05	0.000136666128438185	0.000166766726702688
mtarjeta_visa_descuentos_lag3	8.76276291658913e-05	0.000482055007380436	0.000205678962933316
Master_msaldodolares_lag6	8.76136101393083e-05	0.000506673553343421	0.000177884508482868
cseguro_vida_lag3	8.69188415238506e-05	0.000282563783539188	0.000183443399372957
mcheques_emitidos_rechazados_lag3	8.67997056264476e-05	0.00112088496210563	0.00014453116314233
mcheques_depositados_lag2	8.54785618303187e-05	0.000160778037057793	0.000189002290263047
Master_status_lag1	8.46297533170868e-05	0.000573204705949452	0.000105618926911703
ccajas_extracciones_lag3	8.39507371322387e-05	0.000479137410838295	0.000172325617592778
mcheques_depositados_lag3	8.30285560238838e-05	9.38848855229147e-05	0.000189002290263047
mcajeros_propios_descuentos_lag1	8.23250576754244e-05	0.000258721812907702	0.00014453116314233
mcaja_ahorro_adicional_lag3	8.17589226212047e-05	0.000187352374395539	0.000133413381362151
Master_mpagosdolares_lag1	8.146981763027e-05	0.000509658382574767	0.000155648944922509
mcheques_emitidos_lag6	8.10462922115923e-05	0.000666400242371357	0.000172325617592778
cseguro_vida_lag1	8.0754062061131e-05	6.83824437335242e-05	0.000155648944922509
cseguro_vivienda_lag3	8.02302039311649e-05	0.000516255999390798	0.000150090054032419
Master_mconsumosdolares_lag1	8.01747764296606e-05	0.000147382716928193	0.00013897227225224
mcaja_ahorro_adicional_lag6	7.85253849639291e-05	0.000282925077406126	0.000150090054032419
ccheques_emitidos_rechazados_lag2	7.79976656401178e-05	0.000272899248140946	5.00300180108065e-05
cseguro_vida	7.66274352044337e-05	0.000308907615994167	0.000155648944922509
active_quarter_lag3	7.55975435048758e-05	0.000434266868039587	0.000161207835812599
active_quarter_lag2	7.5061928649942e-05	0.0010415740084168	0.000189002290263047
tpaquete4_lag1	7.47135831896634e-05	0.000169530121622304	8.89422542414338e-05
ccajas_extracciones_lag2	7.40742875060049e-05	7.71962212150971e-05	0.000166766726702688
ctarjeta_master_debitos_automaticos_lag3	7.35837727981213e-05	0.000134933589880839	0.00013897227225224
mpagodeservicios_lag3	7.33373718397525e-05	0.000202125032964905	0.00013897227225224
ccajas_depositos_lag6	7.3054542456343e-05	0.00128354773037004	0.000166766726702688
mpagodeservicios_lag1	7.28418221208619e-05	0.000530319113871609	0.000166766726702688
ccajas_depositos_lag2	7.20965678033784e-05	0.000242664783347464	0.000172325617592778
Master_mpagado_lag3	7.18435647747488e-05	0.000787299020970885	0.00014453116314233
mcajeros_propios_descuentos_lag2	7.14929499600398e-05	0.000147575500998815	0.00013897227225224
active_quarter_lag6	7.14296853831773e-05	0.000636518056724687	0.000161207835812599
active_quarter_lag1	7.12685109593767e-05	0.000170467904323203	0.00014453116314233
Visa_Finiciomora_lag6	7.11794669457087e-05	0.00139648741760673	0.000194561181153136
Master_delinquency_lag6	7.07839774198753e-05	0.000237368005754044	1.66766726702688e-05
cseguro_vivienda	7.07028555601182e-05	0.0011690936205138	0.000155648944922509
cseguro_accidentes_personales_lag3	7.05365768679378e-05	0.000677948149213964	0.000150090054032419
tpaquete3_lag3	7.01859181478669e-05	3.77563674110054e-05	5.55889089008961e-05
ccajas_depositos_lag3	6.84165414606012e-05	0.000246251181472115	0.000150090054032419
mcaja_ahorro_adicional_lag1	6.81736629703393e-05	0.0004790845311951	0.000111177817801792
mcaja_ahorro_adicional_lag2	6.80195566744416e-05	7.54980796066109e-05	9.45011451315234e-05
mtarjeta_visa_descuentos_lag2	6.75138631013656e-05	0.000205790498746525	0.00013897227225224
tpaquete3_lag2	6.51531616273661e-05	2.31736726646239e-05	7.22655815711649e-05
cseguro_vida_lag2	6.48316073969254e-05	0.000326861362813482	0.000166766726702688
tcallcenter_lag6	6.47787962991822e-05	8.90478586559063e-05	0.000122295599581971
mcajeros_propios_descuentos_lag6	6.4529882124184e-05	0.000853080340236403	0.000155648944922509
cforex_lag3	6.4490162258383e-05	0.00031449754825715	0.000155648944922509
ccheques_emitidos_lag1	6.33736879776041e-05	0.000510325925118155	0.000100060036021613
Master_mpagado_lag6	6.33231021383126e-05	0.000144862019879409	0.00014453116314233
mtarjeta_visa_descuentos_lag1	6.32917958360753e-05	0.00246857922498141	0.000183443399372957
tpaquete3_lag1	6.30881526641599e-05	1.88422759096947e-05	7.22655815711649e-05
active_quarter	6.27813676002507e-05	0.000113063929217418	0.000133413381362151
tcallcenter_lag3	6.20020392907094e-05	0.000141832721386214	0.00013897227225224
Master_mconsumosdolares_lag3	6.13135019326427e-05	0.000178902912474801	0.000122295599581971
Master_mpagado_lag2	6.07517581770955e-05	0.000514286660755066	0.000133413381362151
cforex	6.00927262389552e-05	0.000174085123725603	0.000116736708691882
ccheques_emitidos_lag6	5.90924992512812e-05	0.000691788665577705	0.000122295599581971
mcheques_emitidos_lag2	5.8729310919377e-05	0.0001122507410282	0.000116736708691882
tcallcenter_lag2	5.85123831031864e-05	1.30407747123645e-05	9.45011451315234e-05
cinversion2_lag6	5.84670631116316e-05	0.000574609894334635	8.89422542414338e-05
mprestamos_hipotecarios_lag1	5.78850784123248e-05	0.000382850429752049	5.00300180108065e-05
Master_msaldodolares_lag3	5.76742189398519e-05	9.93443309711171e-05	0.000116736708691882
mtarjeta_master_descuentos_lag1	5.7504708469914e-05	0.00391669057052327	0.000161207835812599
tcuentas_lag6	5.72831139775703e-05	0.000523137101455921	7.22655815711649e-05
minversion1_dolares_lag6	5.714088576589e-05	0.00159327477938748	0.000105618926911703
minversion1_pesos	5.70533359959262e-05	0.00121985641604987	0.000105618926911703
mcajeros_propios_descuentos	5.66454921620133e-05	0.000166478563317402	0.000111177817801792
Master_mconsumototal_lag1	5.59514435690778e-05	0.000195898077266893	0.000127854490472061
ctarjeta_master_debitos_automaticos	5.5898078285274e-05	0.000142434844256734	7.22655815711649e-05
ccheques_emitidos_lag2	5.5827148442169e-05	0.000166263066180989	0.000111177817801792
cprestamos_hipotecarios	5.5128845413296e-05	0.000296782313809429	4.44711271207169e-05
ctarjeta_visa_descuentos_lag3	5.39554904969604e-05	0.000176337746164168	0.000105618926911703
cplazo_fijo_lag3	5.38144088442647e-05	0.000256100795621542	6.67066906810753e-05
cinversion2_lag3	5.28612530430569e-05	0.00081796362389059	9.45011451315234e-05
minversion2_lag1	5.24935230795038e-05	0.000182032682290068	8.33833633513441e-05
mcheques_emitidos_lag1	5.24898538365976e-05	0.000258187073811083	0.000100060036021613
Master_msaldodolares	5.18888795916583e-05	0.00188139309100949	0.000122295599581971
ctarjeta_master_debitos_automaticos_lag2	5.17419911212511e-05	0.000111929434243831	7.22655815711649e-05
mprestamos_hipotecarios_lag3	5.14608394818144e-05	0.000555071420151097	5.55889089008961e-05
Visa_madelantopesos	5.08389320370814e-05	0.00025709780352282	9.45011451315234e-05
Master_Finiciomora_lag6	4.98697387698745e-05	0.00256342274289311	0.000155648944922509
mcheques_depositados_rechazados_lag1	4.9596082366653e-05	0.000935863472020587	0.000105618926911703
cseguro_vivienda_lag2	4.95150434251267e-05	0.000101127382178106	8.33833633513441e-05
minversion2_lag2	4.94500947504039e-05	0.000258487077653479	7.78244724612545e-05
Master_mpagado_lag1	4.93223534020372e-05	0.000544813424071507	9.45011451315234e-05
ccheques_depositados_lag6	4.90890034555032e-05	0.00049250785235481	7.22655815711649e-05
Master_mconsumosdolares_lag2	4.84999311218591e-05	8.75024133123429e-05	0.000105618926911703
ctarjeta_master_debitos_automaticos_lag1	4.76055488428089e-05	6.57649517569099e-05	0.000100060036021613
ccajas_extracciones_lag6	4.70877667447642e-05	0.000189937886778412	0.000116736708691882
minversion1_pesos_lag2	4.70852573404673e-05	0.000300594936083828	0.000100060036021613
ccheques_depositados_rechazados	4.6613262562397e-05	0.000158636109338984	6.11477997909857e-05
Master_mpagosdolares	4.65212192597122e-05	0.000231906596204809	8.33833633513441e-05
minversion2_lag3	4.64996527679595e-05	0.00047383579853464	9.45011451315234e-05
cplazo_fijo_lag2	4.63750679037844e-05	0.00051400121140494	8.89422542414338e-05
minversion1_pesos_lag3	4.62747420546944e-05	0.000123653102948107	8.33833633513441e-05
mplazo_fijo_pesos_lag6	4.56799394676822e-05	0.000573874968017347	8.33833633513441e-05
cseguro_vivienda_lag1	4.48524352848081e-05	2.70075978809954e-05	7.78244724612545e-05
ctarjeta_master_lag1	4.48274709882196e-05	1.87259406946645e-06	1.11177817801792e-05
Master_mpagosdolares_lag2	4.37860764014964e-05	0.000545318248398547	7.78244724612545e-05
cseguro_accidentes_personales	4.28385981163912e-05	1.87053931761657e-05	7.22655815711649e-05
cpagodeservicios_lag2	4.23992193673717e-05	8.08632482052304e-05	9.45011451315234e-05
mtarjeta_master_descuentos_lag2	4.21876328195615e-05	0.00158748798376712	0.000105618926911703
cpagodeservicios	4.19169818686278e-05	0.0012070797373841	9.45011451315234e-05
cseguro_accidentes_personales_lag2	4.12464260119547e-05	3.08971222650696e-05	9.45011451315234e-05
mtarjeta_master_descuentos	4.11788611240875e-05	0.000734462487274941	0.000100060036021613
cpagodeservicios_lag1	4.08904713267207e-05	0.000371063809091588	9.45011451315234e-05
mcajeros_propios_descuentos_lag3	4.08121983594653e-05	5.6805528629507e-05	0.000100060036021613
ccheques_emitidos_rechazados_lag3	4.02525003650501e-05	6.64608982229282e-05	4.44711271207169e-05
mcheques_depositados_rechazados_lag6	3.97535295860958e-05	0.000346084724685139	7.22655815711649e-05
ctarjeta_visa_descuentos_lag2	3.93558512095857e-05	0.000671278011744408	0.000100060036021613
tpaquete4_lag6	3.9181810735613e-05	0.000218901124949473	7.22655815711649e-05
cseguro_auto_lag3	3.90683134049827e-05	6.45166396465405e-05	7.22655815711649e-05
Visa_delinquency_lag3	3.87297322176552e-05	2.61737614501491e-05	4.44711271207169e-05
cforex_buy_lag3	3.80107179938148e-05	5.49475394138756e-05	6.67066906810753e-05
tpaquete4_lag2	3.72385833014529e-05	4.08550137791342e-05	6.11477997909857e-05
cforex_lag1	3.6365105184931e-05	0.000228860527310486	7.78244724612545e-05
cforex_lag2	3.62529144041705e-05	6.3229649854291e-05	7.22655815711649e-05
ccheques_emitidos_lag3	3.60719760229388e-05	5.76320122718709e-05	5.55889089008961e-05
tpaquete3_lag6	3.60631996524035e-05	0.000133128379585274	5.00300180108065e-05
ccajeros_propios_descuentos_lag3	3.59623445244916e-05	9.59006071599637e-05	7.22655815711649e-05
ccajeros_propios_descuentos_lag1	3.58930851183888e-05	0.000940746176827003	8.89422542414338e-05
cforex_buy_lag6	3.58538970094258e-05	9.14585660468435e-05	7.22655815711649e-05
minversion1_dolares_lag3	3.55609013426083e-05	0.00023096851133452	4.44711271207169e-05
cprestamos_prendarios_lag3	3.50812731312716e-05	0.00204338559720601	6.11477997909857e-05
minversion1_pesos_lag6	3.48745856212775e-05	0.000203158905531725	7.22655815711649e-05
mtarjeta_master_descuentos_lag3	3.48620917182915e-05	0.000117483206903181	6.67066906810753e-05
Master_Finiciomora_lag3	3.39790946524116e-05	0.000113683628274104	7.78244724612545e-05
mprestamos_hipotecarios_lag2	3.39287772648635e-05	0.000144585434164714	3.33533453405377e-05
mcheques_depositados_rechazados	3.38496725102062e-05	0.000465433172869304	6.11477997909857e-05
Master_msaldodolares_lag1	3.31736365527126e-05	4.5326566769314e-05	6.67066906810753e-05
mforex_buy	3.29518679638536e-05	0.000116612505806793	6.11477997909857e-05
minversion1_pesos_lag1	3.2786137866313e-05	0.000243601860986454	6.11477997909857e-05
ctarjeta_master_descuentos_lag2	3.22197138372935e-05	3.04570125489879e-05	7.22655815711649e-05
cinversion1_lag2	3.18781993778393e-05	0.000498049286430748	5.55889089008961e-05
cinversion1_lag3	3.17420148567935e-05	0.000385206746652843	4.44711271207169e-05
mpayroll2_lag2	3.17240921923974e-05	0.00262001539318758	7.78244724612545e-05
cforex_sell_lag3	3.16934236298403e-05	5.2643951071583e-05	6.11477997909857e-05
Master_Finiciomora_lag2	3.12002172881685e-05	0.00128304230170422	0.000100060036021613
ctarjeta_visa_descuentos_lag6	3.11586939349627e-05	5.26533686842283e-05	8.33833633513441e-05
mcheques_emitidos_rechazados_lag6	3.10963096892019e-05	0.000192279749910065	5.00300180108065e-05
ctarjeta_visa_descuentos	3.10844939366201e-05	0.000227988365728714	7.22655815711649e-05
ccajeros_propios_descuentos	3.07824855981942e-05	0.00170737731515882	7.78244724612545e-05
ccheques_depositados_lag1	2.97836725410875e-05	0.000344921775427356	5.55889089008961e-05
cpagodeservicios_lag3	2.97613825957133e-05	7.12175983938443e-05	6.67066906810753e-05
tcuentas	2.84577144680006e-05	0.000180503151201028	6.67066906810753e-05
cforex_sell_lag1	2.84230088995335e-05	7.74518565187738e-05	5.00300180108065e-05
ctarjeta_master_lag3	2.75738959715554e-05	9.73934246681563e-05	5.00300180108065e-05
tpaquete4_lag3	2.75424991264224e-05	0.000118386542293656	5.00300180108065e-05
Visa_madelantopesos_lag6	2.73488591971639e-05	0.000343901953737157	6.67066906810753e-05
cplazo_fijo_lag1	2.71210772257134e-05	0.000180533317778432	6.11477997909857e-05
cforex_buy_lag2	2.69925334449046e-05	0.000111902641891279	6.11477997909857e-05
cforex_buy_lag1	2.61411191389036e-05	0.000175770120965638	5.00300180108065e-05
cforex_sell	2.60852023880681e-05	4.94586828117434e-05	3.89122362306273e-05
ctarjeta_visa_lag1	2.58404468323851e-05	0.000111177838248545	4.44711271207169e-05
Visa_madelantopesos_lag1	2.53880299699223e-05	6.23228395158349e-05	5.00300180108065e-05
Master_delinquency_lag1	2.38104132237059e-05	0.000225832790025804	3.33533453405377e-05
cprestamos_prendarios_lag2	2.37422301661317e-05	0.000490496763981736	2.22355635603584e-05
cforex_sell_lag2	2.37391073575434e-05	3.37940705655811e-05	5.00300180108065e-05
ctarjeta_master_lag2	2.37180359606983e-05	2.8680004729793e-05	2.22355635603584e-05
ccheques_depositados_lag3	2.32270905227866e-05	4.36313461315949e-05	4.44711271207169e-05
cpayroll2_trx_lag2	2.31953198149179e-05	0.00205958630831105	6.11477997909857e-05
Master_status_lag6	2.29591864844614e-05	0.000279834589611519	3.89122362306273e-05
ccajeros_propios_descuentos_lag6	2.17331241022864e-05	0.000896948385723255	6.11477997909857e-05
cprestamos_prendarios_lag1	2.10523422992025e-05	0.000163537599009126	3.33533453405377e-05
ctarjeta_visa_descuentos_lag1	2.09769743928135e-05	6.57197774331514e-05	5.00300180108065e-05
Visa_cadelantosefectivo	2.06943890622199e-05	0.000131408028526645	3.89122362306273e-05
ccajeros_propios_descuentos_lag2	2.01751898566643e-05	0.00042030528247371	5.00300180108065e-05
Visa_status_lag2	1.99591630852485e-05	0.000184293765471544	3.89122362306273e-05
Visa_status_lag6	1.9246591830328e-05	0.000124292342291994	3.89122362306273e-05
mpayroll2_lag6	1.8738733297192e-05	0.00149691613379431	5.55889089008961e-05
mtarjeta_master_descuentos_lag6	1.81128420921254e-05	3.27305350370064e-05	4.44711271207169e-05
cinversion2_lag2	1.75526713049475e-05	4.67758215238265e-05	3.33533453405377e-05
ccheques_depositados_rechazados_lag6	1.70724537705527e-05	2.98673793465751e-05	2.7794454450448e-05
Master_madelantopesos_lag2	1.67113509751157e-05	5.28000719229222e-05	3.33533453405377e-05
cseguro_auto_lag2	1.66551322240113e-05	5.37787482145593e-05	3.33533453405377e-05
tcuentas_lag1	1.66244941601138e-05	9.21869453606884e-05	5.00300180108065e-05
ctarjeta_visa_lag2	1.66103027525651e-05	0.00145911484386737	5.00300180108065e-05
cseguro_auto_lag6	1.59934463941741e-05	2.84480897232068e-05	3.33533453405377e-05
ctarjeta_master_descuentos_lag1	1.52806256220947e-05	3.40394824715734e-05	2.7794454450448e-05
cinversion1_lag6	1.51318465524861e-05	6.82390643581169e-05	3.89122362306273e-05
cprestamos_prendarios_lag6	1.49647822656654e-05	2.73057383454883e-05	1.66766726702688e-05
cliente_vip_lag3	1.48881942858145e-05	1.27883625488445e-05	3.33533453405377e-05
ctarjeta_visa_lag3	1.48856969539036e-05	1.89258257459436e-05	3.33533453405377e-05
ccheques_depositados_lag2	1.44931346640037e-05	0.000113720744747471	3.89122362306273e-05
ccheques_depositados_rechazados_lag2	1.43018569194707e-05	0.000168143214485197	2.7794454450448e-05
ctarjeta_master_descuentos_lag3	1.42179484988474e-05	0.000195676687827381	3.89122362306273e-05
cliente_vip	1.39717081667526e-05	0.000132209331386535	3.89122362306273e-05
Master_delinquency_lag2	1.39522044010113e-05	9.57443855854946e-06	2.7794454450448e-05
cforex_sell_lag6	1.35465456689816e-05	0.000204131437712439	3.33533453405377e-05
ccheques_depositados_rechazados_lag1	1.32194035757897e-05	0.00032062383118683	2.7794454450448e-05
cseguro_auto	1.23913715754878e-05	5.58421118920492e-05	2.22355635603584e-05
Master_madelantopesos_lag1	1.17591297870245e-05	2.75477760266291e-07	1.11177817801792e-05
cliente_vip_lag6	1.17224135944227e-05	2.4094987133785e-06	1.66766726702688e-05
cseguro_auto_lag1	1.14035812422742e-05	1.39393761157341e-05	2.7794454450448e-05
cinversion2	1.1077074156591e-05	0.000237407589944093	2.22355635603584e-05
Visa_cadelantosefectivo_lag2	1.01459685050462e-05	0.000232957642065276	2.22355635603584e-05
ctarjeta_master_lag6	9.8804863144494e-06	1.01679999630282e-06	1.66766726702688e-05
cinversion2_lag1	9.81364926438596e-06	0.000276638040361131	2.7794454450448e-05
minversion1_dolares_lag1	9.36135312578411e-06	9.73220119690599e-05	1.66766726702688e-05
Visa_madelantopesos_lag2	8.89653919357958e-06	1.35502826649448e-05	2.22355635603584e-05
minversion1_dolares	8.78396902220139e-06	0.00104744611652818	3.33533453405377e-05
Master_madelantopesos_lag6	8.76680119963055e-06	2.82915156177831e-05	2.22355635603584e-05
ccheques_depositados_rechazados_lag3	8.70629656084588e-06	0.000282635448046109	1.66766726702688e-05
mplazo_fijo_pesos	8.04592751063725e-06	0.000864757474854667	3.33533453405377e-05
ccheques_emitidos_rechazados_lag6	8.02609359690573e-06	0.000104774314903825	1.66766726702688e-05
Visa_madelantopesos_lag3	7.74743204594829e-06	4.26673250553577e-06	2.22355635603584e-05
cprestamos_prendarios	7.4050937414515e-06	0.000130099735792423	1.66766726702688e-05
Master_cadelantosefectivo_lag2	6.6852187564826e-06	7.7430251407411e-05	1.11177817801792e-05
Visa_cadelantosefectivo_lag3	6.61681826888103e-06	9.03189341936322e-06	1.66766726702688e-05
cpayroll2_trx_lag3	6.25578447666144e-06	0.00124176626524212	3.33533453405377e-05
Visa_cadelantosefectivo_lag6	5.98321052170055e-06	5.7337648924749e-06	1.66766726702688e-05
Master_madelantopesos_lag3	5.81703933729534e-06	4.85737293924748e-07	5.55889089008961e-06
mcuenta_corriente_adicional_lag1	5.55125216010249e-06	4.3980754669205e-07	5.55889089008961e-06
Master_status_lag2	5.05911930771e-06	1.52203225201899e-05	1.11177817801792e-05
mprestamos_hipotecarios_lag6	5.04714191223225e-06	0.000817041604359519	2.22355635603584e-05
Master_cadelantosefectivo	5.01554117085202e-06	3.77933327996773e-06	1.11177817801792e-05
Master_madelantopesos	4.8352117461905e-06	1.96787311419182e-05	1.11177817801792e-05
ctarjeta_master_descuentos_lag6	4.68432356719237e-06	1.06281535819593e-05	1.11177817801792e-05
cprestamos_hipotecarios_lag1	4.30755824865284e-06	2.52676561736023e-05	1.11177817801792e-05
cpayroll2_trx_lag6	3.65163431454314e-06	0.00034566591791103	1.66766726702688e-05
mplazo_fijo_pesos_lag2	3.5118780827629e-06	0.00020696059934653	1.11177817801792e-05
Visa_cadelantosefectivo_lag1	3.4459101809594e-06	1.06620469151694e-06	1.66766726702688e-05
ccuenta_corriente_lag3	2.26871726246765e-06	7.43739591154036e-05	5.55889089008961e-06
mplazo_fijo_pesos_lag3	2.00913065338963e-06	0.000394551737921489	1.11177817801792e-05
cprestamos_hipotecarios_lag3	1.96961932217369e-06	1.66993913211516e-06	5.55889089008961e-06
cinversion1_lag1	1.85278772558183e-06	2.89307046001048e-05	5.55889089008961e-06
ctarjeta_master_descuentos	1.7664437328334e-06	7.94000432972274e-07	5.55889089008961e-06
ccuenta_corriente	1.59475762830466e-06	0.000163332828886047	5.55889089008961e-06
Master_cadelantosefectivo_lag6	1.38218641856128e-06	3.83352232385193e-07	5.55889089008961e-06
ccuenta_corriente_lag6	1.13189993095846e-06	0.000114042806955314	5.55889089008961e-06
Master_cadelantosefectivo_lag1	9.89656533487225e-07	1.32304867275242e-06	5.55889089008961e-06
