Feature	Gain	Cover	Frequency
ctrx_quarter	0.158817880797929	0.0178857873130601	0.00345791293638388
Visa_status	0.0458025411078509	0.00549298856206411	0.000971057742409171
mcaja_ahorro	0.045051293074143	0.0112610938146724	0.00346738667045616
mdescubierto_preacordado	0.0300300919663041	0.00892372589178953	0.0017242196011558
mcuentas_saldo	0.0247017477126241	0.0176043460363098	0.00515844820235896
mtarjeta_visa_consumo	0.022655208860581	0.0109928976643206	0.0019042205485292
foto_mes	0.016505178916646	0.00944254241064201	0.00600634740182843
mcuenta_corriente	0.0161003627329113	0.00439752515557072	0.00354791341007058
Visa_Finiciomora	0.0157853667596784	0.00832339741417105	0.00198001042110748
ctarjeta_visa	0.0146215923294831	0.00238270631304852	0.000402633698072095
mprestamos_personales	0.0128744834948729	0.0151404946391918	0.00477002510539529
cpayroll_trx	0.0115607296741821	0.0162460126955835	0.00151579745156553
ctarjeta_visa_transacciones	0.0103671976928214	0.015262829713582	0.00270948794467339
mpayroll	0.00827826525984919	0.0164444875808184	0.00231632798067358
mprestamos_personales_lag6	0.00502088407081012	0.00237914570649101	0.00207474776183033
cproductos	0.00434993194606341	0.00686235093121308	0.00260054000284212
Visa_mpagominimo	0.00424353114655791	0.0105632953323512	0.00283738335464924
mactivos_margen	0.00398717105411956	0.00665532987673641	0.00453791862062432
mprestamos_personales_lag2	0.00385643440082446	0.00169355357833266	0.001165269290891
ccaja_ahorro	0.00366297194241983	0.00918653531198775	0.00220264317180617
mrentabilidad	0.0034814142027307	0.00112739827243362	0.00317843778125148
ctrx_quarter_lag6	0.00347417972610493	0.00278507920236192	0.00382738856520297
Visa_delinquency	0.00337165439586643	0.000866275798011148	0.000251053952915542
internet	0.00306267622260959	0.000732997449427264	0.000961584008336886
mautoservicio	0.00301606730740801	0.00833937624090377	0.00107053195016816
Visa_mpagospesos	0.00289918390861765	0.00323307485766936	0.0023068542466013
Master_Finiciomora	0.00283681119094887	0.00608824848759634	0.00150632371749325
Visa_msaldopesos	0.00283538608879952	0.00291966335195047	0.00148737624934868
numero_de_cliente	0.0027493518510288	0.00506059139141001	0.00503055279238312
mpasivos_margen	0.00258719282456545	0.00156005877055621	0.00297001563166122
tpaquete3	0.00256205968323946	0.00537719118852392	0.000885794135758609
mcomisiones_mantenimiento	0.00255084271227035	0.0103535445464047	0.00295580503055279
mcaja_ahorro_lag1	0.00246709777347193	0.00265779972553369	0.00251527639619156
mrentabilidad_annual	0.00241336580626023	0.00107816370598981	0.00321633271754062
mpayroll_lag3	0.00237116245782333	0.0037198916709306	0.00115579555681872
cprestamos_personales	0.00236912007159142	0.00343961327147006	0.00103263701387902
mcuentas_saldo_lag1	0.00232987648522097	0.00233109742917793	0.00301738430202264
mcuenta_corriente_lag6	0.00223676547404701	0.00648661072787771	0.00332054379233575
mrentabilidad_annual_lag6	0.00220913253784817	0.00188890367400407	0.00397423144332339
mprestamos_personales_lag3	0.00218138178467722	0.00405901147395784	0.0016910615319028
chomebanking_transacciones	0.00217729178649089	0.00245223921318203	0.00302685803609493
cliente_edad_lag6	0.00216224454227676	0.00222538806183517	0.00344370233527545
chomebanking_transacciones_lag6	0.00211893818439252	0.00184530311134855	0.00303633177016721
mttarjeta_visa_debitos_automaticos_lag6	0.00211303360092408	0.00165887506760001	0.00237317038510729
mcomisiones_mantenimiento_lag6	0.00204589405272663	0.002804113162857	0.00264790867320354
Master_Fvencimiento_lag6	0.0019962817933866	0.00118946587228074	0.00327317512197433
mes	0.00196306536087788	0.00319879153881237	0.00259106626876984
cliente_edad	0.0019601363668472	0.00286033886176797	0.00315475344607077
mcuentas_saldo_lag6	0.00195355539088607	0.0030611381637629	0.00292738382833594
Visa_cconsumos_lag6	0.00194425856857307	0.00164503434396712	0.00239211785325186
Visa_status_lag1	0.00193702433108035	0.000237127477933698	0.000142106011084269
mrentabilidad_annual_lag2	0.00189464103479128	0.00101529791844436	0.00293685756240822
mcuenta_corriente_lag1	0.0018725468948739	0.000778935048939935	0.00241106532139643
ctarjeta_visa_transacciones_lag6	0.00179581887055036	0.00115898048915779	0.00179053573966179
ctrx_quarter_lag3	0.00179126773828622	0.0010296887534492	0.00246317085879399
Visa_Fvencimiento_lag6	0.00178901296319437	0.0011826360362494	0.00346264980342002
mtransferencias_recibidas	0.00176649458939396	0.00679684803390014	0.00196579981999905
ccomisiones_mantenimiento	0.00173556670200237	0.00204707010277048	0.00118895362607172
mrentabilidad_annual_lag1	0.00170960278258294	0.00127057010826191	0.00314527971199848
mactivos_margen_lag1	0.00170253663205974	0.00264976469252291	0.00287527829093837
mcaja_ahorro_lag6	0.00167283272544987	0.00208176520246473	0.00274738288096253
mtarjeta_master_consumo	0.0016674849206046	0.00316184729700108	0.00114158495571029
mcuentas_saldo_lag3	0.0016474877873612	0.000682731022815204	0.00248211832693856
mcomisiones	0.00160575430901265	0.000769002006832774	0.00223580124105916
mcuenta_debitos_automaticos	0.00158421022458839	0.00890523838595982	0.0018142200748425
mcuentas_saldo_lag2	0.0015594493241637	0.000815305187816526	0.00257211880062527
mpagomiscuentas	0.00154881033578275	0.00924809297964143	0.0012884278338307
ccaja_seguridad	0.00153272635676465	0.00803939786981488	0.000795793662071906
mrentabilidad_annual_lag3	0.00153022029842442	0.000717276063757305	0.00286106768982995
mrentabilidad_lag3	0.00151401948478595	0.000602215784158996	0.00274738288096253
Visa_msaldototal	0.00149389195053241	0.00123775571519871	0.00129790156790299
Visa_Fvencimiento	0.0014854127807738	0.00213263262218313	0.00271422481170954
mpasivos_margen_lag6	0.00148178337954399	0.0007644798648179	0.00288001515797452
Visa_mfinanciacion_limite	0.00148144546514346	0.00517517451539225	0.00252948699729999
mrentabilidad_lag6	0.0014747561605326	0.000664393709519593	0.00280896215243238
mactivos_margen_lag6	0.00147048389991305	0.00128174513738433	0.00271422481170954
mactivos_margen_lag2	0.00147016664334649	0.00267822341290907	0.00277106721614324
mdescubierto_preacordado_lag1	0.0014670260835107	0.000240086957602922	0.000459476102505803
ctrx_quarter_lag1	0.00146529527158852	0.00113513372306787	0.0022736961773483
mttarjeta_visa_debitos_automaticos_lag3	0.00145911312655589	0.00078242827398942	0.00171000900004737
mcaja_ahorro_dolares	0.00145753195211065	0.00966821275791803	0.00202264222443276
mpayroll_lag2	0.00145330835041663	0.00262393893466383	0.00104211074795131
Visa_mpagospesos_lag6	0.00145285750694363	0.00118131262062153	0.00257685566766141
mrentabilidad_lag1	0.00145241297040157	0.00151529203065622	0.00271896167874568
ctarjeta_master	0.00144918997035282	0.000287202953111363	0.000222632750698688
ctrx_quarter_lag2	0.00141273102031696	0.00157887689617449	0.00244422339064942
canarito13	0.00140245750382441	0.000557770745250996	0.00305054237127564
Visa_mconsumospesos_lag6	0.00139369608018803	0.000619280117621296	0.00235895978399886
Master_fechaalta_lag6	0.00138446014449573	0.00138662215803793	0.00237790725214343
mactivos_margen_lag3	0.0013682522891751	0.00317921103446397	0.00248685519397471
cliente_edad_lag3	0.00136748932209128	0.00115631211900835	0.00207948462886647
canarito56	0.00136381737040271	0.000639377644606406	0.00300791056795036
canarito155	0.00136205871226442	0.000612067442247529	0.00308843730756478
canarito74	0.00135541759657191	0.000583485642468807	0.00297475249869736
canarito150	0.00135359551966376	0.000650067312819915	0.00296527876462508
canarito121	0.0013535120729897	0.000507731212823475	0.00276159348207096
canarito94	0.00135119544185603	0.000505840784704169	0.00299843683387807
canarito10	0.00134501803831504	0.000725546597591306	0.00299843683387807
Visa_msaldopesos_lag3	0.00134450059005075	0.000471813390714533	0.000923689072047748
canarito37	0.00133355988587361	0.000483535320442141	0.00285159395575766
Visa_mpagominimo_lag6	0.00133198222417738	0.00172998998386771	0.00171000900004737
canarito66	0.00133078167564023	0.000595441868982102	0.00291791009426365
chomebanking_transacciones_lag3	0.00132402198624234	0.000674833740617328	0.00230211737956516
canarito134	0.00132095502174149	0.00088964500713914	0.00288001515797452
Visa_mpagospesos_lag1	0.00131419767349498	0.00171299503864266	0.00189000994742078
mcuenta_corriente_lag3	0.00131416831856747	0.00302337588993093	0.00207001089479418
cmobile_app_trx_lag6	0.00131101407667542	0.00359579838958019	0.00204632655961347
canarito23	0.00130656458834739	0.000612416880696832	0.00279001468428781
mpasivos_margen_lag2	0.00130476877181903	0.00120970962293549	0.002396854720288
mcaja_ahorro_dolares_lag6	0.00130375676348957	0.00389800815438096	0.00212685329922789
canarito62	0.00130116049521859	0.000594344946192928	0.00284685708872152
canarito63	0.00130069357819194	0.000563013481434105	0.0028563308227938
canarito64	0.00130067996729581	0.00117537395074268	0.00293685756240822
canarito68	0.00129742728375664	0.000498628376894298	0.00286106768982995
Master_mfinanciacion_limite	0.00129331836473578	0.00269435100516845	0.00221685377291459
cliente_edad_lag1	0.001286609567173	0.00167159452012911	0.00195158921889063
canarito36	0.00128389508095554	0.000595240973089541	0.00265738240727583
Master_Fvencimiento	0.00128100021834012	0.00143737733470159	0.00257211880062527
canarito80	0.00128015135739978	0.000561924630155819	0.00294633129648051
Visa_status_lag3	0.00127564560347936	3.67424094450935e-05	4.7368670361423e-05
canarito112	0.00127031331692188	0.000780503686879281	0.00289896262611908
canarito72	0.001270301756697	0.000414280062445607	0.00283264648761309
canarito9	0.00126797120195473	0.000572619426677351	0.00293685756240822
canarito111	0.00126751915480782	0.000648104018132696	0.00287054142390223
canarito90	0.00126551018033958	0.000537084845256683	0.00283264648761309
canarito122	0.00126540177314677	0.000581524934232591	0.00285159395575766
canarito140	0.00126443764623716	0.000474108018694034	0.00284685708872152
canarito34	0.00126432647877401	0.000708344825473984	0.00277580408317939
ccallcenter_transacciones	0.00126264192276756	0.00206033034652912	0.00150632371749325
canarito76	0.0012621984516252	0.000742725359213497	0.00291791009426365
canarito77	0.0012585575194521	0.000539741175030761	0.00287527829093837
canarito19	0.00125730618778047	0.000823390612027879	0.00289422575908294
canarito70	0.00125679825440889	0.00174762516490397	0.00287527829093837
canarito99	0.0012564757377911	0.000586885086372441	0.00286106768982995
canarito143	0.00125531247336301	0.000887201390663069	0.00275685661503482
canarito110	0.0012542789272083	0.000565607602602163	0.0027994884183601
canarito31	0.00125375603944913	0.000689482953158572	0.00271422481170954
Visa_Finiciomora_lag1	0.00125187769819994	0.00370406566777697	0.00108000568424044
canarito20	0.00124892534241744	0.000973796572935671	0.00261948747098669
canarito84	0.00124796112261592	0.00059751905670142	0.0028563308227938
canarito24	0.00124658974523377	0.000619888067388953	0.00287527829093837
canarito26	0.00124588506742614	0.00113983513289365	0.00287527829093837
canarito79	0.00124491279122245	0.000465598238142255	0.00284212022168538
canarito101	0.00124446736075741	0.000813008686889746	0.00281369901946852
canarito50	0.00124362506928131	0.000439778634252804	0.00274264601392639
canarito144	0.00124213348576552	0.000656994051575901	0.0027331722798541
canarito1	0.00124099452994436	0.000369548239634151	0.00279001468428781
canarito98	0.00123848180557736	0.0006015913346177	0.0027994884183601
canarito33	0.001238024389762	0.00130202380512762	0.00286580455686609
canarito51	0.00123477226603528	0.00070912856472188	0.0026763298754204
canarito118	0.00123436597793458	0.000634638865023039	0.00287527829093837
canarito54	0.00123434468624995	0.000481160690857477	0.00270001421060111
canarito38	0.00123135986205509	0.000967590383753939	0.00273790914689025
canarito106	0.00123071568649504	0.000503916465157927	0.00270001421060111
canarito156	0.00123014734739671	0.00241371045797351	0.00286106768982995
canarito139	0.00122947829340649	0.000463563548488557	0.00272843541281796
canarito15	0.00122901443442985	0.000495732532838545	0.00273790914689025
canarito11	0.00122885247853484	0.000484673046725587	0.00289896262611908
canarito87	0.00122812528559733	0.0033008985596297	0.00283264648761309
canarito102	0.00122805028316062	0.000895365657036031	0.00269527734356497
mcomisiones_lag6	0.00122748657389177	0.000491369323778408	0.00213159016626403
canarito114	0.00122745163827535	0.000436463472976682	0.00272369854578182
canarito154	0.00122744822888787	0.00230669172210747	0.00281843588650467
Visa_fechaalta_lag6	0.00122479512566009	0.00108598223521404	0.00198948415517976
chomebanking_transacciones_lag1	0.00122383029570013	0.000529732189370873	0.00217895883662546
canarito130	0.00122353456361109	0.000729991458233968	0.00281843588650467
canarito96	0.00122255437758008	0.000593719426396043	0.00253422386433613
canarito47	0.00122103086056251	0.00118455286400653	0.00278527781725167
canarito44	0.00121921356030895	0.000377068390519398	0.00262422433802283
Visa_fechaalta	0.00121877835212499	0.00181106884587266	0.00188527308038463
mprestamos_personales_lag1	0.00121584304519859	0.000772362876941277	0.000909478470939321
canarito124	0.00121494169344764	0.000475732845051721	0.00270475107763725
canarito27	0.00121453411391167	0.000839295412749138	0.00288475202501066
tcallcenter	0.00121307627576956	0.00136539952486651	0.000625266448770783
canarito91	0.00121299309008547	0.0007434616058697	0.00294159442944437
canarito88	0.00121143076543978	0.000583864245382869	0.0028563308227938
canarito53	0.00120892695143814	0.000412518689312554	0.00265738240727583
canarito32	0.00120839251267237	0.000469005352210933	0.00275685661503482
canarito2	0.00120825995270746	0.000872184812891431	0.00273790914689025
canarito138	0.00120669919245827	0.000682708369071936	0.00266211927431197
canarito117	0.00120612617952464	0.000854445638687259	0.00269054047652882
canarito116	0.00120546133478504	0.000697900602541864	0.00291791009426365
mcomisiones_otras	0.00120336227564621	0.00150175873794083	0.00196579981999905
canarito67	0.00120213016834499	0.000483622769242433	0.00264790867320354
canarito149	0.00119896522152604	0.00304190732083372	0.00271422481170954
canarito93	0.001196385634381	0.000336719844060343	0.00264790867320354
canarito61	0.00119289987474119	0.000554537280151383	0.00269054047652882
canarito148	0.00119168386894044	0.000366918532467811	0.00271896167874568
canarito100	0.00119121705106245	0.000719180717357129	0.00262896120505897
canarito131	0.00119120135149572	0.000516559751164384	0.00274264601392639
canarito81	0.00119109014607495	0.000561482525410235	0.00278054095021553
mpasivos_margen_lag3	0.00119075553415486	0.000587313277795388	0.00233527544881815
canarito71	0.00118888650591387	0.000427885151473324	0.00280896215243238
canarito48	0.00118689045293115	0.00036595891455171	0.00269054047652882
canarito147	0.00118586642300394	0.000370072218932176	0.0026763298754204
canarito28	0.00118535426365535	0.000596414463747201	0.00268106674245654
canarito127	0.00118335596908702	0.000618054942537558	0.00270948794467339
canarito21	0.00118324589709769	0.000475169444672892	0.00274264601392639
canarito142	0.00118296167789077	0.000418202995113454	0.00259580313580598
canarito65	0.00118226238122338	0.000522057297365274	0.0027663303491071
canarito83	0.00118196694203374	0.000535432192253722	0.00278527781725167
canarito16	0.00118175380011114	0.000487549759962716	0.00264790867320354
canarito75	0.00118049090387661	0.000548969275457653	0.00263843493913126
canarito92	0.00118007508182096	0.000428125914386518	0.00270948794467339
canarito73	0.00117922995724593	0.000617845885946142	0.00260527686987826
canarito136	0.00117859351815947	0.000578364603264788	0.00270001421060111
canarito151	0.00117820938792813	0.000573697040271969	0.00274264601392639
canarito4	0.00117772637720111	0.000855039496756348	0.00271422481170954
Visa_mpagominimo_lag2	0.00117684911653068	0.000622548588997415	0.00141632324380655
canarito58	0.00117601092360241	0.00045109957488698	0.00264790867320354
canarito49	0.00117577773788347	0.000491071034627388	0.0026431718061674
canarito103	0.00117441158455537	0.000600291732176651	0.00261001373691441
canarito45	0.00117395175851409	0.000593516746744169	0.00269527734356497
Visa_mpagominimo_lag1	0.00117387466778219	0.00160613438844568	0.00159632419117995
canarito86	0.00117130978538036	0.000607498967084515	0.00271422481170954
canarito43	0.00117116546293064	0.000518424760713489	0.00265264554023969
canarito39	0.001169581504064	0.00151848090177302	0.0025531713324807
canarito128	0.00116850412293939	0.000460358891101839	0.00277106721614324
canarito135	0.00116764048401014	0.000434457368065965	0.00271422481170954
canarito29	0.00116437024606931	0.000866850302291697	0.00274264601392639
canarito57	0.00116384142011044	0.00045249804218792	0.00258159253469755
canarito30	0.00116271933970823	0.00041547406633536	0.00261001373691441
canarito104	0.00116216979998003	0.000332336746083873	0.00265264554023969
canarito89	0.00116045041146842	0.000545677704398438	0.00262422433802283
canarito109	0.00115983333869722	0.000441777514938306	0.00258159253469755
mcaja_ahorro_lag2	0.00115918405362339	0.0011229130988305	0.00198001042110748
canarito59	0.00115886139627039	0.0010827034626279	0.00269054047652882
canarito5	0.00115838061002718	0.000583948750980295	0.0026763298754204
canarito153	0.00115694975525339	0.000817541353084563	0.00262896120505897
canarito42	0.00115621694079124	0.000530503353115616	0.00265738240727583
mrentabilidad_lag2	0.0011556234598952	0.000737807534789146	0.00238738098621572
canarito8	0.00115340110099267	0.000611889423068149	0.00271422481170954
canarito115	0.00115269387239076	0.00042937035407083	0.00262422433802283
canarito152	0.00115197320086563	0.000358985798053601	0.00260054000284212
canarito46	0.00115135799777872	0.00194248428082463	0.00261948747098669
Visa_Fvencimiento_lag3	0.0011511847826503	0.000820619987875858	0.00219316943773388
canarito105	0.00114893388578519	0.000482100999579021	0.00248685519397471
canarito12	0.00114664131102792	0.00138780617287553	0.00259580313580598
canarito52	0.0011458379219906	0.000659314008937639	0.00263843493913126
cmobile_app_trx	0.00114239361750257	0.00129608821223358	0.00210316896404718
canarito40	0.00114202141943915	0.000602185817002548	0.00254369759840841
mcaja_ahorro_lag3	0.00113606218808236	0.00110077900924441	0.00211264269811946
canarito107	0.00113430234946185	0.000493767498985996	0.00270948794467339
Master_Fvencimiento_lag3	0.00113395552732379	0.00082689980172321	0.0019373786177822
mpasivos_margen_lag1	0.00113263085188035	0.00053041599350329	0.00220264317180617
canarito17	0.00112933915202953	0.000796408264630625	0.00270948794467339
canarito55	0.00112920562719007	0.000392084789915104	0.00269527734356497
canarito41	0.00112857748943675	0.000541326268149763	0.00253896073137227
cliente_antiguedad_lag6	0.00112823128104434	0.0015622909223658	0.00212211643219175
Visa_mconsumospesos	0.00112709986948935	0.00172780585977761	0.0021505376344086
canarito119	0.0011237378352392	0.000726195350853234	0.00263369807209512
mtransferencias_emitidas	0.00111715837549759	0.00207043627950764	0.00145895504713183
mdescubierto_preacordado_lag2	0.00111650864694519	0.000143772427588786	0.000293685756240822
canarito18	0.0011156359991693	0.000511856735955231	0.00252475013026384
canarito3	0.00111350051568252	0.000477321773253245	0.00261001373691441
Visa_Fvencimiento_lag1	0.00111346269357623	0.00115091508764471	0.00194211548481834
canarito85	0.00111250627152275	0.000460552339799272	0.00259106626876984
canarito132	0.00111143564735638	0.000348197933889943	0.00241106532139643
canarito35	0.00110944605263457	0.000481969893269558	0.00261475060395055
canarito69	0.00110922137226059	0.000521611402131151	0.00260054000284212
canarito95	0.00110596200817898	0.00041871350702867	0.00259106626876984
canarito22	0.00110527760854562	0.000635603566653181	0.00260054000284212
canarito123	0.0011040428882163	0.000686350627211974	0.0025200132632277
canarito125	0.0011035177495281	0.000462284057933755	0.00255790819951684
mttarjeta_visa_debitos_automaticos_lag2	0.00109864970640379	0.000645208887580667	0.00147316564824025
canarito60	0.00109809571808336	0.000497719997464447	0.00250106579508313
canarito145	0.00109564084038991	0.00051420509968402	0.0025531713324807
canarito141	0.00109389905270689	0.000689415036522752	0.00261948747098669
canarito108	0.00109067218857165	0.00178745419146328	0.00263843493913126
canarito6	0.00108996420911781	0.00337303084302125	0.0025200132632277
Visa_mfinanciacion_limite_lag6	0.00108631607354638	0.000802412086318363	0.00207948462886647
canarito82	0.00108420221214245	0.000408741177622652	0.00249632892804699
canarito25	0.0010753675863037	0.000458892953104907	0.00244422339064942
cprestamos_personales_lag3	0.00107434054037185	0.000569040224429008	0.000502107905831083
canarito97	0.00107268381639953	0.000380181808617285	0.00248685519397471
canarito137	0.00107108491415719	0.000934409383558048	0.00255790819951684
Visa_msaldopesos_lag6	0.0010661182255825	0.000526902611973575	0.00132632277011984
canarito129	0.00105935929637995	0.000341664915408192	0.00241106532139643
canarito7	0.00105791677301434	0.000463979431972248	0.00263369807209512
mcuenta_corriente_lag2	0.00105781747723718	0.000982404103497771	0.0019705366870352
Master_status	0.00105584427128417	0.00653002894573752	0.000923689072047748
canarito78	0.00105508329772661	0.000532894125722057	0.00237790725214343
canarito133	0.00105407956332572	0.000347514085163543	0.00250580266211927
canarito146	0.00105364945301799	0.000432111055660386	0.00250106579508313
Master_mfinanciacion_limite_lag6	0.00105361694994323	0.000615899849130271	0.00184264127705935
canarito126	0.00104679913269336	0.000429142166660789	0.00248685519397471
chomebanking_transacciones_lag2	0.00104142326202	0.000511635505206508	0.00210316896404718
canarito113	0.00103900007477439	0.00057189241097559	0.00245369712472171
Visa_msaldopesos_lag1	0.00103399614255096	0.00069771727667853	0.000909478470939321
Visa_cconsumos_lag2	0.00102520785075393	0.00357721478371752	0.00166264032968595
cliente_vip_lag2	0.00102329250052591	0.00395115923195909	0.000587371512481645
canarito120	0.00102036525600817	0.00203425727044137	0.00246790772583014
ctarjeta_visa_transacciones_lag3	0.00101670394217413	0.000515195621230209	0.00134527023826441
cliente_edad_lag2	0.00101577071173055	0.00116054413257106	0.00158211359007153
ctarjeta_visa_debitos_automaticos_lag6	0.00100980076013865	0.000721188427651227	0.00161527165932452
mcomisiones_lag2	0.00100279167035757	0.0006860000739131	0.00199422102221591
ccomisiones_otras_lag3	0.00100080744117583	0.000660160135167487	0.00173369333522808
canarito14	0.000985815158521873	0.000567368797359284	0.00244422339064942
mcaja_ahorro_dolares_lag3	0.000981911502296068	0.00113068846107937	0.00142106011084269
Visa_cconsumos_lag3	0.000972571510064163	0.00192015188179699	0.0015347449197101
mtarjeta_visa_consumo_lag6	0.000957500471756663	0.000581485423963821	0.00120790109421629
ccomisiones_otras_lag6	0.000953892996354142	0.000885402246426575	0.0019705366870352
mcomisiones_mantenimiento_lag3	0.000951193412009276	0.00213964293006291	0.00138790204158969
mcomisiones_lag3	0.000941948534083885	0.000381464599126814	0.0017242196011558
Master_fechaalta	0.000938088609466444	0.00148042992649633	0.00155842925489082
cliente_antiguedad_lag3	0.000931471446455107	0.00172342913874068	0.00177632513855336
Visa_mfinanciacion_limite_lag2	0.000928269396514056	0.000549634171741359	0.00138790204158969
Master_Fvencimiento_lag1	0.000923734654895741	0.0007131818010075	0.00171474586708351
mcomisiones_otras_lag6	0.000920182503819864	0.00051011172881387	0.00157737672303538
Master_Fvencimiento_lag2	0.000919603267545494	0.00048799074985873	0.00166264032968595
cplazo_fijo	0.000918133395458968	0.0116778032235196	0.000724740656529771
Visa_mlimitecompra_lag6	0.000914122602619793	0.000881448365534657	0.00162000852636067
Visa_mpagominimo_lag3	0.000913564189774756	0.000468637808604608	0.00144948131305954
mcomisiones_lag1	0.000906105104227117	0.000733061441792597	0.00177158827151722
cmobile_app_trx_lag2	0.000902207955398581	0.000789968313791	0.00158211359007153
mcaja_ahorro_dolares_lag1	0.00090068144544294	0.00114856877523913	0.00140211264269812
Visa_mpagospesos_lag3	0.000892671729490125	0.00138088001384132	0.00178579887262565
ccomisiones_otras	0.000870090181850833	0.00155674111201706	0.00174790393633651
Visa_fechaalta_lag3	0.000866154838639269	0.000726641067711426	0.00154895552081853
Visa_mlimitecompra	0.000859889313129016	0.00148660797687491	0.00161053479228838
cmobile_app_trx_lag3	0.000853375789582204	0.000614976664498126	0.00164842972857752
cliente_antiguedad	0.00085282490773903	0.00098136800690115	0.00144000757898726
ccomisiones_otras_lag2	0.000851551458908634	0.000386307371878095	0.0015679029889631
Visa_Fvencimiento_lag2	0.000850794211497038	0.000676793066440077	0.0017242196011558
cproductos_lag6	0.000849978534115767	0.00179963231763504	0.00130737530197527
Visa_mfinanciacion_limite_lag3	0.0008449666484346	0.000927650362771412	0.00160579792525224
tmobile_app_lag6	0.000839671116247861	0.00140806089365005	0.000483160437686514
mcomisiones_otras_lag2	0.000831411974717998	0.000334838245549633	0.0014779025152764
Visa_cconsumos	0.000830437144341385	0.000989743648752635	0.00142106011084269
cmobile_app_trx_lag1	0.000827226649078476	0.00073439885993107	0.0016010610582161
mcuenta_debitos_automaticos_lag6	0.000826746336679939	0.0028748415384817	0.00149211311638482
Visa_mfinanciacion_limite_lag1	0.000820605379594091	0.00146173501405256	0.00157263985599924
Master_fechaalta_lag1	0.00082003125546134	0.000443646448757898	0.00137369144048127
Master_fechaalta_lag3	0.000812419646447423	0.00065958803896201	0.00145421818009568
Visa_mconsumosdolares	0.000810376738485842	0.00559064113453248	0.00144000757898726
Master_mpagominimo	0.000809834002140979	0.00323400540030866	0.000947373407228459
Master_mfinanciacion_limite_lag1	0.000808593090755758	0.000853014082651073	0.00113684808867415
ctarjeta_visa_transacciones_lag2	0.000808442532493507	0.000524195935592904	0.00120790109421629
Master_fultimo_cierre_lag1	0.000805750375163287	0.000609318669147084	0.00162474539339681
Visa_mconsumospesos_lag2	0.000804018593527997	0.000958505742169749	0.00152053431860168
Visa_fechaalta_lag1	0.000793173658822708	0.000437173944310821	0.00118421675903557
ctarjeta_visa_debitos_automaticos_lag3	0.000790993691374021	0.000852624063677412	0.00131211216901142
mcomisiones_mantenimiento_lag1	0.000788799479428798	0.00147877143168162	0.00134527023826441
Visa_mconsumospesos_lag3	0.000785808165897835	0.000446637322591021	0.00154421865378239
Visa_cconsumos_lag1	0.000784258621543624	0.00173208349298473	0.00145421818009568
Visa_fechaalta_lag2	0.000782867924980403	0.000636003440897043	0.00114158495571029
Master_fultimo_cierre_lag6	0.000780017274533597	0.000527453347661286	0.00149684998342097
mcomisiones_otras_lag1	0.000776528716665821	0.000879623356788134	0.0014447444460234
Master_fultimo_cierre	0.00077440724459072	0.00291989412581151	0.00152527118563782
mpayroll_lag6	0.000773127098700053	0.0013311240545505	0.00105632134905973
Visa_fultimo_cierre	0.000766285219859809	0.00313900344958458	0.00146842878120411
Visa_fultimo_cierre_lag2	0.000760264156695678	0.00199398136758032	0.00167211406375823
cliente_antiguedad_lag2	0.000757111451837276	0.0015340271222785	0.00126000663161385
Visa_mconsumosdolares_lag6	0.000753507008081269	0.0014850976232711	0.0014447444460234
mpayroll_lag1	0.000747332718275382	0.00201262495234987	0.000909478470939321
thomebanking	0.000746908042498827	0.00216492285757238	0.000847899199469471
Visa_mpagospesos_lag2	0.000746544340937495	0.000612683909465902	0.0014779025152764
Master_fechaalta_lag2	0.000745805454839979	0.000537705459715457	0.00133579650419213
mtransferencias_emitidas_lag6	0.000724446976832497	0.000723818134817567	0.00110369001942116
Visa_mconsumospesos_lag1	0.00072332947044954	0.000429406653572838	0.00139263890862583
mcaja_ahorro_dolares_lag2	0.000720869240814037	0.000606831528943789	0.0010752688172043
Visa_fultimo_cierre_lag1	0.000713451661014456	0.00112324866855114	0.00148263938231254
ccaja_seguridad_lag6	0.000713389255921809	0.00238828493111016	0.00028894888920468
Master_fultimo_cierre_lag2	0.000711786723220092	0.000358643717611461	0.0014115863767704
Visa_mconsumosdolares_lag3	0.000706935711850108	0.000567841003043265	0.00135000710530055
ccomisiones_otras_lag1	0.000703426502947366	0.000379687885663674	0.00145421818009568
Visa_fultimo_cierre_lag6	0.000686811365703587	0.000499858724880043	0.0013547439723367
mcomisiones_mantenimiento_lag2	0.000675444000065433	0.000583224098759623	0.00116053242385486
Visa_fultimo_cierre_lag3	0.000667265456218556	0.00109258678244422	0.00131211216901142
mttarjeta_visa_debitos_automaticos	0.00066666712246069	0.000991788193676535	0.00135000710530055
Master_msaldopesos	0.000661418867625268	0.00303204464803143	0.000833688598361044
Master_msaldototal	0.000644566246983163	0.00396932829215755	0.000852636066505613
Visa_msaldototal_lag1	0.000643824547266077	0.000893692490800978	0.000871583534650183
Master_mpagospesos	0.000642871478706432	0.000798940533944525	0.000985268343517597
mplazo_fijo_dolares	0.000634453929318653	0.0052863313498932	0.000776846193927336
mautoservicio_lag6	0.000627755080700328	0.00067493849188295	0.00118895362607172
ctarjeta_visa_debitos_automaticos_lag2	0.00062680853242686	0.000361619518678394	0.00099000521055374
Master_mlimitecompra_lag6	0.000619662002789872	0.00072359636894105	0.0011084268864573
Visa_msaldopesos_lag2	0.000614945308489261	0.000348299073042958	0.000686845720240633
ctransferencias_emitidas_lag6	0.000614853241804834	0.00114945048746727	0.000828951731324902
Visa_mlimitecompra_lag3	0.000611032777811849	0.000795083199025391	0.000956847141300744
mdescubierto_preacordado_lag6	0.000610381764915151	8.26084802093364e-05	0.000341054426602245
tmobile_app	0.000608501788484742	0.00058133483008387	0.000767372459855052
ctarjeta_master_transacciones	0.000603248132153786	0.00370020021675296	0.000672635119132206
cliente_antiguedad_lag1	0.000601626037133627	0.000465302490848255	0.0011084268864573
ctarjeta_visa_transacciones_lag1	0.000593745171934702	0.00109249572153132	0.00117000615792715
mttarjeta_visa_debitos_automaticos_lag1	0.000590168820910819	0.000453468808599724	0.00113211122163801
Visa_msaldototal_lag6	0.000579916616666761	0.000351533073270364	0.00109895315238501
cpayroll_trx_lag1	0.000569905943730881	0.00171725630585809	0.000312633224385392
mcomisiones_otras_lag3	0.000568376168960443	0.000435367843413009	0.00123632229643314
ctarjeta_debito_transacciones_lag6	0.000560632587365474	0.00191161191111884	0.00106105821609587
Master_fultimo_cierre_lag3	0.000554790630562114	0.000239598207551318	0.00121737482828857
Master_mpagospesos_lag6	0.000553795197536083	0.00181334835649199	0.00116053242385486
mtransferencias_recibidas_lag2	0.00054759601499292	0.000391415612609048	0.000966320875373028
mtransferencias_recibidas_lag3	0.000545839245017186	0.00119704216699035	0.00101842641277059
Master_status_lag1	0.000545221583151953	0.000118106717534014	0.000113684808867415
cprestamos_personales_lag1	0.000542373174916431	0.00533062374359804	0.000672635119132206
Master_mfinanciacion_limite_lag2	0.000538017841943423	0.000383198368584507	0.000942636540192317
mtarjeta_visa_consumo_lag1	0.000537556616225057	0.000367579058541201	0.000985268343517597
mprestamos_prendarios	0.000536082645382144	0.00603755529656879	0.000502107905831083
mpagomiscuentas_lag6	0.000535422060948265	0.00052957887525797	0.000966320875373028
mtransferencias_recibidas_lag1	0.000532670845220221	0.00168707875499848	0.00099000521055374
Master_mconsumospesos_lag6	0.000529850949044329	0.000339478026491161	0.000999478944626024
cpagomiscuentas_lag6	0.000526063012152022	0.00088714921570318	0.000795793662071906
Master_mfinanciacion_limite_lag3	0.000517520985354721	0.000537638880899121	0.00103737388091516
cprestamos_personales_lag6	0.000516068582077488	0.000851217926211428	0.000672635119132206
ctarjeta_debito_transacciones	0.000511246693426109	0.00305079677455515	0.000691582587276775
mtarjeta_visa_consumo_lag2	0.00050897426882997	0.000236472169356296	0.000833688598361044
Visa_mpagado	0.000505039794305826	0.00142970560886877	0.000966320875373028
Visa_msaldodolares	0.000502312957427177	0.000510146690496394	0.000634740182843068
Master_mlimitecompra	0.000497663498389884	0.00101194257798973	0.000961584008336886
ccuenta_debitos_automaticos_lag6	0.000496356050245114	0.00149971544164845	0.000791056795035763
cliente_vip_lag1	0.000490395770548701	0.00296522083235366	0.000431054900288949
mtransferencias_emitidas_lag1	0.000488433503149712	0.00097168790186449	0.000918952205011605
tpaquete4	0.000484706462930618	0.00223539352457042	0.000521055373975653
mtarjeta_visa_consumo_lag3	0.000483296943138188	0.000202037587709616	0.000956847141300744
Visa_mlimitecompra_lag1	0.000482179609358158	0.000253998228916616	0.000776846193927336
Visa_mlimitecompra_lag2	0.000482100097847282	0.000611811249816282	0.000900004736867036
Visa_msaldototal_lag3	0.000478749078900646	0.000429850542077735	0.000720003789493629
cproductos_lag3	0.000471189924533307	0.00117334251644973	0.000838425465397186
ccaja_ahorro_lag6	0.000470742666888183	0.000874647916937991	0.00041210743214438
ctransferencias_recibidas	0.000468491570390977	0.00395845761696782	0.000876320401686325
Visa_mconsumosdolares_lag2	0.000466714019656957	0.000375345858745373	0.000994742077589882
mtransferencias_emitidas_lag3	0.000465284852495972	0.000280170437428151	0.00080526739614419
ccaja_seguridad_lag3	0.000445674750989982	0.00166834473363178	0.000180000947373407
ctarjeta_visa_debitos_automaticos	0.000445446109758424	0.000448143216796552	0.000871583534650183
mextraccion_autoservicio_lag3	0.000443383697040517	0.000430678429368613	0.000691582587276775
mautoservicio_lag2	0.000441557756087595	0.000596120544806497	0.00086684666761404
ctarjeta_debito_transacciones_lag3	0.000431247273579238	0.000302124188947751	0.000847899199469471
ctarjeta_debito_transacciones_lag2	0.000429866686175022	0.000564337164625872	0.000843162332433329
mautoservicio_lag1	0.000429316494284724	0.000417697120972451	0.000819477997252617
mautoservicio_lag3	0.000428429988304157	0.0016336061102103	0.000885794135758609
mextraccion_autoservicio_lag6	0.000422741742915682	0.00100730038897313	0.000791056795035763
ctarjeta_visa_debitos_automaticos_lag1	0.000420203918629494	0.000370766458056571	0.000734214390602056
ccajas_consultas	0.000419742668676643	0.00558545021655739	0.000895267869830894
mplazo_fijo_dolares_lag6	0.000414897429952709	0.000991891830092586	0.000611055847662356
Master_Finiciomora_lag1	0.000412992886219541	0.00337215318884555	0.000502107905831083
mcheques_emitidos_rechazados	0.000411633760308207	0.000905275822430011	0.000440528634361234
cproductos_lag1	0.00040745146260286	0.000371786144067518	0.000634740182843068
Visa_mconsumosdolares_lag1	0.00040614930082939	0.000317077710827695	0.000890531002794752
Master_mpagospesos_lag3	0.000404508528112069	0.000340423731084625	0.000918952205011605
Master_mpagominimo_lag6	0.000401885113755504	0.00072446363271875	0.000630003315806925
cproductos_lag2	0.000399417796888687	0.000690570199053477	0.000677371986168348
mtransferencias_emitidas_lag2	0.0003993491895197	0.000528005867108309	0.000724740656529771
Visa_msaldototal_lag2	0.000397300752174578	0.000398356220093688	0.000767372459855052
Master_mpagospesos_lag1	0.000395167207863741	0.00153860442705011	0.000824214864288759
mtransferencias_recibidas_lag6	0.000393532579401815	0.000516771884740614	0.000814741130216475
mextraccion_autoservicio_lag2	0.000392261106870752	0.000319612120652769	0.000757898725782767
Master_msaldopesos_lag6	0.000391874383632912	0.000331990696777263	0.00076263559281891
mextraccion_autoservicio	0.000389984224714367	0.00105717438853646	0.000606318980626214
ctarjeta_debito_transacciones_lag1	0.00038013110204429	0.000261187938389236	0.000800530529108048
ccaja_ahorro_lag3	0.000378080503033135	0.000329079378609474	0.000407370565108237
ccheques_emitidos_rechazados_lag1	0.000375598449179993	0.000227021990895007	0.000108947941831273
ctransferencias_emitidas_lag2	0.000374813775004934	0.000479634952329596	0.000620529581734641
mcuenta_debitos_automaticos_lag1	0.000370024846671727	0.000605119298379794	0.000738951257638198
ccuenta_debitos_automaticos_lag3	0.000369970209211295	0.00100997576037787	0.000558950310264791
Master_mpagospesos_lag2	0.000369203745020345	0.000244290520204597	0.000753161858746625
ctransferencias_recibidas_lag3	0.000368832005368274	0.000627570495777647	0.000705793188385202
matm_other_lag6	0.000368668640744742	0.00129510339871719	0.000672635119132206
cprestamos_personales_lag2	0.000366307923495146	0.000390982515847992	0.000355265027710672
Master_msaldototal_lag6	0.000361045453194517	0.000238725770871612	0.000677371986168348
mcuenta_debitos_automaticos_lag3	0.000353732574797086	0.00369796944735684	0.00076263559281891
mcuenta_debitos_automaticos_lag2	0.000353665145157344	0.000392998966562721	0.000663161385059921
ccomisiones_mantenimiento_lag6	0.000349498769633957	0.000220716357131607	0.000378949362891384
matm_lag6	0.000349308306851566	0.000428691232306608	0.000634740182843068
cextraccion_autoservicio_lag3	0.000348146985144907	0.000547097220059264	0.000615792714698498
ctarjeta_debito_lag6	0.000343963220773515	0.000663125278272529	0.000658424518023779
ctransferencias_emitidas_lag3	0.000335108235672999	0.000367718726895364	0.000592108379517787
Master_mlimitecompra_lag1	0.000331553102921199	0.000297530562778433	0.000663161385059921
mpagomiscuentas_lag2	0.000327308251546205	0.000205718419644785	0.000563687177300933
Master_mconsumospesos_lag3	0.000326558097789521	0.000172830624885873	0.000648950783951494
ctransferencias_recibidas_lag2	0.00032350413436007	0.00043882276223126	0.00057789777840936
cpagomiscuentas_lag3	0.000321312204419072	0.000491737803858372	0.00057789777840936
Master_mconsumospesos	0.000317967771788201	0.000876347438216886	0.000554213443228649
ccuenta_debitos_automaticos	0.000317578787318552	0.00154622339820126	0.000544739709156364
ctarjeta_master_transacciones_lag6	0.000317514853034055	0.00033667632033312	0.000478423570650372
mdescubierto_preacordado_lag3	0.00031492306009249	3.02845318243782e-05	0.000161053479228838
Master_status_lag2	0.000313120753268653	1.10290284226975e-05	1.89474681445692e-05
Master_mpagominimo_lag1	0.000311036700406745	0.000722437460515769	0.000530529108047937
Master_mconsumospesos_lag1	0.000310129060119703	0.000370503621121885	0.000644213916915352
tcuentas_lag6	0.000308036888913786	0.000320691740976613	0.000104211074795131
cinversion1	0.000307658567617658	0.00990588954453199	0.000450002368433518
cextraccion_autoservicio_lag2	0.000305995122517426	0.000402211682065543	0.000630003315806925
Master_msaldopesos_lag1	0.000305429894568067	0.000428174165075919	0.00041210743214438
matm_lag2	0.000305354533202367	0.000235362894033883	0.000549476576192506
Master_cconsumos_lag6	0.000304960371312321	0.000420389616466589	0.00063947704987921
mextraccion_autoservicio_lag1	0.000304133258257241	0.000211918588638838	0.000634740182843068
ccallcenter_transacciones_lag1	0.000303508667998766	0.000470619074666899	0.000615792714698498
Master_mlimitecompra_lag3	0.000301858558330745	0.000312324839545759	0.000563687177300933
mpagomiscuentas_lag3	0.000299208168989908	0.000215230940494043	0.000596845246553929
matm_other_lag2	0.00029876811445114	0.000254667183252758	0.000558950310264791
ctransferencias_recibidas_lag1	0.000292773808619743	0.0003063228908053	0.000521055373975653
ctarjeta_master_transacciones_lag2	0.000289130992663822	0.000517483961458134	0.000530529108047937
internet_lag1	0.000287245977838041	0.000325901076266598	0.000601582113590072
ctransferencias_emitidas_lag1	0.000286156078871829	0.000571000442131413	0.00041210743214438
ctransferencias_emitidas	0.00028609989290704	0.00105237402466283	0.000421581166216664
ccaja_ahorro_lag1	0.000286026574787917	0.000104161777763298	0.000326843825493818
tmobile_app_lag1	0.000285481669811171	0.000220239424485448	0.000487897304722656
matm_lag3	0.000284103353315875	0.000215143670069682	0.000587371512481645
mcaja_ahorro_adicional	0.000283950673722784	0.000756132094205672	0.00041210743214438
minversion2	0.000282031840194198	0.00663603972381009	0.000459476102505803
mtarjeta_master_consumo_lag1	0.000281901214358113	0.00100244098266626	0.000535265975084079
Visa_mpagado_lag1	0.000280022070951638	0.000323639581616324	0.000549476576192506
Master_mlimitecompra_lag2	0.000279953149577134	0.000303855594924355	0.00057789777840936
ctransferencias_recibidas_lag6	0.000274610697591588	0.000576248440404494	0.000502107905831083
ctarjeta_debito	0.000274203628731693	0.00196289855886964	0.000530529108047937
Master_msaldopesos_lag2	0.000273762582372631	0.000487548957271025	0.000521055373975653
ccaja_ahorro_lag2	0.000271737522004096	6.67224981488237e-05	0.000208422149590261
cextraccion_autoservicio_lag6	0.000270381681429705	0.000402286733738613	0.000563687177300933
matm_other_lag1	0.000268233120163756	0.000310869871668598	0.000492634171758799
cextraccion_autoservicio_lag1	0.00026771321387195	0.000437953937664161	0.000492634171758799
Master_mconsumospesos_lag2	0.000267610686148796	0.000172932566730578	0.000535265975084079
catm_trx_lag3	0.000267552955517125	0.00102362214343367	0.000544739709156364
Master_cconsumos_lag1	0.000263127782553314	0.000394979429933322	0.000544739709156364
Master_msaldopesos_lag3	0.000262968055772121	0.000432695326023171	0.000535265975084079
ccajas_otras	0.000262067861770523	0.000626180679709372	0.000440528634361234
ccajas_transacciones	0.000260552706150918	0.000163269987129163	0.000312633224385392
Master_mpagominimo_lag2	0.000259967937948595	0.000310876739141951	0.000478423570650372
internet_lag6	0.000256113236842956	6.52154890937227e-05	0.000341054426602245
ctarjeta_master_transacciones_lag3	0.000253398682677174	0.000490247740516739	0.00051631850693951
Visa_status_lag2	0.000252646405045238	2.29552431855611e-05	8.0526739614419e-05
ccaja_seguridad_lag1	0.000252066231384314	0.000762718090339002	0.00018473781440955
cpagomiscuentas_lag2	0.000251746924396767	0.000442669617564432	0.000468949836578087
mcheques_emitidos_rechazados_lag1	0.000251568338347475	0.00120464811669852	0.000369475628819099
Visa_msaldodolares_lag3	0.000248832916079151	0.000485097536847961	0.000487897304722656
Visa_mpagosdolares	0.000248239014270562	0.00033013268848346	0.000450002368433518
mpagomiscuentas_lag1	0.000247182961912268	0.000830201049676695	0.00047368670361423
cpagomiscuentas	0.00024617175665776	0.00161649129635946	0.000468949836578087
mttarjeta_master_debitos_automaticos_lag6	0.000244955707602001	0.00027489532601352	0.000511581639903368
minversion2_lag6	0.00024400431693634	0.00172346494770888	0.000393159963999811
Visa_msaldodolares_lag1	0.000243426599759593	0.000255515004053953	0.000497371038794941
cextraccion_autoservicio	0.00024266732599465	0.0022229519817422	0.000374212495855241
Master_msaldototal_lag1	0.000242537369297313	0.000290241497912111	0.000426318033252807
mcheques_depositados_lag6	0.000241484849125677	0.00154235696610964	0.000416844299180522
matm_other_lag3	0.000241143897781249	0.000301764181724522	0.00051631850693951
ctarjeta_master_transacciones_lag1	0.000237865422409576	0.000687583294084824	0.000407370565108237
thomebanking_lag6	0.000237498917156054	0.00016305321577872	0.000407370565108237
matm_lag1	0.000235182519482644	0.000160413341184299	0.000483160437686514
mtarjeta_master_consumo_lag6	0.000231644509875456	0.000193071253961822	0.00045473923546966
mcheques_depositados	0.000231126937310358	0.00337728831974814	0.000416844299180522
Visa_mpagosdolares_lag3	0.000230981545540043	0.000895639107338626	0.000464212969541945
Master_msaldototal_lag3	0.0002304810659203	0.000380572585688654	0.000421581166216664
catm_trx_lag2	0.000229832247808707	0.000815912736238338	0.000478423570650372
Visa_mpagosdolares_lag6	0.000229046430483384	0.00193398279475365	0.000487897304722656
Visa_mpagado_lag6	0.000228980977601804	0.000238481529627758	0.000497371038794941
ccajas_depositos	0.000227305197523971	0.00431226569686525	0.000407370565108237
ccallcenter_transacciones_lag3	0.000226505107505017	0.000164350410144697	0.000440528634361234
Visa_mpagosdolares_lag1	0.000225798166880532	0.000307904327217712	0.000426318033252807
ccallcenter_transacciones_lag2	0.000223241556905646	0.000470037390755118	0.000497371038794941
ccuenta_debitos_automaticos_lag1	0.000221063076228031	0.000224144207402292	0.000374212495855241
Master_mpagominimo_lag3	0.000220999778755731	0.000281806590657471	0.000397896831035953
Master_cconsumos_lag2	0.000218122081038314	0.000408828269671081	0.000416844299180522
Master_cconsumos	0.00021667570881098	0.000962960502676595	0.000426318033252807
mcheques_emitidos_rechazados_lag2	0.000216360713976768	0.000683361938484008	0.000260527686987826
mprestamos_prendarios_lag1	0.000215656796114209	0.0016858259316454	0.000203685282554119
mforex_sell	0.000215172317803483	0.000893458416985205	0.000426318033252807
matm	0.00021318637331238	0.000185924176336769	0.000468949836578087
Visa_mpagado_lag2	0.000213076964330181	0.000149896876000026	0.000435791767325091
cpagomiscuentas_lag1	0.000212680020396306	0.00104678791481208	0.000435791767325091
thomebanking_lag3	0.000210151190399378	3.62728794000808e-05	0.000407370565108237
mplazo_fijo_dolares_lag3	0.000207846305441248	0.0011804965507361	0.000360001894746814
ccajas_otras_lag1	0.000204864484695816	0.000554229492482024	0.000336317559566103
catm_trx_other_lag6	0.000203849254014052	0.000676964485710001	0.00041210743214438
internet_lag2	0.000201716850976453	9.0218042030118e-05	0.000341054426602245
tmobile_app_lag2	0.00020154497683679	0.000505654381856021	0.00035052816067453
mtarjeta_master_consumo_lag3	0.000200831071029363	0.000151788954096697	0.000402633698072095
Visa_Finiciomora_lag2	0.00020044205911343	0.00213320703727572	0.000464212969541945
ccuenta_debitos_automaticos_lag2	0.000199904634875974	0.000763548207329022	0.000416844299180522
Master_cconsumos_lag3	0.000197330840940848	0.000331195496875785	0.000435791767325091
thomebanking_lag1	0.000196758485216424	9.47184667753625e-05	0.000393159963999811
catm_trx_other_lag3	0.000194795811587397	0.000310384154007825	0.000374212495855241
catm_trx_lag6	0.000194430187743357	0.000216398633933938	0.000402633698072095
mprestamos_prendarios_lag6	0.000193082432811019	0.00131567643134101	0.000293685756240822
ccallcenter_transacciones_lag6	0.00019288626428811	0.00046028147594768	0.000450002368433518
cpayroll_trx_lag6	0.000189317663752942	0.000335331811751381	0.000298422623276965
Visa_mpagosdolares_lag2	0.0001890510690233	0.000434876997444213	0.000388423096963668
Visa_msaldodolares_lag6	0.000189018807667726	0.00108020303341772	0.000426318033252807
mttarjeta_master_debitos_automaticos_lag3	0.000186544608957901	0.000609858925248834	0.000383686229927526
catm_trx_other_lag2	0.000184354019546831	0.000135365792919248	0.00028894888920468
mtarjeta_master_consumo_lag2	0.000184316107301597	7.4249248943526e-05	0.000426318033252807
mpagodeservicios_lag6	0.000183255731360968	0.000221149097140801	0.000383686229927526
ccajas_depositos_lag1	0.000182712293425672	0.00087698771862208	0.00028894888920468
ccomisiones_mantenimiento_lag2	0.000182174680109177	0.000444921792072298	0.00028894888920468
cpagodeservicios_lag6	0.000181539233468686	0.00112590357131777	0.000364738761782957
ccajas_consultas_lag1	0.000180429027713991	0.000378160586346395	0.000374212495855241
ccajas_otras_lag2	0.000176276855976541	0.00173319927902864	0.000355265027710672
catm_trx_lag1	0.00017539447828423	0.000121514455918451	0.000341054426602245
mforex_buy_lag1	0.000175112880990005	0.00105506415667588	0.00035052816067453
internet_lag3	0.000173785452617484	0.000108599503368711	0.000331580692529961
matm_other	0.000173657283557558	0.00023429963970173	0.000364738761782957
ctarjeta_debito_lag2	0.000173508046679574	0.000186046497631619	0.00035052816067453
Visa_delinquency_lag6	0.0001733324012202	1.4029266992211e-06	2.36843351807115e-05
mforex_buy_lag6	0.000170760701127918	0.000441793836336015	0.000383686229927526
ccajas_transacciones_lag6	0.000168760184077927	0.000540053109940521	0.000307896357349249
catm_trx	0.000167292439620704	0.00017311665069162	0.000331580692529961
cseguro_vivienda_lag6	0.000165582505978709	0.000275860919523318	0.000331580692529961
active_quarter	0.000165118935062925	0.000195886338314706	0.000156316612192696
mplazo_fijo_dolares_lag2	0.000162551054759323	0.000563491528929835	0.000274738288096253
mtarjeta_visa_descuentos_lag3	0.000162271006219725	0.000211941331570071	0.000312633224385392
tcuentas_lag3	0.000161905881038802	0.000279851635045038	0.0001231585429397
Visa_msaldodolares_lag2	0.000160885331158646	0.000147656474303623	0.00035052816067453
Master_msaldototal_lag2	0.000160352403982397	0.000320664226489219	0.000355265027710672
ctarjeta_debito_lag1	0.000156079856052802	0.000187551455363511	0.000284212022168538
Visa_mpagado_lag3	0.000155266003640894	0.000154860676820656	0.000355265027710672
ccajas_consultas_lag3	0.000154766321590158	0.000207292275080119	0.000360001894746814
Master_mpagosdolares_lag6	0.000154017184931046	0.000553890934964526	0.000307896357349249
ccajas_transacciones_lag1	0.000153453824163268	8.82589391772832e-05	0.000279475155132395
mforex_sell_lag1	0.000153079261381365	0.000260350106640191	0.000284212022168538
catm_trx_other_lag1	0.000152805838908762	0.000176310605522463	0.00028894888920468
mcheques_depositados_lag1	0.000150914013233251	0.00135728119029584	0.000341054426602245
thomebanking_lag2	0.00015050317067608	0.000302925230660978	0.000336317559566103
mforex_buy_lag2	0.000150267321291052	0.00234609505450687	0.000331580692529961
ccomisiones_mantenimiento_lag3	0.000149122359655556	0.000762667877514358	0.000270001421060111
ctarjeta_debito_lag3	0.000148558870332385	0.000135264207826405	0.000284212022168538
mpagodeservicios_lag2	0.000148542766120658	0.000478396399051014	0.000274738288096253
mpagodeservicios_lag3	0.000147308092341569	0.000156363806199252	0.000326843825493818
mtarjeta_visa_descuentos	0.000146539416972824	0.00627475697888988	0.000336317559566103
mplazo_fijo_dolares_lag1	0.000144162286886791	0.000992284078765388	0.00028894888920468
mttarjeta_master_debitos_automaticos_lag2	0.000143932545467998	0.000253632379881638	0.000270001421060111
Visa_Finiciomora_lag3	0.00014201437982681	0.000911353135001421	0.000369475628819099
active_quarter_lag6	0.000140280502721921	0.000450668663231081	0.00018473781440955
mforex_buy_lag3	0.000140027416444533	0.000401666119279838	0.000279475155132395
Master_delinquency	0.000139367217927105	7.71885721325203e-05	9.00004736867036e-05
mforex_sell_lag6	0.000139280963890228	0.00260531269695359	0.000326843825493818
cplazo_fijo_lag6	0.000137110842608413	0.000319488283162504	0.000151579745156553
mcheques_emitidos	0.0001362934185506	0.00444798944568451	0.000265264554023969
ccheques_emitidos	0.000135488119994337	0.00294326948890913	0.000217895883662546
ccajas_consultas_lag2	0.000135288372776249	0.000205585841733889	0.000322106958457676
mcheques_depositados_rechazados_lag3	0.000134622426598067	0.00206416788171988	0.00028894888920468
mttarjeta_master_debitos_automaticos_lag1	0.000134407990820913	0.000166383449821032	0.000265264554023969
mforex_sell_lag3	0.000133267081141301	0.000102727189336282	0.000260527686987826
mcaja_ahorro_adicional_lag1	0.000132488232586123	0.000293188312890217	0.000189474681445692
ccomisiones_mantenimiento_lag1	0.000131832068171981	0.000145102844471957	0.000255790819951684
cpayroll_trx_lag2	0.000129921024674781	0.000286852310624523	0.000213159016626403
ctarjeta_master_debitos_automaticos_lag6	0.000129430584680676	0.000164263764036096	0.000246317085879399
ccaja_seguridad_lag2	0.000128404516345439	0.000104399686661593	5.68424044337076e-05
mcheques_depositados_rechazados_lag2	0.000126807069632119	0.00151753814038242	0.000236843351807115
cseguro_vida_lag6	0.000125766878014484	0.000328763118083381	0.000284212022168538
ccajas_transacciones_lag2	0.000125404591813831	0.000142480941252608	0.000203685282554119
mttarjeta_master_debitos_automaticos	0.000122266223384504	0.00108708152148431	0.000293685756240822
cseguro_vida	0.000120690529353294	0.000266345633847126	0.000232106484770973
ccheques_emitidos_rechazados	0.000120306863831767	0.000994023422470933	0.000151579745156553
mtarjeta_visa_descuentos_lag6	0.000119048571315201	0.000480051415535064	0.00028894888920468
cseguro_vida_lag3	0.000117156807289551	0.000130671161378863	0.000246317085879399
mcaja_ahorro_adicional_lag6	0.000116201491388085	0.000290458492232467	0.000236843351807115
mprestamos_hipotecarios	0.000115067203812858	0.00393333515081164	0.00018473781440955
Master_mpagado_lag3	0.000112972302786134	0.000760744003907943	0.000251053952915542
cforex_buy	0.000112531277366335	0.000461644803190165	0.000198948415517976
ccajas_extracciones_lag3	0.000110906126882294	0.000663882038160824	0.000246317085879399
ccajas_transacciones_lag3	0.000107937173438905	0.00014631397245111	0.000222632750698688
mforex_sell_lag2	0.000107349463645583	4.71288385754903e-05	0.000208422149590261
mcheques_depositados_lag2	0.000106987235757857	0.000167379144269227	0.00022736961773483
tmobile_app_lag3	0.000106424696835283	8.52931271624994e-05	0.000194211548481834
Master_mpagado	0.000106157107448953	0.00032237115036926	0.000232106484770973
ccheques_depositados	0.000105557179637577	0.00049624335691164	0.000118421675903557
Master_msaldodolares_lag6	0.000103834875563055	0.000495123423627335	0.000232106484770973
minversion1_dolares_lag6	0.000103741857560373	0.000893197408403815	0.000203685282554119
Visa_mconsumototal	0.000103458082541119	0.000182487496457489	0.000203685282554119
mforex_buy	0.000102960494500074	0.0001064621137726	0.000194211548481834
cpayroll_trx_lag3	0.000102815823966394	0.0010401646827031	0.000236843351807115
Master_mpagosdolares_lag3	0.00010157838862391	0.00319420201528947	0.000279475155132395
catm_trx_other	0.000100442253429879	0.000264909038690883	0.000203685282554119
mpagodeservicios	0.000100382399423496	0.00198667424215096	0.000251053952915542
cforex_lag3	0.000100201214319509	0.000116113232720433	0.000194211548481834
ctarjeta_visa_descuentos_lag6	9.95585634047346e-05	6.28445608096322e-05	0.000142106011084269
ccajas_depositos_lag3	9.80189385465271e-05	0.000249402596018071	0.000203685282554119
tcallcenter_lag1	9.72783034783266e-05	8.21503216299404e-05	0.00016579034626498
Master_mpagosdolares_lag1	9.71802188831787e-05	0.000125931712885754	0.000161053479228838
mcajeros_propios_descuentos_lag6	9.64080359376675e-05	0.000493935796677123	0.000213159016626403
mcheques_emitidos_lag6	9.49541258260444e-05	0.000390543086741376	0.000222632750698688
mcaja_ahorro_adicional_lag2	9.45085218821305e-05	0.000174808546399454	0.000189474681445692
ccheques_emitidos_lag6	9.32953511407544e-05	0.000449764297259683	0.000198948415517976
Master_mconsumosdolares_lag6	9.2273596293626e-05	0.000789015607942234	0.000236843351807115
ccajas_extracciones	9.21458173213182e-05	0.000576402111269259	0.000203685282554119
mtarjeta_visa_descuentos_lag1	9.20776704492631e-05	0.00253897495568846	0.000246317085879399
Visa_Finiciomora_lag6	9.16516052566931e-05	0.00134960023350858	0.000270001421060111
mcajeros_propios_descuentos_lag1	9.11082741032936e-05	9.94907810338032e-05	0.00016579034626498
ctarjeta_master_debitos_automaticos_lag1	9.11051607436017e-05	6.86461933793069e-05	0.000170527213301123
ccheques_emitidos_rechazados_lag2	9.10495859383281e-05	0.000288035210612557	8.52636066505613e-05
Master_mpagado_lag1	9.09004541737735e-05	0.000588823497617252	0.000180000947373407
Master_mpagado_lag2	9.07048616891461e-05	0.000755796390703074	0.000198948415517976
mplazo_fijo_pesos_lag6	9.05255751339232e-05	0.000432106953013968	0.000189474681445692
ccajas_consultas_lag6	9.01515290345832e-05	0.000262955019552089	0.000241580218843257
Visa_delinquency_lag2	9.00385152039836e-05	0.000243918517199991	5.68424044337076e-05
cinversion2_lag6	8.93891917971158e-05	0.00101130345702809	0.000180000947373407
cseguro_auto_lag6	8.91374456742507e-05	0.000173308404817706	0.000161053479228838
tpaquete3_lag2	8.88343878048014e-05	2.45164785237598e-05	0.000108947941831273
mcheques_depositados_rechazados_lag1	8.87613592481512e-05	0.000200921177349953	0.000180000947373407
Master_mpagado_lag6	8.87150918199972e-05	5.42413558638651e-05	0.000180000947373407
mprestamos_hipotecarios_lag1	8.84478933972304e-05	0.000607672482271631	8.52636066505613e-05
cseguro_vivienda	8.82124777719484e-05	0.00139386190195926	0.00018473781440955
mcheques_emitidos_lag3	8.81970790715539e-05	0.000308673707203143	0.00016579034626498
cforex_lag6	8.80785731059426e-05	0.00039125222025603	0.000194211548481834
ccajas_extracciones_lag6	8.72948728151554e-05	0.000216463161427065	0.000217895883662546
ccajeros_propios_descuentos	8.70252189092919e-05	0.00248341040716663	0.000194211548481834
Master_msaldodolares_lag1	8.66520125911775e-05	4.58739193052176e-05	0.000137369144048127
mcheques_depositados_lag3	8.64241047760646e-05	0.000267708827307663	0.000208422149590261
mtarjeta_visa_descuentos_lag2	8.63084874693324e-05	0.000113195537613102	0.000208422149590261
ccajas_depositos_lag2	8.63050722005107e-05	0.00112994347400253	0.000222632750698688
active_quarter_lag3	8.38967413200447e-05	0.000724482897319325	0.00016579034626498
mpagodeservicios_lag1	8.24656365681646e-05	0.000593630818152199	0.000189474681445692
cseguro_vida_lag1	8.11725182203129e-05	0.000126859178540249	0.00016579034626498
Master_msaldodolares_lag3	8.0951831906407e-05	0.000168287969638907	0.000156316612192696
cseguro_accidentes_personales_lag3	8.07849778924006e-05	2.45565685143065e-05	0.000151579745156553
cseguro_vivienda_lag3	8.00263225865163e-05	0.000204266974692266	0.000151579745156553
cseguro_accidentes_personales_lag6	7.94753248265873e-05	0.000127377672778387	0.000151579745156553
ccajas_otras_lag6	7.91508422122455e-05	0.00144303715840593	0.00022736961773483
ccheques_emitidos_rechazados_lag3	7.86536509743986e-05	0.000239778188865942	0.0001231585429397
minversion1_pesos_lag6	7.86057758947273e-05	0.000199963476975113	0.000189474681445692
ccheques_emitidos_lag1	7.85881587169939e-05	0.000592966144838407	0.000127895409975842
ccajas_extracciones_lag1	7.85089913691785e-05	0.000867727510527564	0.000194211548481834
active_quarter_lag1	7.83706560886701e-05	0.000115050022982263	0.000194211548481834
mcajeros_propios_descuentos	7.73913100057303e-05	0.000154703304655317	0.000156316612192696
ctarjeta_master_descuentos_lag1	7.73217919039523e-05	0.00017737203150132	0.000108947941831273
cforex_lag1	7.65141503609901e-05	0.000170763114060826	0.000127895409975842
tcallcenter_lag3	7.60684493122884e-05	5.78101677142137e-05	0.000137369144048127
mcheques_depositados_rechazados	7.57762820284323e-05	0.000238777366109724	0.000137369144048127
Master_mpagosdolares_lag2	7.52263138795782e-05	0.000170646010261965	0.000113684808867415
cpagodeservicios_lag1	7.51460370011116e-05	0.00011278424730964	0.000132632277011984
mcajeros_propios_descuentos_lag2	7.49679759350064e-05	0.000140107114359635	0.000146842878120411
tcallcenter_lag6	7.46191931394951e-05	4.35229245314434e-05	0.000146842878120411
ccajas_depositos_lag6	7.44667894691583e-05	0.00079747107302295	0.000189474681445692
tcuentas_lag2	7.43713945681825e-05	0.00034136279117465	0.000132632277011984
mprestamos_prendarios_lag2	7.4319368258832e-05	0.000655200169429379	0.000127895409975842
tpaquete3_lag1	7.397520211191e-05	2.6934096707853e-05	0.000104211074795131
cforex_lag2	7.39351889328476e-05	4.48166851607442e-05	0.000127895409975842
ccajas_otras_lag3	7.34539754786294e-05	0.000461545046450618	0.00016579034626498
cseguro_vivienda_lag2	7.3409914348004e-05	0.000280469841428741	0.000137369144048127
cseguro_accidentes_personales_lag1	7.2933849282854e-05	5.88994649323279e-05	0.000146842878120411
Master_msaldodolares_lag2	7.2361682136929e-05	0.000125214730830125	0.000161053479228838
mcaja_ahorro_adicional_lag3	7.22773246466551e-05	0.000109752703764193	0.000132632277011984
Visa_mconsumototal_lag6	7.20344702440321e-05	7.17830679121521e-05	0.000118421675903557
cforex	7.08124941673003e-05	6.83946833162552e-05	0.000132632277011984
mcheques_emitidos_rechazados_lag3	7.05530185784059e-05	0.000801329745761567	0.000127895409975842
mcheques_emitidos_lag1	6.91981371640645e-05	3.77006449477274e-05	9.94742077589882e-05
Visa_mconsumototal_lag1	6.85563385023074e-05	5.37565746767312e-05	0.000146842878120411
cplazo_fijo_lag2	6.82085375162874e-05	0.000436568045866373	0.0001231585429397
Visa_delinquency_lag1	6.79666154531048e-05	8.92611443469684e-05	0.000118421675903557
active_quarter_lag2	6.74185730490291e-05	0.000408743407321793	0.00016579034626498
mcheques_depositados_rechazados_lag6	6.72612029776779e-05	0.000229096636757304	0.000151579745156553
ccheques_depositados_lag6	6.63458219207419e-05	0.000111705295895537	0.000127895409975842
ctarjeta_master_debitos_automaticos_lag2	6.58806340100245e-05	0.000105238990012071	0.000127895409975842
ctarjeta_visa_lag3	6.58056626902311e-05	1.94931447360783e-05	3.31580692529961e-05
cpagodeservicios_lag2	6.57025639341967e-05	7.72353958144714e-05	0.000137369144048127
mcheques_emitidos_lag2	6.35029449457864e-05	0.000116844261880647	0.0001231585429397
ccajas_extracciones_lag2	6.32540042252899e-05	5.62925898851865e-05	0.00016579034626498
minversion2_lag1	6.29084091196818e-05	0.000343450904419756	0.000146842878120411
Master_mpagosdolares	6.25340945222665e-05	0.000347089684229135	0.000108947941831273
cseguro_vida_lag2	6.17928453747335e-05	0.000222256633297885	0.000132632277011984
cplazo_fijo_lag3	6.06139093267346e-05	0.000202775930283011	0.000108947941831273
cinversion2_lag3	5.99727797203025e-05	0.00179162792069045	0.0001231585429397
mcajeros_propios_descuentos_lag3	5.94690799172594e-05	8.6578459529049e-05	0.000151579745156553
minversion1_pesos_lag3	5.93644384965031e-05	0.000220463910594917	0.0001231585429397
ctarjeta_master_debitos_automaticos_lag3	5.91754918502062e-05	0.000655648472738574	0.000132632277011984
Master_msaldodolares	5.87518846434337e-05	0.00125847827144689	0.000156316612192696
cseguro_vivienda_lag1	5.86246707809478e-05	7.54586377573492e-05	0.000104211074795131
mtarjeta_master_descuentos_lag1	5.73929235766536e-05	0.00506202531092728	0.00018473781440955
mprestamos_prendarios_lag3	5.72629770152549e-05	0.000881699741815761	0.000108947941831273
cseguro_accidentes_personales_lag2	5.70957542282979e-05	0.000124707117523792	0.000104211074795131
mtarjeta_master_descuentos_lag2	5.67757170361046e-05	0.00149357409211772	0.000146842878120411
Master_Finiciomora_lag2	5.6470675025527e-05	0.00045251200010454	0.000161053479228838
Master_mconsumosdolares_lag2	5.63328653955925e-05	4.93608566031259e-05	0.000108947941831273
cseguro_accidentes_personales	5.53117645875847e-05	7.71311350826603e-05	0.000132632277011984
Master_Finiciomora_lag3	5.49648750851658e-05	0.000300070011723565	0.000146842878120411
mcheques_emitidos_rechazados_lag6	5.46843365167676e-05	0.00018812074214807	8.0526739614419e-05
cprestamos_hipotecarios	5.42146305221576e-05	0.000698537538398348	7.10530055421344e-05
cpagodeservicios	5.39231275802068e-05	0.00125823264778957	0.000118421675903557
minversion1_dolares_lag3	5.38525200528068e-05	0.0003914367501569	9.47373407228459e-05
ccheques_depositados_lag2	5.27005420958504e-05	8.91166152486792e-05	0.0001231585429397
Master_mconsumosdolares_lag1	5.26464527268756e-05	0.00017324374354263	0.000108947941831273
ccheques_depositados_rechazados	5.10592219961706e-05	0.000256017489052263	9.00004736867036e-05
tcallcenter_lag2	5.0860209904707e-05	2.07635381183864e-05	0.0001231585429397
ctarjeta_visa_lag6	5.07991319108268e-05	6.47267390421187e-05	0.000108947941831273
Master_mconsumosdolares	5.05131820029384e-05	4.64806650353385e-05	9.94742077589882e-05
Visa_mconsumototal_lag2	5.04331400446458e-05	1.3271169284431e-05	0.000104211074795131
ctarjeta_visa_descuentos_lag3	5.01940203388793e-05	0.000523582812923241	0.0001231585429397
Visa_madelantopesos	4.99970650502883e-05	0.00023005076961352	0.000108947941831273
cforex_buy_lag3	4.9714186289873e-05	0.000112913302295893	9.47373407228459e-05
cforex_buy_lag6	4.92795983168581e-05	8.37664967549617e-05	0.000108947941831273
ctarjeta_master_lag1	4.91767509988225e-05	5.77108569144945e-05	5.68424044337076e-05
ctarjeta_visa_descuentos	4.78937388901592e-05	0.000157542826510781	0.000108947941831273
ccheques_emitidos_lag3	4.78026080489533e-05	0.000311640946225376	0.000113684808867415
tpaquete4_lag6	4.76698311833138e-05	0.000254168399555022	7.57898725782767e-05
ctarjeta_master_debitos_automaticos	4.67044043709515e-05	0.000389395326811797	8.52636066505613e-05
minversion1_pesos_lag2	4.6350519653182e-05	8.37916923552497e-05	9.94742077589882e-05
tpaquete4_lag1	4.52219796552865e-05	0.000109712524585681	7.10530055421344e-05
mpayroll2_lag6	4.50147223328876e-05	0.00185369471784588	0.0001231585429397
ccheques_depositados_lag1	4.43906661507464e-05	0.000347853935906542	9.94742077589882e-05
minversion2_lag3	4.43048046624766e-05	6.53201511713792e-05	9.00004736867036e-05
minversion2_lag2	4.38667623785089e-05	0.000139496221389113	8.52636066505613e-05
cforex_buy_lag2	4.36206365289321e-05	0.000112076808366332	0.000108947941831273
ctarjeta_visa_descuentos_lag2	4.19503046220014e-05	0.000133297657778441	9.00004736867036e-05
Visa_madelantopesos_lag6	4.16586196919968e-05	4.77871795437231e-05	8.52636066505613e-05
mtarjeta_master_descuentos_lag6	4.13381597936524e-05	4.14520691576853e-05	9.94742077589882e-05
Master_Finiciomora_lag6	4.12877082670164e-05	0.00140278390928814	0.000127895409975842
cforex_sell_lag1	4.08920503876171e-05	2.13321559932042e-05	6.63161385059921e-05
cpagodeservicios_lag3	4.03536184377177e-05	1.62058992931958e-05	7.57898725782767e-05
Visa_mconsumototal_lag3	4.03380322016161e-05	1.63590350301674e-05	7.57898725782767e-05
ctarjeta_master_descuentos_lag3	3.98873387655242e-05	4.01727569788151e-05	0.000104211074795131
ccajeros_propios_descuentos_lag3	3.98119309747257e-05	6.88386164151346e-05	9.00004736867036e-05
Master_mconsumosdolares_lag3	3.96836350278733e-05	0.000182463906240582	9.47373407228459e-05
tpaquete4_lag3	3.85062760984428e-05	1.4996911825218e-05	5.68424044337076e-05
cprestamos_prendarios_lag1	3.84379602106659e-05	0.000178520148182762	7.10530055421344e-05
tcuentas	3.84342262646196e-05	4.26157045451448e-05	8.52636066505613e-05
cforex_sell_lag3	3.74708248879474e-05	8.73055644187756e-05	8.0526739614419e-05
cplazo_fijo_lag1	3.70291015483418e-05	0.000181624870454001	9.00004736867036e-05
ctarjeta_master_descuentos_lag2	3.58763022884335e-05	3.88151823601124e-05	6.63161385059921e-05
ctarjeta_visa_descuentos_lag1	3.58111288751002e-05	0.000367961987071596	9.00004736867036e-05
mtarjeta_master_descuentos	3.52922924044276e-05	0.000228997771897413	0.000108947941831273
cforex_sell_lag2	3.49923660809621e-05	1.69723360757614e-05	6.15792714698498e-05
ccajeros_propios_descuentos_lag1	3.38035949196857e-05	0.00192502274875744	9.47373407228459e-05
Master_mconsumototal_lag2	3.37833394782799e-05	3.44855079750496e-05	7.57898725782767e-05
mpayroll2_lag2	3.30102134734269e-05	0.00507662645115506	0.000127895409975842
cinversion1_lag6	3.15352971518945e-05	2.97559147521414e-05	5.68424044337076e-05
mtarjeta_master_descuentos_lag3	3.1369349324106e-05	7.45066900062916e-05	8.52636066505613e-05
mprestamos_hipotecarios_lag3	3.06261988748384e-05	0.000706555804071589	5.21055373975653e-05
ccheques_emitidos_rechazados_lag6	3.04180429160353e-05	0.000158519657704247	5.21055373975653e-05
cinversion1_lag3	3.03779832701629e-05	0.00058527542196891	6.15792714698498e-05
tpaquete3_lag6	2.97388759293335e-05	2.39200340036682e-05	5.21055373975653e-05
tpaquete3_lag3	2.96413237420514e-05	2.79546300044734e-05	4.26318033252807e-05
minversion1_pesos	2.944395446505e-05	0.000768122390521835	8.52636066505613e-05
tpaquete4_lag2	2.89365904161756e-05	2.91927373432265e-05	4.26318033252807e-05
cinversion2_lag2	2.87631079576087e-05	0.000232637666556362	6.15792714698498e-05
cliente_vip_lag3	2.77318568628798e-05	6.97430269805161e-05	7.10530055421344e-05
ccheques_emitidos_lag2	2.67097015836366e-05	8.50893772550378e-05	6.63161385059921e-05
Master_mconsumototal_lag6	2.66376782367294e-05	2.56487643413035e-05	6.63161385059921e-05
cprestamos_prendarios_lag3	2.59452746327823e-05	0.00297639831414514	9.00004736867036e-05
Visa_delinquency_lag3	2.54797167811873e-05	8.13728701336206e-06	4.7368670361423e-05
mprestamos_hipotecarios_lag6	2.53647974359734e-05	0.00145414716950141	7.10530055421344e-05
Master_mconsumototal_lag3	2.36374785331778e-05	6.25800738975826e-06	3.78949362891384e-05
Master_delinquency_lag3	2.28484917042429e-05	1.66491634823331e-06	2.36843351807115e-05
ccajeros_propios_descuentos_lag2	2.27832860894937e-05	0.00027188371597839	5.68424044337076e-05
Master_delinquency_lag1	2.24428512190705e-05	2.58872529613745e-06	4.26318033252807e-05
cpayroll2_trx_lag2	2.23869158580469e-05	0.00202457498029955	6.15792714698498e-05
ccheques_depositados_lag3	2.22617542935723e-05	2.58260700169584e-05	5.21055373975653e-05
Master_cadelantosefectivo_lag2	2.22519802461924e-05	7.14573980556864e-07	1.42106011084269e-05
ccajeros_propios_descuentos_lag6	2.21834464566064e-05	0.00105015881856671	6.15792714698498e-05
cprestamos_prendarios_lag2	2.19984150353111e-05	0.000597977973378523	1.89474681445692e-05
Visa_madelantopesos_lag1	2.19527236454387e-05	5.99156726126156e-05	4.26318033252807e-05
mplazo_fijo_pesos_lag3	2.18685177771166e-05	0.000112819075210215	4.7368670361423e-05
cinversion1_lag2	2.17284329002486e-05	0.000223649927696819	4.7368670361423e-05
cforex_buy_lag1	2.17209951656996e-05	2.58617897971896e-05	3.78949362891384e-05
cprestamos_hipotecarios_lag2	2.13753966397339e-05	1.28224200354081e-05	1.89474681445692e-05
Master_mconsumototal_lag1	2.08726599593501e-05	1.23737599743507e-05	3.78949362891384e-05
mprestamos_hipotecarios_lag2	2.06155014542028e-05	0.000372225216422271	3.31580692529961e-05
cinversion1_lag1	2.05565378253117e-05	6.50245376593278e-05	3.78949362891384e-05
cinversion2	1.98674253562308e-05	0.000907132894250175	6.63161385059921e-05
cforex_sell_lag6	1.95060051734493e-05	3.91021000455157e-05	4.26318033252807e-05
Master_status_lag6	1.95036095048997e-05	8.33570348047949e-05	5.21055373975653e-05
Master_cadelantosefectivo	1.87953437003853e-05	8.30765386529163e-05	3.31580692529961e-05
cprestamos_prendarios	1.79885643378201e-05	0.000414149669639869	4.26318033252807e-05
ccheques_depositados_rechazados_lag2	1.77117184209064e-05	0.000146562360935365	3.31580692529961e-05
ctarjeta_visa_lag1	1.76781310093581e-05	1.29127228505995e-05	2.84212022168538e-05
ctarjeta_master_lag6	1.76489406761227e-05	3.28832461726652e-05	3.31580692529961e-05
cforex_sell	1.76039372786774e-05	2.2591534661758e-05	4.26318033252807e-05
ctarjeta_master_descuentos	1.73030741109102e-05	4.0160315257611e-05	5.21055373975653e-05
minversion1_pesos_lag1	1.72480171144148e-05	0.00010727702421448	4.7368670361423e-05
cinversion2_lag1	1.64697082249355e-05	0.000199595844180822	3.78949362891384e-05
ctarjeta_master_descuentos_lag6	1.63719453936764e-05	4.50040244825314e-05	2.84212022168538e-05
cliente_vip	1.63012380919411e-05	4.64527046081162e-05	4.7368670361423e-05
ctarjeta_master_lag3	1.62304382737027e-05	9.79686992125122e-05	3.78949362891384e-05
Visa_cadelantosefectivo_lag6	1.61657095902867e-05	4.04532977246766e-05	2.84212022168538e-05
ccheques_depositados_rechazados_lag3	1.60058354000215e-05	0.000243441896711711	2.84212022168538e-05
Visa_status_lag6	1.50035025115367e-05	8.91843535085685e-05	4.26318033252807e-05
ctarjeta_visa_lag2	1.41292768662704e-05	2.47055124168939e-06	2.36843351807115e-05
Master_madelantopesos_lag6	1.3702691278798e-05	1.19972975714638e-05	3.31580692529961e-05
Visa_madelantopesos_lag3	1.3599250737269e-05	5.63370946800315e-05	2.84212022168538e-05
Master_mconsumototal	1.344215604642e-05	0.000111880906999845	2.36843351807115e-05
cseguro_auto	1.32212735207779e-05	1.7034812245679e-05	3.31580692529961e-05
cseguro_auto_lag1	1.30557587436368e-05	4.89926886810417e-05	2.84212022168538e-05
cseguro_auto_lag2	1.30046056265665e-05	1.31311441784058e-05	2.84212022168538e-05
Master_status_lag3	1.27610119261517e-05	1.05508471450195e-05	2.84212022168538e-05
cprestamos_prendarios_lag6	1.27446788841562e-05	2.1086175584021e-05	2.36843351807115e-05
tcuentas_lag1	1.2687062208791e-05	6.50088405773785e-05	3.31580692529961e-05
Master_madelantopesos_lag2	1.0950007216243e-05	3.36925377727117e-06	1.89474681445692e-05
Master_madelantopesos	1.09137287340371e-05	1.60275679559363e-05	1.89474681445692e-05
cliente_vip_lag6	1.06112606677235e-05	1.66054167851959e-05	2.84212022168538e-05
cpayroll2_trx_lag6	1.03449889116089e-05	0.000669146001079752	3.78949362891384e-05
mplazo_fijo_pesos_lag2	9.06523114811123e-06	3.10593968696949e-05	1.89474681445692e-05
ccuenta_corriente_lag3	8.77917646048616e-06	0.000200841220338774	2.36843351807115e-05
Visa_cadelantosefectivo	8.61020678842868e-06	7.10654615407641e-05	1.42106011084269e-05
mplazo_fijo_pesos_lag1	8.46011115040465e-06	2.55243471292619e-05	2.84212022168538e-05
Visa_cadelantosefectivo_lag3	8.18947885540758e-06	2.68469154714583e-06	1.42106011084269e-05
Visa_madelantopesos_lag2	8.14351041656583e-06	5.43312573332112e-05	2.36843351807115e-05
minversion1_dolares_lag1	7.98852308314383e-06	2.3497951956366e-05	1.89474681445692e-05
cprestamos_hipotecarios_lag3	6.49347924992393e-06	3.00592430232191e-05	1.42106011084269e-05
cprestamos_hipotecarios_lag6	6.10215696582323e-06	3.39085064314634e-05	1.42106011084269e-05
minversion1_dolares	5.50641750752053e-06	0.0009513768142957	2.84212022168538e-05
Master_cadelantosefectivo_lag6	5.2334323401561e-06	7.32351817744133e-05	1.42106011084269e-05
cseguro_auto_lag3	4.92175466889757e-06	5.50860550862633e-06	1.42106011084269e-05
ccuenta_corriente_lag1	4.88602027382754e-06	2.25337854540183e-06	9.47373407228459e-06
ctarjeta_master_lag2	4.84312765416691e-06	1.8496157062382e-05	9.47373407228459e-06
Master_madelantopesos_lag3	4.31477983626632e-06	2.8685034848928e-05	9.47373407228459e-06
Visa_cadelantosefectivo_lag1	4.30330762302658e-06	1.05054950645012e-05	9.47373407228459e-06
ccheques_depositados_rechazados_lag1	3.93732751953889e-06	2.38216150836052e-05	9.47373407228459e-06
cpayroll2_trx_lag3	3.91273773418474e-06	0.00123529827458796	2.84212022168538e-05
Master_madelantopesos_lag1	3.73621240866283e-06	1.31678450262589e-05	1.42106011084269e-05
cprestamos_hipotecarios_lag1	3.71489215152529e-06	8.33443701136767e-06	9.47373407228459e-06
Master_cadelantosefectivo_lag1	3.64010511392798e-06	5.34235914070845e-08	4.7368670361423e-06
ccuenta_corriente_lag6	3.58893664695993e-06	9.46545190040121e-05	9.47373407228459e-06
minversion1_dolares_lag2	3.40830288794109e-06	1.39837811297442e-06	9.47373407228459e-06
Visa_madelantodolares_lag3	3.40088296427886e-06	7.01017409782445e-08	4.7368670361423e-06
ccuenta_corriente	3.06976014268328e-06	0.00033319696401229	1.42106011084269e-05
Visa_cadelantosefectivo_lag2	2.52253895813611e-06	8.14732065949444e-08	4.7368670361423e-06
ccheques_depositados_rechazados_lag6	2.18915870049385e-06	1.88635222927756e-05	9.47373407228459e-06
Master_delinquency_lag6	1.8644619801058e-06	1.15636656826136e-06	4.7368670361423e-06
tpaquete1	9.19401979331152e-07	2.76518368611895e-06	4.7368670361423e-06
Master_delinquency_lag2	8.8122644998181e-07	2.02991809753797e-07	4.7368670361423e-06
