Feature	Gain	Cover	Frequency
ctrx_quarter	0.0958956872514048	0.00925015725187927	0.00270786376158277
Visa_status	0.0450451754501795	0.00256153485880493	0.000594790884047082
mcaja_ahorro	0.0359001582698039	0.00680338030109621	0.00248559979964939
mtarjeta_visa_consumo	0.0347303664923427	0.00610195459858496	0.00144315051339845
mcuentas_saldo	0.0259910794750685	0.013412685142784	0.00375970448284498
foto_mes	0.0177823158483046	0.00587626575387776	0.00375970448284498
mcaja_ahorro_lag1	0.0157199581443628	0.00294801813451709	0.00228837966441272
ctarjeta_visa_transacciones	0.0150587922029425	0.0112116469315488	0.00169671925870273
Visa_mpagominimo	0.0117916426438876	0.00545160883768761	0.00202854996243426
cpayroll_trx	0.0105818765336772	0.00865186334617517	0.000381918357124969
mcuenta_corriente_lag2	0.0105008489849798	0.00270890539854331	0.00202228900576008
Visa_Finiciomora	0.00976954551699552	0.00898869193141549	0.00101114450288004
mpayroll	0.00914037886616716	0.00938561081004774	0.000976709241172051
mdescubierto_preacordado	0.00820221855393888	0.0143026309052934	0.000979839719509141
mprestamos_personales	0.00694295726286909	0.0153699381305091	0.00228211870773854
ctarjeta_visa	0.00646837082541584	0.00192240929607401	0.00032870022539444
mcuentas_saldo_lag1	0.00515720974058127	0.00201672944811881	0.00306473829201102
Visa_mpagospesos	0.00488483772667478	0.0030959117717491	0.00201915852742299
Visa_Finiciomora_lag1	0.00476336459459918	0.00333054114031129	0.00068870523415978
cprestamos_personales	0.00433135641505381	0.00382679642676105	0.00101427498121713
mcuenta_corriente	0.00428603426445067	0.00460516151973932	0.00314300025043827
ctrx_quarter_lag6	0.00424178095952463	0.00278100762452224	0.00350926621587779
mcomisiones	0.00394434614118129	0.00210889642522005	0.00305221637866266
mactivos_margen	0.00370280629780978	0.0063742189399325	0.00379100926621588
mprestamos_personales_lag6	0.00367086026251477	0.00229993627375578	0.00169671925870273
Visa_msaldopesos	0.00349839167548742	0.00372921975739565	0.00164037064863511
Visa_delinquency	0.00330791147705004	0.00193194107953836	0.000369396443776609
Visa_mpagospesos_lag1	0.00330094075546156	0.00279201354547399	0.00180941647883797
cpayroll_trx_lag1	0.00319386713679777	0.00235890510486658	0.000306786877034811
mpasivos_margen	0.00304274566411657	0.00169122056753507	0.00286751815677436
mautoservicio	0.00303373856023647	0.00391578796716314	0.000910969196093163
cproductos	0.00293747061071722	0.00595094270603966	0.00181880791384924
ccaja_ahorro	0.0026779580448981	0.00516800806561819	0.000873403456048084
numero_de_cliente	0.00264241872631283	0.00374844983706391	0.00429188580015026
mrentabilidad_annual	0.002427302044822	0.00199988691228479	0.00357187578261958
Master_status	0.00239967172073956	0.008762154238894	0.00068557475582269
cliente_edad	0.00238517791509041	0.00224843620873729	0.00320560981718007
mcuenta_corriente_lag6	0.00236457805696805	0.00614913216558418	0.00287690959178563
Master_Finiciomora	0.00233380811607931	0.0077472677941981	0.000729401452541949
Visa_msaldototal	0.00230894891738518	0.00179474457697522	0.00151202103681443
mcomisiones_mantenimiento	0.00230667756505797	0.00756938374393911	0.00201289757074881
mcaja_ahorro_lag6	0.00220446031501823	0.00263688700686732	0.00314926120711245
cliente_edad_lag6	0.00216817922358548	0.00196367987633084	0.00303030303030303
mcomisiones_mantenimiento_lag6	0.0021611760531453	0.00195388346747555	0.00211307287753569
mcaja_ahorro_lag3	0.00215058834085838	0.0010817946834602	0.00213811670423241
mcuentas_saldo_lag6	0.00214519957868853	0.00225534628345311	0.00278612572001002
ctrx_quarter_lag2	0.0021420727574712	0.00205151439456499	0.00262021036814425
mactivos_margen_lag2	0.00212463903397373	0.00282857182879936	0.00303656398697721
mrentabilidad_annual_lag6	0.00210170674109093	0.00167841010131398	0.00352804908590033
mrentabilidad_annual_lag2	0.00207016987922085	0.00124356235389115	0.00335900325569747
cpayroll_trx_lag2	0.00204998179812569	0.00140852895230402	0.000247307788630103
cliente_edad_lag3	0.00204414046365082	0.00187257765606981	0.00290821437515652
chomebanking_transacciones_lag6	0.00204298952411251	0.00127222416659653	0.00265464562985224
mrentabilidad_annual_lag3	0.00204005354501737	0.00132581573769176	0.0032243926872026
mrentabilidad	0.00203808372791861	0.0018663475027079	0.00354683195592287
mcomisiones_otras	0.00202458656695999	0.00191974995367855	0.00289256198347107
mrentabilidad_annual_lag1	0.00201195334119925	0.00128606022618785	0.00335587277736038
cmobile_app_trx_lag6	0.00195305366234323	0.00343358719903571	0.00199411470072627
Visa_mlimitecompra_lag6	0.00194843448477181	0.00105944730036855	0.00193776609065865
Visa_Fvencimiento_lag3	0.00192022156591779	0.0011851154304116	0.00263273228149261
cprestamos_personales_lag1	0.00187585307538274	0.00424145033999253	0.000582268970698723
chomebanking_transacciones	0.00186706292660856	0.00221768676550688	0.00244177310293013
Visa_Fvencimiento_lag6	0.0018452325007264	0.00202629723341884	0.00321813173052842
Master_mfinanciacion_limite	0.00184433440508275	0.00169477431247553	0.00210681192086151
mcaja_ahorro_lag2	0.00184247167233223	0.00160845391110439	0.00187515652391685
ctarjeta_visa_transacciones_lag6	0.0018361772434752	0.00107655599141656	0.00157150012521913
mpayroll_lag3	0.00182635631213504	0.00212496582248254	0.000698096669171049
mprestamos_personales_lag2	0.00182604847197105	0.00383886237909961	0.00128662659654395
mcuentas_saldo_lag3	0.00180608735387865	0.00108430896463481	0.00271099423991986
Visa_mpagospesos_lag6	0.00179311732218185	0.00119177141851747	0.00261394941147007
mcomisiones_lag6	0.00179170833734109	0.000836356095193955	0.0026358627598297
ctrx_quarter_lag3	0.0017880979758013	0.00136369269448697	0.00227898822940145
mactivos_margen_lag1	0.00178237322634391	0.00192940816851865	0.00269221136989732
Visa_cconsumos_lag6	0.00178092934763336	0.00177285539288396	0.00208802905083897
mprestamos_personales_lag3	0.0017667639346219	0.00370359297762984	0.0012083646381167
Visa_mpagominimo_lag1	0.00175241882722268	0.001831807769898	0.00156836964688204
mcuenta_corriente_lag3	0.00171505290394556	0.00287731593459799	0.00212559479088405
mcuenta_corriente_lag1	0.00170247432346737	0.00181554275926199	0.00216942148760331
mttarjeta_visa_debitos_automaticos_lag6	0.0016983652465876	0.00137834051218272	0.00187202604557976
mrentabilidad_lag1	0.00169461069099279	0.00101613648010506	0.00283934385174055
mtransferencias_recibidas	0.00167647423543568	0.00634485565236629	0.00141184573002755
mcomisiones_otras_lag6	0.00167299359189761	0.000911588577098063	0.00263273228149261
mcuentas_saldo_lag2	0.00166644190602158	0.00123452167762073	0.00240107688454796
mcomisiones_lag2	0.00165825620769983	0.000739191798129704	0.00237603305785124
mrentabilidad_lag6	0.00165394744937567	0.000939764755976415	0.00294264963686451
cliente_antiguedad_lag6	0.0016477295286848	0.00182564084922201	0.00260142749812171
mes	0.00163676107522239	0.00169066486781252	0.00211307287753569
mpasivos_margen_lag6	0.00163011923351893	0.00111529396661829	0.00299273729025795
Visa_Fvencimiento	0.00161666509894397	0.00141430981363527	0.00297395442023541
canarito134	0.00161649597148137	0.00183312226185151	0.00335900325569747
mttarjeta_visa_debitos_automaticos_lag3	0.00161596851841578	0.0011456168951834	0.00174993739043326
cliente_edad_lag2	0.00161326012521459	0.00167616999842534	0.00254194840971701
Visa_cconsumos	0.00161031846905783	0.0020057911453457	0.00157776108189331
canarito80	0.00161004150339867	0.00134487672091931	0.00329639368895567
mpayroll_lag2	0.00159745526988383	0.00211136742940048	0.000532181317305284
ctrx_quarter_lag1	0.00159183714473507	0.00176293914789005	0.00237603305785124
mactivos_margen_lag3	0.00158992880977366	0.00338620113415331	0.00268595041322314
Master_fechaalta_lag6	0.00158516304009512	0.00123790826389634	0.00259516654144753
canarito6	0.00157385927588709	0.00225241466655147	0.00322752316553969
Master_Fvencimiento_lag3	0.00157336243908747	0.00154670511954994	0.00257951414976208
canarito109	0.00154989616713785	0.000704955514220053	0.0029770848985725
canarito121	0.00154129406623233	0.000898478639516651	0.00312108690207864
canarito90	0.00153708914371066	0.00127222464254148	0.00317743551214626
Visa_Fvencimiento_lag1	0.00152118945948723	0.00149124747030284	0.00265777610818933
Master_Fvencimiento	0.00152104904621792	0.0013513232592521	0.00258890558477335
canarito13	0.00151567760292422	0.00117225974942048	0.00302091159529176
mrentabilidad_lag3	0.00151194831502426	0.00072154644515706	0.0026358627598297
canarito62	0.00151007495010436	0.000822347709535491	0.00314926120711245
canarito116	0.00150911194775385	0.00119668004273986	0.0030709992486852
Visa_fechaalta	0.00150719562112717	0.00122538248074613	0.00213811670423241
mactivos_margen_lag6	0.00150309818559325	0.00135740658359763	0.00287064863511145
cliente_edad_lag1	0.00149963645974786	0.00158274676463455	0.00230403205609817
canarito88	0.00148547104562638	0.000785083123907678	0.00308352116203356
canarito94	0.00148132572948909	0.000902673346317441	0.00308039068369647
Visa_fechaalta_lag3	0.00148079855681333	0.00114021668782213	0.00204107187578262
canarito139	0.00147938330921761	0.00116951092937485	0.00313986977210118
canarito10	0.00147697133017751	0.00177209486685355	0.00297082394189832
canarito132	0.00147036374776051	0.00120357128363417	0.00292699724517906
Visa_mpagominimo_lag2	0.00146987219320245	0.000874526710021917	0.00133984472827448
canarito66	0.00146945735167002	0.000703508199630061	0.00296143250688705
Master_Fvencimiento_lag6	0.00146723718712541	0.0012091190679253	0.00253881793137992
canarito130	0.00146611862512648	0.000876854726741624	0.00296769346356123
mpasivos_margen_lag1	0.00146570650115788	0.000696083152480795	0.0023885549711996
Visa_mfinanciacion_limite	0.00146563995579728	0.00181349660393955	0.00204107187578262
Visa_mfinanciacion_limite_lag6	0.00146383497772849	0.00111166927188455	0.00242612071124468
canarito68	0.00146318399521779	0.00118130198951002	0.00306160781367393
canarito26	0.00146034293539522	0.000891331238252253	0.00304908590032557
canarito33	0.0014600330110914	0.00160125554973452	0.00311169546706737
canarito56	0.0014591988915672	0.00077094439732567	0.00295204107187578
canarito87	0.00145742526851648	0.0028803656538388	0.00324317555722514
mrentabilidad_lag2	0.0014565545590193	0.0012497475304555	0.00275482093663912
canarito140	0.00145484804292284	0.000913605257829817	0.00302091159529176
canarito24	0.00145451492016515	0.00121188672179245	0.00298647633358377
Visa_mconsumospesos_lag6	0.00144857436750159	0.000780588571789815	0.00239481592787378
mcomisiones_lag1	0.0014473890369057	0.00103797592794928	0.00246368645128976
canarito103	0.0014373107337463	0.00132471392513776	0.00284873528675182
canarito43	0.0014370751188659	0.000886713756353604	0.00293951915852742
canarito79	0.00143349212245628	0.000806756908914014	0.00298960681192086
canarito31	0.00142736998749115	0.00118290286433779	0.00289882294014525
canarito141	0.00142732005017766	0.000962594951221474	0.00283308289506637
canarito154	0.00142643059994888	0.00242761282348613	0.00281743050338092
canarito74	0.00142458094547119	0.000974008349040619	0.00277047332832457
canarito28	0.00142404843621247	0.00116841849973552	0.00302091159529176
canarito40	0.00142193742483772	0.00156337736908087	0.00290508389681943
Master_Fvencimiento_lag2	0.00141942371875264	0.00108497705535716	0.00232281492612071
canarito100	0.00141687350315833	0.00145149308066916	0.0029457801152016
mtarjeta_master_consumo	0.00141613087628984	0.00188997599361458	0.000632356624092161
canarito61	0.00141417858914278	0.00102963458478742	0.00289256198347107
canarito102	0.00141296581248426	0.00161532482235022	0.0028831705484598
canarito86	0.00141082320800552	0.000766323447828117	0.00287064863511145
canarito151	0.00140929033326073	0.000987948878547964	0.00294264963686451
canarito97	0.00140780143978399	0.000723606708847599	0.00278612572001002
canarito36	0.00140577119133757	0.000963607014156764	0.00282995241672928
canarito19	0.00139486029485085	0.00157436751585721	0.00267968945654896
canarito39	0.00139444233708647	0.00139317632813282	0.00293951915852742
canarito101	0.0013940443110753	0.00115776097048552	0.0029144753318307
mcomisiones_otras_lag1	0.00139229853132464	0.00114390978264408	0.00243864262459304
canarito123	0.00139083191136313	0.000878854783396275	0.00293325820185324
canarito111	0.0013907392963094	0.000811175377832374	0.00280803906836965
canarito110	0.00138836603509205	0.00104512727275753	0.00289882294014525
canarito127	0.00138693823953942	0.00108120138408679	0.00294264963686451
canarito89	0.00138585311593372	0.000981473205585157	0.00283621337340346
canarito120	0.00138493671584378	0.00266274298812154	0.00288004007012272
canarito75	0.00138142850436342	0.00091518532706416	0.00283621337340346
canarito2	0.00138127344710787	0.00102993718378597	0.00277673428499875
Master_mfinanciacion_limite_lag6	0.00138102877282626	0.00118406036245068	0.00203481091910844
canarito113	0.00137959698173699	0.00132347296667868	0.00281116954670674
canarito8	0.00137847523776856	0.000795618165325779	0.0027923866766842
canarito138	0.00137569503598348	0.00185678740051917	0.00280803906836965
canarito99	0.00137363204211398	0.000745718873146866	0.00288004007012272
chomebanking_transacciones_lag3	0.00137259336576139	0.000570067072684883	0.00205672426746807
canarito115	0.00137135338534423	0.00103890191284116	0.00280490859003256
canarito143	0.00137019161287179	0.000926523831546172	0.00284873528675182
canarito152	0.00136913910642076	0.000890666581132742	0.00274855997996494
canarito53	0.00136824836021227	0.000739522205911635	0.00288004007012272
canarito93	0.0013667729480672	0.00127676712911479	0.002854996243426
canarito45	0.00136676557613573	0.000897056244044279	0.00270473328324568
mcuenta_debitos_automaticos	0.00136618227916855	0.00596534768982386	0.00116766841973454
canarito98	0.00136577005865329	0.000648359540642246	0.00269534184823441
canarito5	0.0013643176518688	0.00162119801700133	0.00279551715502129
canarito129	0.00136325926033929	0.000854044997129317	0.00285812672176309
canarito60	0.00135885035856713	0.000874341125488368	0.00280490859003256
canarito83	0.00135641087717431	0.00105191441769256	0.00278925619834711
canarito16	0.00135508574255943	0.000922370701936174	0.00293012772351615
canarito72	0.00135435503794464	0.000761430495792933	0.00256386175807663
canarito122	0.00135398110841429	0.000844787833899815	0.00280490859003256
canarito104	0.00135358778213338	0.000999576757558198	0.00268595041322314
canarito155	0.00135236733132326	0.000766470344836628	0.00277673428499875
canarito144	0.00135236410776518	0.001033073389023	0.00283934385174055
canarito9	0.0013515279049645	0.00129812852425507	0.00288004007012272
canarito69	0.00135130818777081	0.00140876529296664	0.00273603806661658
canarito131	0.00135109067889065	0.00120626319426249	0.00275482093663912
mcomisiones_otras_lag2	0.00134814621180545	0.000602705711393192	0.00208176809416479
canarito49	0.00134779671763123	0.000841439357216097	0.00295517155021287
canarito82	0.00134762216004837	0.000924319118563996	0.00278612572001002
canarito11	0.00134614276667354	0.00078068070113327	0.0027923866766842
canarito81	0.00134600171430682	0.00108881946090843	0.00287690959178563
canarito30	0.00134538876106413	0.000869562910181656	0.00277047332832457
canarito67	0.00134061004873194	0.000798231273069179	0.00279864763335838
canarito77	0.00134052599231458	0.000817130163045953	0.00277986476333584
Master_fechaalta_lag3	0.00133912857666868	0.00103765225138875	0.00214437766090659
canarito124	0.0013388901158327	0.000990174533107841	0.0026045579764588
canarito70	0.00133718070360798	0.00158793296674967	0.00287064863511145
canarito114	0.00133464728491135	0.000918931761716319	0.00293325820185324
mpasivos_margen_lag3	0.00133458470805235	0.000920474367284062	0.00265777610818933
canarito4	0.00133375543677845	0.00120908881142505	0.00284247433007764
Visa_fechaalta_lag6	0.00133284631365201	0.00130363687310768	0.00223829201101928
mpasivos_margen_lag2	0.00133176545667332	0.00117448197037752	0.00236977210117706
canarito17	0.00133035883498088	0.00130491206560693	0.00279551715502129
canarito25	0.00132961030090762	0.000970072420307127	0.00262960180315552
canarito44	0.00132929345605384	0.00098793653797539	0.00289882294014525
mcomisiones_otras_lag3	0.00132705209251335	0.000689894406329336	0.00230716253443526
canarito41	0.00132698658060156	0.000806996989144078	0.00279551715502129
canarito78	0.00132636904630156	0.00121892910920373	0.00266403706486351
canarito51	0.0013262238314026	0.000969367885800209	0.00284873528675182
canarito50	0.0013259868322346	0.000929634811700971	0.00287690959178563
canarito118	0.00132486994833196	0.000830988388073407	0.00267968945654896
canarito58	0.0013231532398788	0.000813487144431723	0.00270473328324568
canarito14	0.0013222467111785	0.00150565486780784	0.00267342849987478
canarito1	0.00132213541585201	0.00116037084860249	0.00288004007012272
canarito20	0.00132162848124432	0.000805469919779272	0.00290195341848234
canarito96	0.00132134309755073	0.000791349857038429	0.00267968945654896
canarito34	0.00132045744076182	0.000993584032733071	0.00270473328324568
canarito38	0.00132031718898739	0.00144467030785518	0.00285186576508891
Visa_Fvencimiento_lag2	0.00132023875112152	0.00142589094805243	0.00245742549461558
canarito7	0.00131703293949743	0.00132137241764792	0.00277673428499875
canarito42	0.00131478504119893	0.00102027458345314	0.00277986476333584
canarito142	0.00131124059795981	0.00112809477795615	0.00290195341848234
canarito145	0.00131059234435976	0.00103399056893335	0.00289569246180816
canarito59	0.0013095780547693	0.000865603014220438	0.00265777610818933
Master_Fvencimiento_lag1	0.0013091113106045	0.00111111105645299	0.00236038066616579
canarito3	0.00130818268835943	0.000712737894036865	0.00266090658652642
canarito46	0.00130700060465659	0.00213978498035947	0.00282995241672928
canarito32	0.00130607721304971	0.00100651678280966	0.00273916854495367
canarito54	0.00130557292555688	0.000731105799432305	0.00271725519659404
canarito76	0.00130355922701743	0.00104762479387076	0.00263273228149261
canarito106	0.00130223641808169	0.00076590461627411	0.00267968945654896
canarito73	0.00130058423468751	0.00133328973917851	0.00283934385174055
canarito27	0.00129790879805896	0.00112542666457522	0.00256386175807663
canarito91	0.00129769599255978	0.00129235619593681	0.00271099423991986
canarito65	0.00129721155041164	0.000902297077840189	0.00275169045830203
canarito37	0.00129658730730324	0.00113870495068385	0.00289882294014525
canarito153	0.00129608608014693	0.00112555034226949	0.00277360380666166
canarito136	0.00129404573458311	0.00091076509035028	0.0028831705484598
Visa_fechaalta_lag1	0.00129210290644273	0.00103841876072707	0.00210368144252442
canarito21	0.00129140601513495	0.000561546740226609	0.00264525419484097
canarito150	0.00129110932549276	0.000728124888232509	0.00272351615326822
canarito63	0.00128959931247257	0.000818408109226687	0.00263273228149261
canarito64	0.00128770583235096	0.00098120837621781	0.00261394941147007
canarito71	0.00128706266920652	0.000977525582204377	0.00278925619834711
canarito128	0.00128669432379252	0.000648788910977238	0.00263273228149261
mpagomiscuentas	0.00128648821849296	0.0062534779959648	0.000773228149261207
canarito135	0.00128516494468286	0.000630182421178712	0.00268281993488605
canarito125	0.00128036361174604	0.000848437379759043	0.00265464562985224
canarito92	0.00127799092820525	0.000695717388788461	0.00268595041322314
canarito85	0.00127698835253096	0.000772571449125568	0.00258264462809917
canarito18	0.00127499995984621	0.000614949803126472	0.00257951414976208
canarito55	0.00127199490406253	0.000720331255717291	0.00258264462809917
canarito126	0.00127198627551988	0.000757269309114891	0.00257638367142499
canarito108	0.00127047356279478	0.00154429129675537	0.00273916854495367
chomebanking_transacciones_lag1	0.00126958354125353	0.000672937779692132	0.00217568244427749
canarito47	0.00126708804800147	0.00162719516131526	0.00265777610818933
canarito119	0.00126702680029932	0.0010604413113919	0.00277986476333584
canarito95	0.00126134276235062	0.000785700492497025	0.00261081893313298
canarito12	0.00125979528533149	0.00215554807305203	0.00287690959178563
mcomisiones_lag3	0.00125965411170179	0.000821108926824742	0.00230090157776108
ccaja_seguridad	0.00125819014166718	0.0057576885236346	0.00034435261707989
canarito107	0.00125649316916056	0.00131558955054867	0.00263273228149261
canarito137	0.00125358762293222	0.00218587610102729	0.00284560480841473
canarito105	0.00125022194741553	0.000974973837363166	0.00262334084648134
Visa_mfinanciacion_limite_lag1	0.00124966832280674	0.00318181813501178	0.00212246431254696
Master_fechaalta_lag2	0.00124751203337021	0.000827621247548524	0.00165602304032056
cprestamos_personales_lag2	0.0012457064251828	0.00134727514349521	0.000366265965439519
canarito146	0.0012449130964717	0.000666154680289156	0.00256386175807663
canarito112	0.00123948512353369	0.00114475604675721	0.00258890558477335
Visa_mconsumospesos	0.00123912035754864	0.00178100299245603	0.00194402704733283
canarito48	0.00123638558656344	0.00069759842521011	0.00250125219133484
canarito15	0.00123610531703044	0.00113328448166624	0.00262647132481843
canarito35	0.00123529269324617	0.000747651277626803	0.00259516654144753
ccallcenter_transacciones	0.0012348808013694	0.00257210396428286	0.000804532932632106
canarito149	0.0012331858221787	0.00307911237692499	0.0026671675432006
canarito156	0.00122549232922924	0.00153789820024099	0.00269221136989732
mcaja_ahorro_dolares_lag6	0.00122528430584812	0.00244823827175295	0.00186576508890558
canarito22	0.00122291453915589	0.000844037472693644	0.00261081893313298
canarito133	0.0012216060804717	0.000624982552644375	0.00254194840971701
canarito23	0.00121843246086646	0.00107549334233254	0.00240107688454796
canarito52	0.00121493656468383	0.00110084485593822	0.00250125219133484
Visa_fultimo_cierre	0.00121189453029852	0.00237608620753878	0.00171550212872527
canarito117	0.00120379592882438	0.00113375128167177	0.00252003506135738
canarito147	0.00120237685066494	0.000715316869728299	0.0025450788880541
canarito57	0.00120176024098292	0.00113637479221188	0.00257012271475081
Visa_fechaalta_lag2	0.00119377582728815	0.00129416703047867	0.00183446030553469
cmobile_app_trx_lag2	0.00119313462899391	0.000962691228085187	0.00181567743551215
canarito29	0.00118826865163448	0.000788994201515685	0.00249812171299775
Master_fechaalta_lag1	0.00118660226078603	0.000818851893894382	0.00189393939393939
ccomisiones_otras_lag6	0.00118011499133548	0.00110956063178968	0.00195654896068119
cliente_antiguedad_lag3	0.00118002398930647	0.00208699537650117	0.00195654896068119
canarito148	0.00117359423664906	0.000639567443618816	0.00251064362634611
Visa_mfinanciacion_limite_lag3	0.00117198297606111	0.0012545838450419	0.00190020035061357
canarito84	0.00117035550456483	0.000967362457766862	0.00268595041322314
cliente_antiguedad_lag2	0.00116729491923586	0.00136312982159414	0.00186576508890558
cmobile_app_trx	0.0011636074833975	0.00117467639388867	0.0018908089156023
Visa_mpagominimo_lag6	0.00115855280224912	0.00162042994384389	0.00184072126220887
tpaquete3	0.0011538333346337	0.00616542427108615	0.000478963185574756
Master_fechaalta	0.00114155841765305	0.00142834226850966	0.0017687202604558
mpayroll_lag1	0.00112993219139643	0.00245022031049172	0.000644878537440521
Visa_cconsumos_lag2	0.00111693047964445	0.0026266563322433	0.00142123716503882
mcomisiones_mantenimiento_lag1	0.00111052258205121	0.00132238403863433	0.00133984472827448
ctarjeta_visa_transacciones_lag1	0.00110873138316816	0.00143282910352016	0.00125845229151014
mprestamos_personales_lag1	0.00110843144653424	0.00285573159324576	0.00114575507137491
ccomisiones_otras	0.00110816813179241	0.000757571908113447	0.00171237165038818
Visa_fultimo_cierre_lag6	0.00110022451537349	0.000945834855851616	0.0019221136989732
Master_mlimitecompra	0.00109836285830168	0.00140717590880975	0.00162471825694966
mtarjeta_visa_consumo_lag6	0.00109804535266819	0.000526490777128757	0.00139306286000501
tcallcenter	0.00108903373652706	0.000844389773943171	0.000394440270473328
cmobile_app_trx_lag3	0.00107839738934445	0.000905209554955714	0.00188454795892812
chomebanking_transacciones_lag2	0.00107653806954527	0.00052364027484464	0.00193463561232156
Master_msaldototal	0.00107542591744	0.00264618044390105	0.000992361632857501
Visa_mpagospesos_lag3	0.00107274860125975	0.00218761302811798	0.00190646130728775
Visa_mconsumospesos_lag2	0.00105931732532602	0.000738337204979979	0.00175932882544453
Visa_mlimitecompra	0.00105856688185399	0.00140247588445874	0.00172489356373654
Visa_mpagominimo_lag3	0.00105506937370731	0.000640363121583225	0.00138993238166792
Visa_mconsumospesos_lag3	0.00105024805363985	0.00061720302849725	0.00180628600050088
mcaja_ahorro_dolares	0.00104573032940835	0.00764712700542285	0.00144941147007263
ctarjeta_visa_debitos_automaticos_lag6	0.00104191272749213	0.000875198982260592	0.00139932381667919
ccomisiones_mantenimiento	0.0010275536288696	0.00267425511052127	0.000713749060856499
Visa_cconsumos_lag3	0.000996173346455888	0.00200534195530325	0.00150262960180316
Visa_msaldopesos_lag6	0.000995792737347539	0.000657711484908483	0.00161845730027548
mttarjeta_visa_debitos_automaticos_lag2	0.000995321874385083	0.000961184148408186	0.001427498121713
Visa_msaldototal_lag1	0.000991836492956895	0.000874906276117735	0.00121462559479088
cliente_antiguedad	0.000979165497055036	0.00141173858904727	0.00161845730027548
mcaja_ahorro_dolares_lag3	0.000975754594463252	0.00172014527183193	0.00138367142499374
Visa_fultimo_cierre_lag2	0.000965118898785552	0.0012031382077278	0.00180628600050088
mcomisiones_mantenimiento_lag3	0.00095132242154349	0.0011958045420085	0.00119897320310543
mcaja_ahorro_dolares_lag2	0.000951307917912505	0.000794361296707016	0.00134610568494866
Visa_status_lag3	0.0009491342810601	3.95961039424938e-05	4.38266967192587e-05
Visa_fultimo_cierre_lag3	0.000943363052060502	0.00101778141383657	0.00161845730027548
Master_mlimitecompra_lag6	0.000942788707859071	0.00104301275134295	0.00155271725519659
Visa_msaldopesos_lag1	0.000932455290527978	0.000982601093123084	0.00119584272476834
cliente_antiguedad_lag1	0.000924466566224933	0.00113560219757744	0.00153706486351114
cmobile_app_trx_lag1	0.000923440178036372	0.000514721236504436	0.00162158777861257
Master_fultimo_cierre_lag2	0.000920264830877511	0.000607080121407819	0.00166854495366892
Master_fultimo_cierre	0.000917698491794733	0.00177073427623225	0.00158402203856749
Visa_mfinanciacion_limite_lag2	0.000915690098313823	0.000626457812002013	0.00166541447533183
Visa_mconsumosdolares_lag6	0.000910167715797553	0.00247142756746107	0.00150576008014025
mtransferencias_emitidas	0.000909326657667146	0.00190046109480924	0.00102992737290258
ccomisiones_otras_lag1	0.000895160645272158	0.000682867725101324	0.00171237165038818
mcaja_ahorro_dolares_lag1	0.000891292171927672	0.000937220762238639	0.00125845229151014
Master_fultimo_cierre_lag6	0.000885803951608527	0.00065343967502616	0.00158715251690458
mttarjeta_visa_debitos_automaticos	0.000883110811693241	0.0020857183142182	0.001427498121713
Visa_mlimitecompra_lag3	0.000882569078973064	0.00125611635377754	0.00131480090157776
Visa_fultimo_cierre_lag1	0.000879581906890594	0.00113202795300816	0.00152767342849987
Visa_msaldototal_lag6	0.000864296169546115	0.00152385384674291	0.00152454295016278
internet	0.000860441430000089	0.000708730743541551	0.000842098672677185
tmobile_app_lag6	0.000858793454698109	0.00115017862353102	0.000632356624092161
Visa_mconsumototal_lag6	0.000854198859473491	0.000684578985160903	0.00146506386175808
Visa_msaldopesos_lag2	0.000852837711674181	0.000512532943622956	0.00105810167793639
Master_mfinanciacion_limite_lag2	0.000843909712976412	0.00096797391104043	0.0013961933383421
ctarjeta_visa_transacciones_lag3	0.00083848019859733	0.000978639123401737	0.00128036563986977
Visa_mconsumosdolares	0.000837406665498788	0.00307984767787317	0.00121775607312797
Master_fultimo_cierre_lag3	0.000836677407899778	0.000483401373254163	0.00147132481843226
Visa_mconsumototal	0.00083081483959923	0.000666529384947294	0.000936013022789882
mpayroll_lag6	0.000828949322091969	0.00118223878515143	0.000760706235912848
cprestamos_personales_lag3	0.000822654549056234	0.00113626134733398	0.000410092662158778
Visa_mpagospesos_lag2	0.000821395795125031	0.00127097222740758	0.00144002003506136
ccomisiones_otras_lag2	0.000818915279653116	0.000476920770861541	0.00150576008014025
ccomisiones_otras_lag3	0.00081751431198332	0.000766577874398748	0.00157150012521913
Master_mpagominimo	0.000812705805289733	0.00224142904125214	0.000751314800901578
ctarjeta_visa_transacciones_lag2	0.000806744697340447	0.000555287656211089	0.00122714750813924
Visa_mlimitecompra_lag1	0.000805146006268366	0.000815697942710017	0.00128662659654395
ccaja_seguridad_lag2	0.000801737139469086	0.00057350761071992	0.000112697220135237
Master_fultimo_cierre_lag1	0.000800257029394451	0.000960981293872249	0.00156523916854495
cplazo_fijo	0.000798688707252294	0.00693251045468908	0.00033809166040571
tmobile_app	0.000784002106544918	0.000394302065317475	0.000782619584272477
Master_mfinanciacion_limite_lag3	0.00078286868566082	0.000891144837813079	0.00129288755321813
mcuenta_debitos_automaticos_lag6	0.000778886881419344	0.0012559936959653	0.001148885549712
Visa_cconsumos_lag1	0.0007746783723153	0.00113617193767594	0.0012709742048585
Visa_mlimitecompra_lag2	0.000769973868074481	0.000814964987490506	0.00138993238166792
ctarjeta_visa_debitos_automaticos_lag3	0.00076322658741061	0.000582464282707063	0.00112697220135237
cproductos_lag6	0.000752564123075548	0.00126386851109017	0.00112384172301528
mtransferencias_emitidas_lag6	0.000747044895691087	0.000554020384795611	0.000961056849486602
mtransferencias_recibidas_lag1	0.000744627843116947	0.00144765920813089	0.00117079889807163
cproductos_lag1	0.00074399737773213	0.000767077582597802	0.000932882544452792
thomebanking	0.000741195783981208	0.00209981940715327	0.000616704232406712
mcomisiones_mantenimiento_lag2	0.000738934802994483	0.00202735172344662	0.00123027798647633
Master_mfinanciacion_limite_lag1	0.00073391486036311	0.0013968056123357	0.00125845229151014
mttarjeta_visa_debitos_automaticos_lag1	0.000732895092453072	0.000407034068614318	0.00112384172301528
Master_mlimitecompra_lag1	0.000730654249213706	0.000604024112894484	0.00116453794139745
ctarjeta_debito_transacciones	0.000728450671403897	0.00150484732521581	0.00068557475582269
Visa_msaldototal_lag3	0.000727260487624304	0.000630702527018383	0.00106749311294766
Master_mlimitecompra_lag3	0.000717552850081959	0.000670792967781234	0.0011801903330829
Visa_msaldopesos_lag3	0.000717150649155703	0.001096237130911	0.00128975707488104
Visa_mconsumosdolares_lag3	0.000703098453597683	0.000570050516599915	0.00113949411470073
Master_mpagospesos	0.000695903600408489	0.000526736602694262	0.000748184322564488
mtarjeta_visa_consumo_lag1	0.000692476297367117	0.000477882723593047	0.00121462559479088
mtarjeta_visa_consumo_lag3	0.000688976491020354	0.000619912481096499	0.00108314550463311
Visa_msaldototal_lag2	0.00068749502566652	0.000693210722733014	0.00102992737290258
cproductos_lag3	0.000673109313344747	0.000975885475914484	0.0010236664162284
Master_mlimitecompra_lag2	0.000665397164000182	0.000753044889750936	0.0011175807663411
ctarjeta_visa_debitos_automaticos_lag2	0.000658861210418608	0.00040539182057216	0.000904708239418983
Visa_mconsumospesos_lag1	0.00064575374359856	0.000545319975166755	0.00126784372652141
mextraccion_autoservicio	0.000645737028299333	0.00124704463909732	0.000588529927372903
cliente_vip_lag2	0.000638475796325826	0.00392002204141032	0.000269221136989732
Visa_mconsumosdolares_lag1	0.000629421114013152	0.000557086796105661	0.00103931880791385
mcuenta_debitos_automaticos_lag3	0.00062825735071616	0.00237153093844401	0.000961056849486602
cproductos_lag2	0.000624194898815263	0.000970308081048391	0.000842098672677185
Master_msaldopesos	0.000623110052713363	0.00218462909126816	0.000838968194340095
mdescubierto_preacordado_lag2	0.000613795211012672	0.000204474788524305	0.000222263961933383
Master_Finiciomora_lag1	0.000610866691293531	0.00307430686277592	0.000416353618832958
mdescubierto_preacordado_lag1	0.000607903643688932	0.000330344277276315	0.000316178312046081
ctarjeta_debito_transacciones_lag6	0.00059394666355553	0.00215484017293441	0.00106436263461057
Visa_mconsumototal_lag1	0.000588296137014385	0.000571284709841526	0.00104871024292512
mtransferencias_recibidas_lag3	0.000582907202718184	0.00110276736756246	0.000939143501126972
mtarjeta_visa_consumo_lag2	0.000578698652716247	0.000810885663343474	0.0010549711995993
ctarjeta_visa_debitos_automaticos	0.000578194798647346	0.00130981446854893	0.000973578762834961
Master_delinquency_lag1	0.000575778752141629	0.00033953457024066	9.07838717756073e-05
mautoservicio_lag3	0.000575645906117127	0.000965798332688269	0.00103618832957676
ccaja_ahorro_lag3	0.000574714666530269	0.000157727135797154	0.000222263961933383
mplazo_fijo_dolares	0.000573944212691286	0.00479659317295523	0.000475832707237666
Master_status_lag1	0.0005644432749233	0.000596948069376178	9.39143501126972e-05
Visa_mconsumototal_lag3	0.000563166958282616	0.000332401821281438	0.000957926371149512
mautoservicio_lag6	0.00055592925956823	0.000465561562774302	0.000923491109441523
ctarjeta_master_transacciones	0.000549844010604806	0.00275402188594637	0.000482093663911846
ctarjeta_debito_transacciones_lag1	0.000546238907428908	0.000498234299538509	0.000885925369396444
mtransferencias_emitidas_lag3	0.000542373872344103	0.00061279414646998	0.000838968194340095
mautoservicio_lag2	0.000541059792271719	0.00130185224953401	0.000870272977710994
ctarjeta_debito_transacciones_lag3	0.000534568755922998	0.000304339189269189	0.000845229151014275
ctarjeta_debito_transacciones_lag2	0.000530854626217633	0.000532787154830539	0.000820185324317556
cpagomiscuentas	0.000530850421332137	0.000945163739479243	0.000369396443776609
Master_delinquency	0.000530002684857078	0.000662954528448793	0.000162784873528675
ccuenta_debitos_automaticos_lag6	0.000527932874236366	0.00154019293481043	0.00068870523415978
ctransferencias_recibidas	0.000518094413906519	0.00256574183818615	0.000629226145755071
tpaquete4	0.000505159235526964	0.00202030080302234	0.00033183070373153
mautoservicio_lag1	0.00050281174572934	0.000929068811169911	0.000845229151014275
Master_mpagospesos_lag6	0.000500577632931337	0.00172076393227185	0.000982970197846231
Master_msaldopesos_lag6	0.00049854362506085	0.000529665805875093	0.000776358627598297
Visa_mconsumototal_lag2	0.000498382047872152	0.000570734959430825	0.000838968194340095
mtransferencias_emitidas_lag2	0.000489188243410492	0.000479061707220721	0.000738792887553218
cprestamos_personales_lag6	0.000488471329081595	0.00130818309924844	0.000613573754069622
internet_lag1	0.000484796318062462	0.000297961730945954	0.000729401452541949
cpagomiscuentas_lag6	0.000483556463348349	0.00100192221426063	0.000657400450788881
mtransferencias_recibidas_lag2	0.000482922630374817	0.00046319540246664	0.000770097670924117
mcuenta_debitos_automaticos_lag1	0.000478394644200994	0.000742794939356527	0.000710618582519409
cpayroll_trx_lag3	0.000478144215773368	0.000856084489222494	0.000231655396944653
mextraccion_autoservicio_lag2	0.000474150546579654	0.000450846534852723	0.000707488104182319
Visa_mconsumosdolares_lag2	0.000473293235903014	0.000385594516514403	0.000892186326070624
mextraccion_autoservicio_lag6	0.000469706120276407	0.00049970864100232	0.000735662409216128
ccaja_ahorro_lag2	0.00046747094048248	0.000234270948020474	0.000247307788630103
mtransferencias_recibidas_lag6	0.000467375871407197	0.00057243772047348	0.000817054845980466
ccaja_ahorro_lag1	0.000461642190595023	0.000372807031635081	0.00034435261707989
mextraccion_autoservicio_lag3	0.000461583828463662	0.000450929009312952	0.000785750062609567
Master_msaldototal_lag6	0.00045257668755839	0.000525206745651905	0.000760706235912848
Visa_delinquency_lag6	0.000445860903032522	0.000123400762308111	5.32181317305284e-05
ccaja_ahorro_lag6	0.000431039150083777	0.000470819564584398	0.000269221136989732
Master_mconsumospesos_lag3	0.00042964686349735	0.000330820698168997	0.000707488104182319
tmobile_app_lag1	0.000428501941622657	0.000353812782688422	0.000554094665664914
ctarjeta_visa_debitos_automaticos_lag1	0.000427467327629617	0.000364619180718867	0.000801402454295016
Master_msaldototal_lag3	0.000425702435785618	0.000447019631508329	0.000648009015777611
cextraccion_autoservicio_lag3	0.000418827489094075	0.000357479564553971	0.000610443275732532
mtransferencias_emitidas_lag1	0.000417825120647286	0.000978622363340363	0.000660530929125971
mcuenta_debitos_automaticos_lag2	0.000416761381829335	0.00118764154221777	0.000726270974204859
Master_mpagospesos_lag2	0.0004143159735228	0.000351806776721924	0.000760706235912848
Master_mconsumospesos	0.000413074276430161	0.000900597002486882	0.000629226145755071
Master_mconsumospesos_lag6	0.000410930377575053	0.000439465093337212	0.000763836714249937
Master_msaldopesos_lag1	0.000408501603437968	0.00036043667850638	0.000529050838968194
ctransferencias_emitidas_lag6	0.000407555843668565	0.00112491108021255	0.000516528925619835
mextraccion_autoservicio_lag1	0.000407140705712745	0.000311577598006808	0.000660530929125971
mtarjeta_master_consumo_lag1	0.000406941820519241	0.00113481593652378	0.000569747057350363
mplazo_fijo_dolares_lag6	0.000397080356703516	0.00111489672256727	0.000397570748810418
Master_mpagominimo_lag6	0.000394314485781726	0.00117814171505706	0.00066366140746306
Master_msaldototal_lag1	0.000393049794330001	0.000550165196722895	0.000613573754069622
ccaja_seguridad_lag3	0.000389419394771541	0.001552440188178	0.000134610568494866
ccajas_consultas	0.000389042778609791	0.00353992706876699	0.000525920360631104
ccomisiones_mantenimiento_lag1	0.000387703249984096	0.000468841605373749	0.000316178312046081
cliente_vip_lag1	0.000387356471819676	0.00298581591447063	0.000259829701978462
mpagomiscuentas_lag6	0.000387148470268851	0.000420295526669448	0.000644878537440521
ctransferencias_recibidas_lag3	0.00037872472250741	0.000566989374680358	0.000582268970698723
ctarjeta_master	0.000376698680771849	0.000371460379401534	0.000156523916854495
Master_mpagospesos_lag1	0.000376598876051146	0.000466560571219597	0.000735662409216128
Master_msaldototal_lag2	0.000372135211680175	0.000373425794063203	0.000594790884047082
Visa_mpagado	0.000370859916672794	0.0015437734006601	0.000579138492361633
Master_mpagospesos_lag3	0.000366744182193325	0.000402914935072015	0.000641748059103431
mpagomiscuentas_lag1	0.000365587049905003	0.000588421413649313	0.000500876533934385
matm_lag2	0.000364491097632574	0.000385470566851586	0.000629226145755071
cextraccion_autoservicio_lag6	0.000362948070812298	0.000373977210281221	0.000619834710743802
mpagomiscuentas_lag3	0.000362699753633541	0.000358063922961586	0.000510267968945655
ctransferencias_recibidas_lag6	0.00036252487648965	0.000805285729084499	0.000610443275732532
Master_msaldopesos_lag3	0.00036086569597912	0.000459429488067692	0.000619834710743802
matm_lag6	0.000358393063242991	0.000566897721281852	0.0006824442774856
Master_msaldodolares_lag1	0.000357493462344752	0.000111326956877917	9.70448284497871e-05
ctransferencias_emitidas	0.000355465882226823	0.00124493474114794	0.000488354620586026
thomebanking_lag6	0.000348380209859205	0.000124028771666647	0.000369396443776609
matm_lag3	0.000347406430766007	0.00030691099179034	0.000626095667417981
Master_cconsumos_lag6	0.000345431146324488	0.00044420662688688	0.000632356624092161
cextraccion_autoservicio_lag2	0.000345038610719726	0.00045736011343101	0.000585399449035813
Visa_msaldodolares	0.000341815034511394	0.000376525113566782	0.000419484097170048
cextraccion_autoservicio_lag1	0.00034010483136386	0.000194110305377831	0.000422614575507138
Master_mconsumospesos_lag2	0.000338487393763444	0.000321732461399873	0.000601051840721262
Master_mpagominimo_lag2	0.000337078429544306	0.000800072806060167	0.000560355622339093
ctransferencias_emitidas_lag2	0.000327947338868177	0.000405689218172359	0.000460180315552216
thomebanking_lag1	0.000326346741036691	0.000204963719969899	0.000569747057350363
ccaja_seguridad_lag1	0.000325403810079302	0.0012001164672507	0.000150262960180316
ctransferencias_emitidas_lag3	0.000322285097966854	0.000835679675435022	0.000432006010518407
Master_mconsumospesos_lag1	0.000321775847423496	0.000552811926577246	0.000607312797395442
mpagomiscuentas_lag2	0.000319060785448454	0.000335059191904978	0.000510267968945655
matm_lag1	0.000315032131955707	0.000288567257599031	0.000550964187327824
matm_other_lag6	0.000312560194064413	0.00122468814505952	0.000547833708990734
internet_lag6	0.000311533082861299	0.000158765171728163	0.000444527923866767
ctarjeta_debito_lag6	0.000311407644584755	0.00116580331823199	0.000525920360631104
ccallcenter_transacciones_lag1	0.000310234516780381	0.000559391899475742	0.000522789882294015
mtarjeta_master_consumo_lag6	0.00030883192540505	0.000146646083535798	0.000482093663911846
cpagomiscuentas_lag3	0.000298201489349268	0.000570054630124106	0.000428875532181317
ctarjeta_debito	0.000296153560753765	0.00121993321705918	0.000507137490608565
cextraccion_autoservicio	0.000292161586035221	0.00163109977967041	0.000388179313799149
mtarjeta_master_consumo_lag3	0.000290141370399325	0.000219280279982021	0.000504007012271475
ccuenta_debitos_automaticos_lag3	0.000289478163020135	0.000638607666635642	0.000441397445529677
tmobile_app_lag3	0.000288719270235902	0.000114102157872088	0.000375657400450789
ccomisiones_mantenimiento_lag6	0.000288415865075886	0.000381944324729889	0.000422614575507138
ccuenta_debitos_automaticos	0.000287797342517039	0.000984178034719199	0.000369396443776609
matm_other_lag2	0.000287073567751666	0.000318152165530541	0.000488354620586026
mprestamos_prendarios	0.00028586462047284	0.0047953207001414	0.000275482093663912
mtarjeta_master_consumo_lag2	0.000285173403784658	0.000219977981279332	0.000519659403956925
Master_msaldopesos_lag2	0.000283571689672575	0.000286471875970563	0.000500876533934385
catm_trx_lag6	0.000280288479502157	0.000317962705445275	0.000522789882294015
ctarjeta_visa_lag1	0.000275593380296608	0.000146062303061334	3.75657400450789e-05
catm_trx_other_lag6	0.000275512661423546	0.000985286136545728	0.000425745053844227
Master_mpagominimo_lag1	0.000271562477641773	0.000850551391232608	0.000463310793889306
ctransferencias_emitidas_lag1	0.000270682348383118	0.000407902770132136	0.000378787878787879
mcheques_emitidos_rechazados_lag1	0.000269591722851525	0.000722620244951284	0.000147132481843226
thomebanking_lag2	0.000268744081763771	0.000128004679775749	0.000491485098923115
catm_trx_lag3	0.000267106861028846	0.0011196701784245	0.000453919358878037
ctarjeta_debito_lag3	0.000266391994431282	0.000222511810192867	0.000410092662158778
ctarjeta_master_transacciones_lag3	0.000265868096472972	0.000326422864863728	0.000413223140495868
ccallcenter_transacciones_lag3	0.00026487262252779	0.00021989186923986	0.000453919358878037
Visa_msaldodolares_lag1	0.000261029469542196	0.00035530160647707	0.000400701227147508
Master_cconsumos_lag2	0.000258865562268831	0.000562573149502466	0.000453919358878037
cpagomiscuentas_lag2	0.000256026474770563	0.000588463262808646	0.000372526922113699
Master_cconsumos	0.000255413259070947	0.00080338830655822	0.000391309792136238
internet_lag2	0.000254334490080144	0.000208107642314294	0.000525920360631104
ccuenta_debitos_automaticos_lag2	0.000254130645610162	0.000553898780861465	0.000400701227147508
ctarjeta_master_transacciones_lag2	0.00025359502574357	0.00039797302869935	0.000406962183821688
ctransferencias_recibidas_lag2	0.000245732081330406	0.000317876355433329	0.000450788880540947
Master_mconsumototal_lag6	0.000244559480117233	0.00019657430636832	0.000463310793889306
Visa_mpagosdolares_lag6	0.000241657484432775	0.00117186427316499	0.000457049837215127
Visa_mpagado_lag2	0.000240266966001859	0.000266503673680501	0.000400701227147508
catm_trx	0.000239880889600085	0.000465503225522137	0.000284873528675182
cinversion1	0.000237972855058124	0.005251583318519	0.000178437265214125
internet_lag3	0.000237552386735417	0.000194589241979523	0.000428875532181317
ctransferencias_recibidas_lag1	0.000235994449993934	0.000451899189092841	0.000441397445529677
Visa_msaldodolares_lag3	0.000233211730151756	0.000644142022480033	0.000397570748810418
tmobile_app_lag2	0.000233145429167174	0.000619174018514021	0.000469571750563486
Master_cconsumos_lag1	0.000232826504934288	0.000337722443848229	0.000363135487102429
ctarjeta_debito_lag1	0.000232494098679052	0.000570539448045509	0.000438266967192587
mdescubierto_preacordado_lag6	0.000231808148371549	0.000745925229277776	0.000187828700225394
Visa_status_lag1	0.000231709065876054	0.00157328290531346	0.000140871525169046
Visa_msaldodolares_lag6	0.000231274610449425	0.00117187114037066	0.000457049837215127
Visa_Finiciomora_lag2	0.000229854922151648	0.00173995178882404	0.000378787878787879
Master_mpagominimo_lag3	0.000224817103169838	0.000529875629604909	0.000391309792136238
matm_other_lag1	0.000224551020864166	0.000353159310275182	0.000397570748810418
Visa_mpagosdolares	0.000220815769937995	0.00057476526124824	0.000313047833708991
ctarjeta_debito_lag2	0.000219238497521455	0.000322326950635661	0.000372526922113699
Master_mconsumototal	0.000219142859403057	0.00046165453069835	0.000306786877034811
ccallcenter_transacciones_lag2	0.0002178655330679	0.000935859015751035	0.000453919358878037
Master_cconsumos_lag3	0.000217504906354119	0.000359837599801453	0.000360005008765339
matm	0.000216194870634369	0.000452706119755657	0.00035374405209116
mttarjeta_master_debitos_automaticos_lag6	0.000214585307185622	0.000275473400157639	0.000366265965439519
ctarjeta_master_transacciones_lag1	0.000214490586852442	0.000168797887249998	0.000381918357124969
ctarjeta_master_transacciones_lag6	0.000211454390135621	0.000346652836875044	0.00033809166040571
Visa_mpagado_lag6	0.000209942378471438	0.000329161452092992	0.000375657400450789
mplazo_fijo_dolares_lag3	0.000207338151931264	0.000749173859510673	0.000244177310293013
catm_trx_other_lag3	0.000206384581799064	0.000288794419323371	0.00033496118206862
thomebanking_lag3	0.000203976328142571	8.82536897488355e-05	0.000444527923866767
catm_trx_lag1	0.000203770510805613	0.000302680181165658	0.000375657400450789
mttarjeta_master_debitos_automaticos_lag3	0.00020318628357171	0.000584962687718059	0.00035061357375407
matm_other_lag3	0.000201391479236028	0.000398549534015327	0.000372526922113699
Master_mconsumototal_lag2	0.000201031352596418	0.00025356585818983	0.000394440270473328
catm_trx_other_lag2	0.000200333521179789	0.000155635731708606	0.000278612572001002
Master_mconsumototal_lag3	0.000197616807872167	0.000194877494637512	0.00035374405209116
minversion2	0.000194701477427373	0.00423196298938866	0.000231655396944653
ccuenta_debitos_automaticos_lag1	0.000194660258469089	0.00034859720797081	0.000300525920360631
catm_trx_lag2	0.000193387114375119	0.000298468646311359	0.00033809166040571
mcheques_emitidos_rechazados	0.000192834514039007	0.00120341041424184	0.000159654395191585
Visa_msaldodolares_lag2	0.000192306787663016	0.000504443307346314	0.000372526922113699
cpayroll_trx_lag6	0.000190889758320263	0.000505171809080957	0.000253568745304283
mdescubierto_preacordado_lag3	0.000189876940116588	3.59762026542967e-05	9.70448284497871e-05
ccallcenter_transacciones_lag6	0.000188819196786617	0.000428768502605422	0.000363135487102429
cpagomiscuentas_lag1	0.000187174997164265	0.000581055927610649	0.000284873528675182
ccomisiones_mantenimiento_lag3	0.000186346455096332	0.000347877919170512	0.000275482093663912
ccajas_transacciones_lag1	0.000185985126803624	0.000160086530887344	0.000216003005259204
ccajas_transacciones	0.000181906219149716	0.000200928998663684	0.000203481091910844
Visa_mpagosdolares_lag1	0.000181596550272718	0.000503819751472647	0.00032243926872026
mprestamos_prendarios_lag1	0.000180816709997388	0.00140764158694504	0.000128349611820686
Visa_mpagado_lag1	0.000179424543761274	0.000419106922154617	0.000306786877034811
ccajas_consultas_lag3	0.000179059192428222	0.000548036056999205	0.000366265965439519
cpagodeservicios_lag6	0.000176651654090177	0.000935642188831275	0.000281743050338092
ccajas_depositos	0.000176295342942739	0.00339799046048903	0.000244177310293013
ccajas_otras_lag1	0.000176131458920499	0.000897070726369118	0.000262960180315552
cseguro_vida_lag6	0.000175520550819103	0.000273512506972973	0.000281743050338092
mpagodeservicios_lag6	0.000173084173324719	0.000226184371389924	0.000269221136989732
Visa_mpagosdolares_lag2	0.000170764262914875	0.000532332389432979	0.000281743050338092
mcheques_depositados	0.0001707528974448	0.00145413641091674	0.000197220135236664
Master_mconsumosdolares_lag6	0.000170097829782244	0.000255506727690623	0.000247307788630103
ccajas_otras	0.000168811028209525	0.000783853826099815	0.000250438266967193
matm_other	0.000167382098394048	0.000223495248439157	0.000288004007012272
Visa_mpagosdolares_lag3	0.000165039642219253	0.00100167084733609	0.000291134485349361
mcheques_depositados_lag6	0.000162162418842192	0.000939050634578407	0.000253568745304283
ccajas_depositos_lag1	0.000158722279486633	0.00105430240347568	0.000212872526922114
tpaquete4_lag6	0.00015762448449034	0.000249871607501583	6.57400450788881e-05
mforex_sell	0.000157403800202094	0.000841438405326202	0.000247307788630103
ccheques_emitidos_rechazados_lag1	0.000156480370534027	0.000817655198315439	8.45229151014275e-05
catm_trx_other_lag1	0.000155422858383218	0.000183694148208461	0.000253568745304283
mcaja_ahorro_adicional	0.00015440726997633	0.000705985017138071	0.000184698221888305
Visa_mpagado_lag3	0.00015162224971403	0.000396199419851618	0.00032243926872026
ccomisiones_mantenimiento_lag2	0.000147870133858586	0.00040672028490949	0.000165915351865765
mforex_sell_lag3	0.000147650737261948	0.000283524382905311	0.000237916353618833
Visa_delinquency_lag1	0.000147460461173496	0.000267891461155959	0.000153393438517405
ccajas_transacciones_lag6	0.000147375385885532	0.00050507794593805	0.000250438266967193
ccajas_consultas_lag1	0.000147291317677339	0.000487736279838128	0.000309917355371901
ccajas_otras_lag2	0.000142560784443941	0.000887149483953255	0.000272351615326822
cseguro_accidentes_personales_lag6	0.00014217998599167	0.000106637539300025	0.000203481091910844
tpaquete3_lag1	0.000141793378262631	4.71056653160505e-05	8.13924367643376e-05
mtarjeta_visa_descuentos	0.000141064046884612	0.00438168639697224	0.000234785875281743
mttarjeta_master_debitos_automaticos_lag2	0.0001396166434812	0.000391155797244409	0.000262960180315552
Master_mconsumototal_lag1	0.000138583054328174	0.000106665620051941	0.000266090658652642
mforex_buy_lag6	0.000138279279878442	0.000435040233158125	0.000231655396944653
ccajas_consultas_lag2	0.000137133247421229	0.000158037383910942	0.000209742048585024
mplazo_fijo_dolares_lag2	0.000136937290546433	0.000670216258488851	0.000222263961933383
mprestamos_prendarios_lag6	0.000136865604705553	0.00166794454785825	0.000190959178562484
mcheques_emitidos	0.000135683496804388	0.00278628082257459	0.000156523916854495
tcuentas_lag2	0.000134243245401437	0.000133419233477582	8.13924367643376e-05
Master_mpagosdolares_lag6	0.000132042987129018	0.000331374324131415	0.000200350613573754
mprestamos_prendarios_lag2	0.000131926613433755	0.000909066238855409	0.000131480090157776
mplazo_fijo_dolares_lag1	0.0001300267897974	0.000993093129515551	0.000190959178562484
mttarjeta_master_debitos_automaticos	0.000127582442936712	0.000794362792533994	0.000212872526922114
mforex_buy_lag1	0.000126523274495255	0.00111232505603039	0.000190959178562484
mcheques_emitidos_rechazados_lag2	0.000125804907057821	0.000537764281129336	0.000115827698472327
active_quarter_lag1	0.00012533695169379	0.000155788578028964	0.000241046831955923
mforex_sell_lag6	0.000124659779386314	0.0019324680525837	0.000231655396944653
ccheques_emitidos_rechazados_lag2	0.000123319029250583	0.000576967322537137	8.76533934385174e-05
ccajas_otras_lag3	0.000123113709101756	0.000995316302362486	0.000222263961933383
Master_mpagado_lag6	0.000122872660154383	0.000157236028603228	0.000197220135236664
mcheques_emitidos_lag3	0.00012169909870408	0.000565188263013861	0.000194089656899574
cseguro_vida_lag3	0.000121396497663726	0.000394780050029271	0.000212872526922114
mforex_buy_lag2	0.000119835260181109	0.00185622058408248	0.000222263961933383
mforex_sell_lag2	0.000119373008815073	0.000211832863420212	0.000181567743551215
minversion2_lag6	0.000119082231607062	0.00136447185036248	0.000197220135236664
tpaquete3_lag2	0.000117912200128359	0.000140400155998477	6.57400450788881e-05
Visa_Finiciomora_lag3	0.000115872431402433	0.00175650838373267	0.000231655396944653
ccajas_extracciones_lag6	0.000114300452475607	0.000417550990128338	0.000222263961933383
mcheques_depositados_lag1	0.000113497411427702	0.000789691936809064	0.000178437265214125
mforex_sell_lag1	0.000113336154515384	0.000199475972734318	0.000200350613573754
catm_trx_other	0.000113156546807476	0.000230262471678519	0.000190959178562484
ccheques_emitidos	0.000111767843769383	0.00171304223543588	0.000128349611820686
ccajas_extracciones_lag3	0.000111079283347522	0.000516022707964016	0.000190959178562484
ccaja_seguridad_lag6	0.000110251471916247	0.00131663945110731	9.70448284497871e-05
ccajas_depositos_lag2	0.000108422423686323	0.000705814390874308	0.000200350613573754
Visa_madelantopesos_lag6	0.000107505507784657	2.38595281827385e-05	4.06962183821688e-05
mcheques_depositados_lag2	0.000105524796306263	0.000192516127775395	0.000184698221888305
mprestamos_prendarios_lag3	0.000105438858289836	0.00136486943437418	0.000134610568494866
cseguro_vivienda_lag6	0.000103459781518462	0.000231891563242478	0.000194089656899574
ccajas_transacciones_lag2	0.000103152559139584	5.56990213277338e-05	0.000187828700225394
mpagodeservicios_lag2	0.000103065468631398	0.000384841367630681	0.000165915351865765
Master_mpagado_lag1	0.000103063556543919	0.000602823371783486	0.000165915351865765
ccajas_consultas_lag6	0.000102822122322611	0.000503926873081955	0.000237916353618833
cseguro_accidentes_personales_lag1	0.000101682003878265	9.21586140685902e-05	0.000200350613573754
tcallcenter_lag1	0.000101600069168578	0.000186914153752358	0.000172176308539945
ccajas_transacciones_lag3	0.000100498172690869	8.40604447789568e-05	0.000200350613573754
active_quarter_lag3	9.88743241114585e-05	0.000722242718619527	0.000206611570247934
Master_msaldodolares_lag6	9.87551165967797e-05	0.00087145377146687	0.000181567743551215
ccheques_depositados	9.85768213214837e-05	0.000951732119718655	0.000106436263461057
tcallcenter_lag3	9.84257660159932e-05	0.000135807933178126	0.000203481091910844
mcajeros_propios_descuentos_lag1	9.74801815796541e-05	0.000185484891074311	0.000118958176809417
Master_mpagosdolares_lag3	9.62522040772799e-05	0.00216732298505505	0.000175306786877035
ctarjeta_master_debitos_automaticos_lag3	9.5923454606713e-05	0.000288880803331385	0.000137741046831956
Master_mconsumosdolares	9.56564130259234e-05	0.000530365750912872	0.000125219133483596
cseguro_vivienda_lag3	9.54609580753239e-05	0.000318637935341839	0.000175306786877035
cseguro_vida_lag1	9.52592337096647e-05	0.000186567835810746	0.000165915351865765
mtarjeta_visa_descuentos_lag1	9.51963171860274e-05	0.00196492746402312	0.000200350613573754
mtarjeta_visa_descuentos_lag3	9.46118204157726e-05	0.000294892905915098	0.000175306786877035
tcallcenter_lag6	9.45993176488131e-05	8.56997351632249e-05	0.000172176308539945
Master_mpagosdolares_lag2	9.41848755738413e-05	0.00073056791364923	0.000144002003506136
mforex_buy	9.39549997185794e-05	0.000666072545789604	0.000134610568494866
mttarjeta_master_debitos_automaticos_lag1	9.28955360624192e-05	0.000142993240058004	0.000178437265214125
mcaja_ahorro_adicional_lag3	9.28614913542342e-05	0.00033546850456003	0.000144002003506136
Master_mpagado	9.17971492060334e-05	0.000182582578783027	0.000156523916854495
cplazo_fijo_lag6	8.99916357152509e-05	0.000310574000092375	0.000106436263461057
cforex_buy	8.90715083176713e-05	0.000495504925243591	0.000112697220135237
ccajas_otras_lag6	8.90015171739642e-05	0.00188728639471887	0.000181567743551215
Master_mpagosdolares_lag1	8.8242163881434e-05	0.000431278228306961	0.000134610568494866
cseguro_accidentes_personales_lag3	8.78842048547966e-05	9.40469936408619e-05	0.000147132481843226
mcheques_depositados_rechazados_lag2	8.7619731503791e-05	0.00112225738116432	0.000112697220135237
mcheques_emitidos_lag1	8.66454188386296e-05	0.000516515039016379	0.000109566741798147
mcheques_depositados_rechazados_lag3	8.53379140521536e-05	0.00140403239441817	0.000125219133483596
cseguro_vida	8.43461526390694e-05	0.000182094191274516	0.000165915351865765
active_quarter_lag2	8.34552033964641e-05	0.000555264538885056	0.000159654395191585
cseguro_vida_lag2	8.24090293353557e-05	0.00030985335144937	0.000162784873528675
mcaja_ahorro_adicional_lag6	8.02326987474512e-05	0.00023272113528638	0.000112697220135237
mcaja_ahorro_adicional_lag1	8.02125134914434e-05	0.000510754065384731	0.000125219133483596
mpagodeservicios_lag1	7.99167753049307e-05	0.000651863277367129	0.000131480090157776
ccheques_emitidos_rechazados	7.98418025117724e-05	0.000546651839110854	8.13924367643376e-05
mcheques_emitidos_lag6	7.91269536251171e-05	0.000313643063095705	0.000125219133483596
ccajas_extracciones_lag2	7.88992099856772e-05	7.16801308024215e-05	0.000165915351865765
ccajas_extracciones_lag1	7.85848740621973e-05	0.000988696180108042	0.000175306786877035
Master_msaldodolares_lag2	7.75745445618845e-05	0.000118645188382484	0.000147132481843226
active_quarter_lag6	7.6522422447444e-05	0.000396593944217222	0.000165915351865765
tcallcenter_lag2	7.5930331964688e-05	6.20608754558967e-05	0.000134610568494866
tpaquete3_lag3	7.51857562795563e-05	0.000129942183665841	3.4435261707989e-05
ccajas_extracciones	7.45534757979195e-05	0.00108271125144134	0.000150262960180316
ccajas_depositos_lag6	7.44873339401799e-05	0.000580685846417718	0.000156523916854495
mpagodeservicios	7.44379656451308e-05	0.00143832208615017	0.000134610568494866
minversion2_lag3	7.44093686447696e-05	0.000279603378445536	9.70448284497871e-05
cforex_lag2	7.41840584052701e-05	6.60430048453874e-05	0.000137741046831956
minversion2_lag2	7.37853194930193e-05	0.000599173315983243	9.70448284497871e-05
mcheques_depositados_lag3	7.35873255430355e-05	0.000329261842480896	0.000134610568494866
cforex_lag3	7.3532300462637e-05	0.000125652865808655	0.000122088655146506
ccajas_depositos_lag3	7.30347627994381e-05	0.000196806975455627	0.000140871525169046
Master_mconsumosdolares_lag2	7.29509984887337e-05	0.000127082128486701	0.000122088655146506
cforex	7.24732908273516e-05	0.000183004945928073	0.000115827698472327
tcuentas_lag1	7.24508723688075e-05	0.000176253802828732	6.57400450788881e-05
cseguro_vivienda	7.24005200576366e-05	0.000751847718227045	0.000140871525169046
Visa_madelantopesos	7.20131808532624e-05	0.000312563755938514	8.76533934385174e-05
Master_mpagado_lag2	7.08289644659328e-05	8.96240372415659e-05	8.45229151014275e-05
mpagodeservicios_lag3	7.07417546434487e-05	0.000170267061311519	0.000128349611820686
mforex_buy_lag3	7.06660937642151e-05	0.000143257661472539	0.000112697220135237
cforex_lag6	7.04329048343178e-05	0.000308012974324684	0.000122088655146506
mcajeros_propios_descuentos_lag2	7.03580009607686e-05	0.000144861901911013	0.000122088655146506
minversion2_lag1	7.03048808144177e-05	0.000726741010304836	0.000103305785123967
cinversion2_lag6	6.93302962202048e-05	0.000550266063055747	0.000109566741798147
mcheques_depositados_rechazados_lag1	6.89742103565138e-05	0.000318554984936662	8.13924367643376e-05
ctarjeta_master_debitos_automaticos_lag6	6.78837020918578e-05	0.000168129014618093	0.000118958176809417
mtarjeta_master_descuentos_lag1	6.77539637645167e-05	0.00357770370316643	0.000150262960180316
ccheques_emitidos_lag6	6.62872338621718e-05	0.000686122950571354	0.000128349611820686
mcheques_emitidos_rechazados_lag3	6.62511359219114e-05	0.000643230893869731	9.39143501126972e-05
Visa_delinquency_lag3	6.60203169484202e-05	7.00060624409011e-05	7.51314800901578e-05
cpagodeservicios_lag1	6.5757529192463e-05	0.000308626705334787	0.000106436263461057
mcaja_ahorro_adicional_lag2	6.57450218867748e-05	0.000174877064075274	0.000100175306786877
mprestamos_hipotecarios_lag3	6.48666939607501e-05	0.000446105137287325	5.00876533934385e-05
ccheques_emitidos_lag1	6.4627153770674e-05	0.000460146567123589	9.70448284497871e-05
ctarjeta_visa_descuentos_lag3	6.41993475076305e-05	0.000409901092987335	0.000125219133483596
cseguro_vivienda_lag1	6.36424582702071e-05	0.000181298071361227	0.000109566741798147
cprestamos_hipotecarios	6.26955542478244e-05	0.00027463509112434	2.81743050338092e-05
ccheques_emitidos_lag3	6.25093150625721e-05	0.000207225512349736	0.000100175306786877
mcajeros_propios_descuentos_lag6	6.23557711523865e-05	0.000961117414127301	0.000125219133483596
active_quarter	6.23397242796325e-05	0.000180036817249731	0.000144002003506136
mtarjeta_visa_descuentos_lag2	6.21168505481158e-05	0.000346734563421783	0.000137741046831956
ccheques_emitidos_rechazados_lag3	6.20365511621231e-05	0.000208544049835299	6.57400450788881e-05
mcajeros_propios_descuentos	6.17919271025315e-05	7.80345737878268e-05	9.70448284497871e-05
cseguro_accidentes_personales_lag2	6.10804568554081e-05	8.16087163689061e-05	0.000134610568494866
Master_mconsumosdolares_lag1	6.10441011942904e-05	0.000186664044682323	0.000106436263461057
cforex_lag1	6.03765732906897e-05	0.000211808114282929	9.07838717756073e-05
Master_mconsumosdolares_lag3	5.95451948626401e-05	4.94835882631347e-05	0.000112697220135237
cseguro_vivienda_lag2	5.92788028133987e-05	0.000104625652013816	0.000112697220135237
cprestamos_prendarios_lag6	5.90736401880591e-05	0.000467549244860312	5.63486100676183e-05
mprestamos_hipotecarios	5.87571909436821e-05	0.00170782611678118	8.13924367643376e-05
tcuentas_lag3	5.86949492846061e-05	0.000217144035080183	7.51314800901578e-05
Master_msaldodolares_lag3	5.83797513233389e-05	0.000183145111715181	0.000112697220135237
ccheques_depositados_lag6	5.79642311769592e-05	0.000507880513766717	0.000103305785123967
mtarjeta_visa_descuentos_lag6	5.79551026588049e-05	0.000470066449696744	0.000150262960180316
mcajeros_propios_descuentos_lag3	5.79534391160581e-05	0.000178956048261629	0.000118958176809417
Visa_Finiciomora_lag6	5.77904426126202e-05	0.00112304095652863	0.000159654395191585
ctarjeta_visa_descuentos	5.64540805395572e-05	0.000185455246503281	9.39143501126972e-05
cpagodeservicios_lag3	5.64257943434459e-05	0.000114482233908922	7.82619584272477e-05
Master_msaldodolares	5.49374304919507e-05	0.00148532511733784	0.000115827698472327
mcheques_depositados_rechazados	5.47187792088374e-05	0.000349201386085891	7.51314800901578e-05
ccheques_emitidos_lag2	5.45188135758933e-05	0.000118908827887461	8.76533934385174e-05
Master_mpagosdolares	5.37826142132972e-05	0.000337515713760574	5.94790884047082e-05
mtarjeta_master_descuentos_lag2	5.33537395729783e-05	0.000747233567943031	8.45229151014275e-05
Master_mpagado_lag3	5.27443205692768e-05	0.000417524813156212	0.000106436263461057
tpaquete4_lag3	5.27275013232948e-05	0.000107128238541139	5.00876533934385e-05
Master_Finiciomora_lag6	5.21103470184895e-05	0.00216930233810447	0.000131480090157776
mprestamos_hipotecarios_lag2	5.14441575711905e-05	0.000665337992754912	5.00876533934385e-05
Master_Finiciomora_lag2	5.13830769879907e-05	0.00139976949150558	0.000122088655146506
minversion1_dolares_lag6	5.12610074348438e-05	0.000799619196528908	8.45229151014275e-05
cpagodeservicios	5.09154541845063e-05	0.00122009891389313	0.000103305785123967
cplazo_fijo_lag3	5.06563464988694e-05	0.000184181277862467	6.57400450788881e-05
minversion1_pesos	5.03315288747322e-05	0.00124173343344128	7.20010017530679e-05
ccheques_depositados_lag1	5.01601728223213e-05	0.000417563296704843	8.76533934385174e-05
minversion1_pesos_lag6	4.91741660239241e-05	0.00020499380648981	9.39143501126972e-05
ctarjeta_visa_descuentos_lag6	4.89285144356157e-05	0.000137336770338452	0.000100175306786877
cforex_buy_lag6	4.89041617879573e-05	9.5660277033343e-05	8.13924367643376e-05
ccajeros_propios_descuentos	4.86983414662911e-05	0.00124001527217996	0.000100175306786877
cforex_sell_lag3	4.81228763715331e-05	1.94233473131091e-05	6.8870523415978e-05
cforex_sell_lag1	4.79700703007698e-05	2.82729656830798e-05	6.57400450788881e-05
cliente_vip	4.72719145623721e-05	3.17495735459412e-05	6.8870523415978e-05
tcuentas	4.71595825063732e-05	0.000215936290779239	7.20010017530679e-05
ctarjeta_master_debitos_automaticos_lag2	4.68125171686932e-05	0.000110800017828639	7.51314800901578e-05
tcuentas_lag6	4.64042732211397e-05	0.000318646264378424	7.51314800901578e-05
cseguro_accidentes_personales	4.61356422466172e-05	6.78057349514572e-05	9.07838717756073e-05
minversion1_pesos_lag2	4.55379603460723e-05	0.00035552390676373	7.82619584272477e-05
cplazo_fijo_lag1	4.5521706073149e-05	6.2499560713437e-05	4.06962183821688e-05
ctarjeta_visa_lag3	4.5376345342858e-05	9.12801216832755e-05	4.06962183821688e-05
minversion1_pesos_lag1	4.52919819199615e-05	0.000610019829373568	6.26095667417981e-05
Visa_delinquency_lag2	4.51173401732896e-05	0.000256443591324171	7.51314800901578e-05
cpagodeservicios_lag2	4.46038097567433e-05	3.93808748379148e-05	7.51314800901578e-05
ccajeros_propios_descuentos_lag1	4.38431511356977e-05	0.00107359673571189	7.82619584272477e-05
mcheques_emitidos_lag2	4.29046782952673e-05	0.000170528321091757	7.82619584272477e-05
ctarjeta_visa_descuentos_lag2	4.24039754607887e-05	6.09048731699852e-05	7.51314800901578e-05
minversion1_pesos_lag3	4.22602014108602e-05	0.000152049180562818	7.20010017530679e-05
ctarjeta_visa_descuentos_lag1	4.19848306708466e-05	8.76412845853721e-05	8.13924367643376e-05
ccheques_depositados_lag3	4.19483601108244e-05	6.20366022635622e-05	8.13924367643376e-05
tpaquete4_lag2	4.19309606969094e-05	6.93621429226842e-05	5.63486100676183e-05
ctarjeta_visa_lag6	4.18428397493001e-05	6.83561652835121e-05	4.69571750563486e-05
tpaquete4_lag1	4.17106120279198e-05	0.000138079074476579	5.63486100676183e-05
ctarjeta_master_debitos_automaticos_lag1	4.02264256815467e-05	5.55890100526718e-05	7.51314800901578e-05
mtarjeta_master_descuentos_lag6	3.99012360296558e-05	0.000218460702782023	6.26095667417981e-05
ctarjeta_master_debitos_automaticos	3.90190123450282e-05	0.000290233812829591	7.20010017530679e-05
minversion1_dolares_lag3	3.84288309403765e-05	0.000436764921664444	5.32181317305284e-05
ctarjeta_visa_lag2	3.81855488151341e-05	0.000305791059332253	6.57400450788881e-05
Master_Finiciomora_lag3	3.70379712167937e-05	0.000495859470233585	8.13924367643376e-05
ccajeros_propios_descuentos_lag3	3.6477912664034e-05	0.000105170982935717	7.51314800901578e-05
cforex_sell	3.57329517296344e-05	0.000161900867024176	5.63486100676183e-05
ctarjeta_master_descuentos_lag1	3.46641241827681e-05	9.70139664529028e-05	5.63486100676183e-05
Visa_cadelantosefectivo_lag6	3.46431755569888e-05	0.000565780780477722	5.94790884047082e-05
cplazo_fijo_lag2	3.38130688856622e-05	0.000227221183462496	4.38266967192587e-05
Master_madelantopesos	3.34818782450487e-05	2.13482386620856e-05	3.13047833708991e-05
cforex_sell_lag2	3.31346131046366e-05	8.40536795614854e-05	6.8870523415978e-05
Master_delinquency_lag3	3.19101500829852e-05	6.80784854025767e-06	1.87828700225394e-05
mtarjeta_master_descuentos_lag3	3.14809798826249e-05	4.83819796855357e-05	5.94790884047082e-05
cforex_buy_lag2	3.14523935877435e-05	0.000111841555354621	4.38266967192587e-05
cseguro_auto_lag6	3.1314965617923e-05	9.34304409571396e-05	4.69571750563486e-05
tpaquete3_lag6	3.07556935725843e-05	4.26324627287009e-05	4.06962183821688e-05
ccajeros_propios_descuentos_lag2	3.06265938986428e-05	0.00075674434183754	6.8870523415978e-05
mcheques_depositados_rechazados_lag6	3.00711369754711e-05	0.000318213732409137	5.32181317305284e-05
cinversion1_lag3	2.82613656638017e-05	0.000429207595815775	4.38266967192587e-05
cseguro_auto_lag1	2.81377358239865e-05	0.000139877670434067	4.69571750563486e-05
ctarjeta_master_lag3	2.79752459314758e-05	5.61899245452542e-05	2.81743050338092e-05
mplazo_fijo_pesos_lag6	2.65404176680122e-05	0.000664337114525894	5.94790884047082e-05
cseguro_auto	2.59117054164998e-05	5.74658649579948e-05	4.38266967192587e-05
cforex_buy_lag3	2.5850587339454e-05	5.23908979763704e-05	4.38266967192587e-05
mtarjeta_master_descuentos	2.55604451094589e-05	0.000297219868756707	6.26095667417981e-05
ccheques_depositados_rechazados_lag1	2.51094690802649e-05	0.000317145168009338	3.75657400450789e-05
mpayroll2_lag2	2.50814207727397e-05	0.0021097540440198	5.00876533934385e-05
cforex_buy_lag1	2.4846814082123e-05	0.000223086343736918	4.69571750563486e-05
ctarjeta_master_descuentos_lag3	2.47154024932355e-05	4.73893625009679e-05	5.00876533934385e-05
mprestamos_hipotecarios_lag1	2.45938530192e-05	0.000645043428214975	3.75657400450789e-05
Visa_status_lag2	2.42752685989606e-05	3.11384262369825e-05	3.75657400450789e-05
cforex_sell_lag6	2.42450553671662e-05	0.000172159248443372	5.00876533934385e-05
cliente_vip_lag3	2.392785047379e-05	7.32979016758385e-05	5.94790884047082e-05
ccheques_depositados_rechazados_lag2	2.38112463887098e-05	4.67995647225219e-05	3.75657400450789e-05
ccheques_depositados_rechazados	2.33187770054799e-05	0.000391390030150829	3.75657400450789e-05
ctarjeta_master_descuentos_lag2	2.31556525789594e-05	2.87829406945772e-05	5.63486100676183e-05
cprestamos_prendarios_lag2	2.304108529773e-05	9.90927580003359e-05	2.19133483596294e-05
Visa_cadelantosefectivo	2.26877654438607e-05	0.000179924800206675	3.75657400450789e-05
mprestamos_hipotecarios_lag6	2.26444975208932e-05	0.00133472593705437	5.63486100676183e-05
cinversion2_lag3	2.2253517910741e-05	0.00111623926127662	5.00876533934385e-05
cinversion2_lag2	2.14515963501435e-05	9.51026735310045e-05	2.81743050338092e-05
ctarjeta_master_lag6	2.14293196282042e-05	4.63464651322787e-05	3.75657400450789e-05
cprestamos_prendarios	2.1318307528254e-05	0.000631268357569104	3.75657400450789e-05
Master_madelantopesos_lag3	2.10252227466899e-05	1.07813429285538e-05	3.75657400450789e-05
mpayroll2_lag6	2.07349472162054e-05	0.00121851779078069	5.32181317305284e-05
cpayroll2_trx_lag2	2.02012600587078e-05	0.00192226828038521	5.00876533934385e-05
ccheques_depositados_lag2	1.98000969226421e-05	0.000136654095303062	4.06962183821688e-05
Master_madelantopesos_lag2	1.9749250580716e-05	6.66353523289106e-06	3.13047833708991e-05
ccajeros_propios_descuentos_lag6	1.9733996012129e-05	0.000728564049434997	4.06962183821688e-05
cinversion1_lag6	1.9665159037537e-05	0.000116136652543315	3.75657400450789e-05
Visa_status_lag6	1.95639173651851e-05	0.000294355496076971	4.06962183821688e-05
cprestamos_hipotecarios_lag2	1.94364827386776e-05	4.57461965649825e-05	1.87828700225394e-05
cinversion2_lag1	1.93774910067068e-05	0.000224073657534925	3.13047833708991e-05
Master_cadelantosefectivo	1.9348952417811e-05	3.81257400186037e-05	1.25219133483596e-05
ctarjeta_master_descuentos	1.92970912753421e-05	0.000228498687694351	4.38266967192587e-05
cseguro_auto_lag3	1.88950686915245e-05	4.53858042513445e-05	3.4435261707989e-05
ctarjeta_master_lag2	1.8879330748328e-05	8.94218966230496e-05	3.13047833708991e-05
mcheques_emitidos_rechazados_lag6	1.87196009455581e-05	7.01982422115827e-05	2.81743050338092e-05
cliente_vip_lag6	1.86711101545078e-05	5.62275581921929e-05	3.4435261707989e-05
Master_delinquency_lag6	1.8539297184132e-05	2.67195153697423e-05	2.81743050338092e-05
Visa_madelantopesos_lag3	1.8335042748544e-05	5.77239291078699e-05	3.75657400450789e-05
ctarjeta_master_descuentos_lag6	1.80342114177223e-05	2.10676011232608e-05	3.75657400450789e-05
cseguro_auto_lag2	1.76857895428267e-05	5.89436060285747e-05	2.81743050338092e-05
ctarjeta_master_lag1	1.76105242976696e-05	4.17105913610071e-05	3.13047833708991e-05
cprestamos_prendarios_lag3	1.7452435812676e-05	0.00153191329451144	4.69571750563486e-05
cpayroll2_trx_lag6	1.70266501965956e-05	0.000742425572081018	3.4435261707989e-05
cprestamos_prendarios_lag1	1.70122367975106e-05	0.000672169366574014	3.4435261707989e-05
Master_status_lag6	1.68298812593623e-05	2.01765641889666e-05	2.50438266967193e-05
cinversion1_lag2	1.5895610147052e-05	0.000338947254175156	2.19133483596294e-05
Master_delinquency_lag2	1.48234786523417e-05	5.43916685484428e-06	2.19133483596294e-05
mplazo_fijo_pesos_lag3	1.44477357271986e-05	0.000567078070420975	3.13047833708991e-05
Visa_madelantopesos_lag1	1.43168285538751e-05	1.59179447809098e-05	2.50438266967193e-05
ccheques_emitidos_rechazados_lag6	1.34343290921433e-05	7.28034628672778e-05	1.87828700225394e-05
Master_cadelantosefectivo_lag2	1.27070047202348e-05	0.000636418727828876	3.13047833708991e-05
ccheques_depositados_rechazados_lag3	1.27035671265633e-05	0.000141850122281749	2.19133483596294e-05
mplazo_fijo_pesos_lag2	1.25397360397136e-05	0.000217770412627469	2.19133483596294e-05
Master_status_lag2	1.17197044828181e-05	1.9376942680705e-05	2.81743050338092e-05
Visa_cadelantosefectivo_lag3	1.15209316475174e-05	1.4302383651893e-05	1.87828700225394e-05
minversion1_dolares	1.13038550319356e-05	0.00130931360448358	4.06962183821688e-05
cprestamos_hipotecarios_lag1	1.12899004884582e-05	7.99351239523334e-05	9.39143501126972e-06
Master_cadelantosefectivo_lag6	1.10721624764993e-05	3.22142317992008e-05	2.50438266967193e-05
Visa_madelantopesos_lag2	1.0562210058211e-05	9.12060102556998e-06	2.19133483596294e-05
cinversion2	8.97930433930852e-06	0.000203913173485979	2.19133483596294e-05
Master_cadelantosefectivo_lag3	8.74383681958769e-06	3.0952365758486e-05	1.56523916854495e-05
Master_madelantodolares_lag3	8.69595500753107e-06	1.42059368078414e-06	9.39143501126972e-06
Visa_madelantodolares_lag3	8.55694815212129e-06	6.42729655847631e-07	9.39143501126972e-06
cprestamos_hipotecarios_lag3	8.25898075912699e-06	5.26224111973755e-05	9.39143501126972e-06
Visa_cadelantosefectivo_lag1	8.06016376988919e-06	8.40308002079265e-06	1.56523916854495e-05
Master_madelantopesos_lag1	7.84219522011134e-06	6.73010633265203e-05	1.56523916854495e-05
Master_madelantopesos_lag6	7.46373751851377e-06	8.10976194871747e-06	1.25219133483596e-05
ccuenta_corriente	7.45048990670275e-06	0.000429055361424635	1.87828700225394e-05
minversion1_dolares_lag2	7.23115445956763e-06	4.67648887334727e-05	1.56523916854495e-05
minversion1_dolares_lag1	6.27215102507399e-06	2.16226209244545e-05	1.25219133483596e-05
ccheques_depositados_rechazados_lag6	6.20670221147749e-06	0.000254036975695952	1.87828700225394e-05
Master_cadelantosefectivo_lag1	5.98970189093894e-06	6.88940510665873e-06	1.25219133483596e-05
mplazo_fijo_pesos	5.82357672338717e-06	0.000728812458701647	2.19133483596294e-05
ccuenta_corriente_lag3	5.61128745526631e-06	0.000235978604496877	9.39143501126972e-06
cpayroll2_trx_lag3	5.10478629616957e-06	0.00110864984314005	2.50438266967193e-05
ccuenta_corriente_lag6	4.96570440373375e-06	0.000243877624821951	1.25219133483596e-05
Visa_madelantodolares_lag6	4.77692718111041e-06	2.32492307754722e-06	1.56523916854495e-05
Visa_cadelantosefectivo_lag2	4.38737766517963e-06	1.66352958053486e-06	1.25219133483596e-05
Visa_madelantodolares	4.11802843683591e-06	7.20376674463732e-08	3.13047833708991e-06
cinversion1_lag1	3.88215721692832e-06	3.61242555291098e-05	1.25219133483596e-05
cprestamos_hipotecarios_lag6	3.79924865392514e-06	9.79499461886902e-05	9.39143501126972e-06
ccuenta_corriente_lag2	2.88354710886347e-06	2.62667217441084e-06	3.13047833708991e-06
Master_madelantodolares_lag1	2.85540501738926e-06	6.16348707316067e-08	3.13047833708991e-06
Master_status_lag3	2.84164359188582e-06	1.70197233388473e-05	6.26095667417982e-06
ccuenta_corriente_lag1	1.9608091529211e-06	2.15409283737826e-06	3.13047833708991e-06
mplazo_fijo_pesos_lag1	1.545710294302e-06	0.000142604223055367	6.26095667417982e-06
mpayroll2_lag3	1.31781450878174e-06	0.000250403407988541	6.26095667417982e-06
Visa_madelantodolares_lag2	8.50024561678576e-07	7.69466996215767e-07	3.13047833708991e-06
Master_madelantodolares	8.28603538106476e-07	1.1466193712276e-06	3.13047833708991e-06
