Feature	Gain	Cover	Frequency
ctrx_quarter	0.176003770327543	0.0230630002423081	0.0050162384642593
mcaja_ahorro	0.0613674909454128	0.0184029740470528	0.00471880124762854
mdescubierto_preacordado_delta1	0.0447369813028349	0.00416914911728533	0.00127013730345027
mcuentas_saldo	0.0335068900175207	0.0192759716724131	0.00760474613331618
Visa_status	0.0309648830299233	0.00273430754892493	0.00059487443326152
mtarjeta_visa_consumo	0.0237072519024564	0.0194339551270901	0.00346474163156372
foto_mes	0.0208267820288655	0.01824961032353	0.0124521688800283
Visa_Finiciomora	0.0171723869705201	0.0116428785203607	0.00268497379336956
mdescubierto_preacordado	0.0160058885339862	0.00418344917914986	0.00197755554840992
mprestamos_personales	0.0152196255872283	0.0155777210078264	0.00724299816714364
mprestamos_personales_delta1	0.0147630868452616	0.0112967622257929	0.00604521045692788
ctarjeta_visa_transacciones	0.0144620380259326	0.0200724779466927	0.0038747226598926
cpayroll_trx	0.0144480237853543	0.0263553044758752	0.00226695392134795
ctarjeta_visa	0.0120335249941472	0.00338025096994341	0.000667224026496029
mpayroll	0.00914981026748062	0.0209754698009375	0.00291006141676581
ctrx_quarter_delta1	0.00910652214011697	0.0103049275120602	0.00905977684169909
mcuenta_corriente	0.00864702787291989	0.00513404036256132	0.00598089970738609
mrentabilidad	0.00648716622971301	0.00169509570254919	0.00457410206115952
cproductos_delta1	0.0057395043127809	0.0128258952519182	0.00280555644876041
mcaja_ahorro_lag1	0.00554639892412909	0.00398228673223451	0.0044294028746905
mactivos_margen	0.00520461804929399	0.00795305664963908	0.0074037750409981
ccaja_ahorro	0.00476057772563974	0.00774659666067848	0.00307083829062028
Visa_mpagospesos	0.00439489516682127	0.00282029501404476	0.0033200424450947
cproductos	0.00431543440475726	0.00758408410858628	0.00423647062606515
mpasivos_margen	0.00428146764550693	0.00230434576660256	0.00426058715714332
mcuenta_corriente_delta1	0.00428048825171973	0.00191517959690867	0.00423647062606515
mrentabilidad_annual	0.00398973126501276	0.00346754291352116	0.00646323032894948
mcuentas_saldo_delta1	0.00395924044054707	0.00873179741630471	0.00658381298434033
Visa_delinquency	0.00384604925212366	0.000967560984342192	0.000225087623396251
mcuenta_corriente_lag1	0.00372902696929818	0.00318550496016087	0.0050483938390302
cliente_edad	0.00370553319632277	0.00499614364625859	0.00721084279237275
Visa_mpagominimo	0.00365175814968312	0.0158039208812807	0.00400334415897617
mautoservicio	0.00358787322858479	0.0155086414105823	0.002178526640728
cliente_edad_lag1	0.00352951286254105	0.00649699254390519	0.00725103701083636
mprestamos_personales_lag1	0.00338664548384373	0.00133703754968805	0.00197755554840992
Visa_fechaalta	0.00335882882064833	0.00167334921584637	0.00405157722113251
mcuentas_saldo_lag1	0.00327896587527087	0.00151249432606809	0.00434901443776327
mrentabilidad_annual_delta1	0.0032399581682278	0.00275287171241535	0.00679282292035114
numero_de_cliente	0.00319886795866169	0.00880414968277405	0.00718672626129458
mrentabilidad_annual_lag1	0.00319263290070118	0.00357999463918553	0.00604521045692788
mcomisiones_mantenimiento	0.0031769830417446	0.0072997921804546	0.00386668381619988
Visa_msaldopesos	0.00309245036499951	0.00384853708494388	0.00245184732628059
cprestamos_personales_delta1	0.00279895714826773	0.00210604792129229	0.000771728994501431
chomebanking_transacciones	0.00268896763073512	0.00246971659032442	0.00500016077687385
mes	0.00257711875995905	0.00857091720662473	0.00457410206115952
mactivos_margen_lag1	0.00250447012141806	0.00340608043465718	0.00509662690118653
Master_fechaalta_lag1	0.00243708606921959	0.00387409989944295	0.00462233512331586
Visa_fechaalta_lag1	0.00241333885847117	0.00165688631647025	0.00444548056207595
Master_Fvencimiento_lag1	0.00238175150344118	0.00180663533630034	0.0051207434322647
Visa_Fvencimiento	0.00237274487844197	0.00109424846507532	0.0049117334962539
mcaja_ahorro_dolares_delta1	0.00236617549896343	0.00534034123895787	0.00405157722113251
mcomisiones	0.00236238700651698	0.00101790939306254	0.00306279944692755
Visa_mpagominimo_lag1	0.0022763559136049	0.00222382358787668	0.00324769285186019
Master_Fvencimiento	0.00227318960670408	0.00101952346486388	0.00458214090485225
mttarjeta_visa_debitos_automaticos_delta1	0.00222629340917359	0.00324358528999739	0.004357053281456
Master_Finiciomora	0.0021339050375547	0.00485818341440701	0.00190520595517541
Visa_Fvencimiento_lag1	0.00209264443642967	0.00126028199406505	0.00488761696517573
Visa_Finiciomora_lag1	0.00208789744799338	0.00236088071925739	0.0018328563619409
ccomisiones_mantenimiento_delta1	0.00207727676600538	0.00301643225172114	0.00224283739026978
ccaja_seguridad	0.00204544740852974	0.0107157817600473	0.00143091417730474
Visa_mfinanciacion_limite	0.00204220482017905	0.00183561950251557	0.00419627640760153
ctarjeta_master	0.00202983577215152	0.000530568541476359	0.000409981028328885
Master_fechaalta	0.00198394729767837	0.00218207265248008	0.00416412103283064
mcaja_ahorro_delta1	0.00197395189472081	0.00249114269395299	0.00384256728512171
ctrx_quarter_lag1	0.00193576310610009	0.000885607224129164	0.00367375156757452
mpayroll_delta1	0.00192718305517628	0.00834560446483965	0.00327984822663108
tcallcenter	0.00191330731818629	0.00121090149613212	0.00081996205665777
Visa_fultimo_cierre_lag1	0.001896430853399	0.00233099726494285	0.00292613910415126
mcuenta_debitos_automaticos	0.00187449243833104	0.0111629043934678	0.00298241101000032
Visa_status_lag1	0.00186564456329859	0.000648011524693348	0.000401942184636162
canarito6	0.00185303600475331	0.000723674152514328	0.00443744171838323
canarito33	0.00185116462280603	0.000818527755255687	0.00454194668638863
canarito93	0.00185005188935415	0.000665255168992671	0.00453390784269591
mtransferencias_recibidas	0.00184888212407923	0.00787736021399482	0.00281359529245313
chomebanking_transacciones_delta1	0.00182782800479992	0.0014691464385764	0.00395511109681983
mcaja_ahorro_dolares_lag1	0.00182687577505239	0.00407444247067794	0.00334415897617287
mpasivos_margen_lag1	0.00181016059471768	0.000824411827069109	0.0037702176918872
Visa_mpagospesos_delta1	0.00180577120640658	0.00311823336214699	0.00376217884819448
cliente_antiguedad	0.00180119653271946	0.00332484476699697	0.00405157722113251
ccaja_ahorro_delta1	0.00180111373893138	0.0109824547051097	0.0015916910511592
canarito43	0.00179786626196898	0.000657501452620204	0.00454998553008135
Master_mfinanciacion_limite	0.00177540286592314	0.00174017203298906	0.00348081931894916
canarito66	0.00176983075534438	0.00067651101619948	0.00424450946975787
Visa_mpagominimo_delta1	0.00176281134710834	0.00229165531678396	0.00282967297983858
canarito56	0.00176149687657015	0.000895328627748195	0.00451783015531046
Visa_mpagospesos_lag1	0.00174998510072306	0.00381752689500404	0.00371394578603814
canarito87	0.00174181870573915	0.000732080287944603	0.00437313096884144
Visa_mfinanciacion_limite_lag1	0.00173723441736682	0.00147596152029779	0.00327180938293836
canarito64	0.00173425246453412	0.000544915862361941	0.00422843178237242
canarito81	0.00172076317883416	0.000890038063062223	0.00443744171838323
canarito38	0.00172033543670409	0.000854457055414628	0.00430882021929966
mpagomiscuentas	0.00170110066688926	0.0115776082735536	0.00194540017363902
canarito34	0.00170059213577132	0.000631633864190821	0.00406765490851796
mpasivos_margen_delta1	0.00170002227165448	0.00129290431365468	0.00369786809865269
canarito12	0.00169452621279064	0.00109029640246516	0.00429274253191421
canarito42	0.00169046863059952	0.000618361272427919	0.0040113830026689
canarito50	0.0016833502898656	0.000593066546774324	0.00415608218913791
canarito52	0.00168172057438024	0.000706247226653892	0.00420431525129425
canarito4	0.00167686044279585	0.000626148365034435	0.00413196565805974
mrentabilidad_lag1	0.00167612402434625	0.00122377357308644	0.00371394578603814
canarito47	0.00167601693406645	0.000812011477146888	0.00405961606482524
cmobile_app_trx	0.00167522703090533	0.00159055263379207	0.00337631435094376
canarito79	0.00167498489114461	0.000594419147431768	0.00414000450175247
canarito5	0.0016722128241232	0.000568020488450699	0.00429274253191421
canarito88	0.00167145157248442	0.00251227380634053	0.00434097559407055
canarito17	0.00166941257361936	0.000864757004401018	0.0041158879706743
mtarjeta_master_consumo	0.00165152209187463	0.00459009823744144	0.00165600180070099
canarito46	0.00164910487273617	0.000493455535913307	0.00407569375221068
chomebanking_transacciones_lag1	0.00164516409503915	0.000725743335162277	0.00344866394417827
canarito10	0.00163761821483663	0.000596589609686486	0.00401942184636162
mactivos_margen_delta1	0.00163482462937317	0.000945812267761667	0.00353709122479823
canarito77	0.00163381606762258	0.000461393563011696	0.00409177143959613
canarito35	0.00163063182610597	0.000604915541450889	0.00409177143959613
mrentabilidad_delta1	0.00162811555770312	0.00121824843965212	0.00374610116080903
canarito40	0.00162663276740819	0.000560572768844706	0.00426058715714332
canarito60	0.00162638085704634	0.0006483280234645	0.00410784912698157
canarito89	0.00162602629450607	0.000540898701709086	0.00420431525129425
canarito94	0.00161918450547161	0.000551200520915487	0.0041158879706743
mttarjeta_visa_debitos_automaticos_lag1	0.00161518167099862	0.00151201195316823	0.00320749863339657
canarito36	0.00161351387356113	0.000589082330766284	0.00397118878420528
canarito85	0.00161265728698224	0.000536123526499321	0.00404353837743979
canarito70	0.0016056471784832	0.000826579196267655	0.00407569375221068
canarito57	0.00159898277151399	0.000467912358724356	0.00398726647159073
canarito9	0.00159086272757699	0.000462809319560293	0.00377825653557992
canarito71	0.00159020430487329	0.000460946220771287	0.0038747226598926
canarito3	0.00158916265457024	0.00085926769287307	0.00416412103283064
canarito44	0.00158662679403196	0.000599153321664361	0.00393099456574166
canarito69	0.00158520623425066	0.000519742197488311	0.00419627640760153
canarito53	0.00158436147702527	0.000560406391195234	0.0041158879706743
canarito68	0.00157919586077185	0.000584809237698029	0.00389883919097077
canarito16	0.00157810689578164	0.000718135280156079	0.00403549953374707
canarito21	0.00157270453819797	0.000743045891391958	0.00384256728512171
canarito67	0.00157086856445417	0.000543607283806302	0.00376217884819448
canarito45	0.00156951766792532	0.000414544911384911	0.00394707225312711
canarito32	0.00156913334462952	0.00133921513316512	0.00390687803466349
canarito83	0.00156732779075364	0.000696735575402289	0.00395511109681983
canarito91	0.00156672689596024	0.00106882922592789	0.00389080034727805
cliente_antiguedad_lag1	0.00156528969407789	0.00155445580507904	0.0036657127238818
canarito72	0.00156503397142086	0.000585904898898528	0.00390687803466349
canarito48	0.00156278339046502	0.00167067235555781	0.00390687803466349
canarito29	0.00155629735296363	0.000538943027029518	0.00393903340943439
canarito8	0.00155582467870916	0.000511817355984805	0.00393903340943439
canarito28	0.00155409739647536	0.000640194292772033	0.00399530531528345
canarito55	0.00155117409247254	0.000630727095211469	0.00385060612881443
canarito59	0.0015389675505149	0.000658486914703111	0.00382648959773626
canarito24	0.00153888972013142	0.000541439123360829	0.00392295572204894
canarito61	0.00153687724226243	0.00153135024388028	0.0040113830026689
canarito58	0.00153560524503218	0.000589980467960969	0.00379433422296537
canarito25	0.00153084685106881	0.000586230101385888	0.00381845075404354
canarito15	0.00153068864948591	0.00224743468393082	0.00380237306665809
canarito51	0.00152790131711757	0.000765237778183636	0.00392295572204894
canarito62	0.00152707811290646	0.000727227138946672	0.00399530531528345
canarito65	0.00152569780738242	0.000796949660285429	0.00399530531528345
canarito54	0.0015241459051405	0.000495657072592829	0.00383452844142898
canarito1	0.0015233341041192	0.00070539332735563	0.00397118878420528
canarito63	0.00152109276018339	0.00104613043758159	0.0037702176918872
canarito90	0.00151876870114787	0.000652003149649893	0.00388276150358532
canarito23	0.00151492023034991	0.000530985168949658	0.00377825653557992
canarito19	0.00150957401710536	0.000505957525099991	0.00378629537927265
canarito13	0.00150323985768125	0.000681001989899059	0.00373002347342358
canarito84	0.00150092137509887	0.00053012903977369	0.00379433422296537
canarito75	0.00149967435781939	0.000759935920246057	0.00396314994051256
canarito2	0.00149668504859897	0.000437627166765073	0.00367375156757452
canarito80	0.00149595974293239	0.000491903756824654	0.0038747226598926
canarito7	0.00149433014625866	0.000572150941277319	0.00372198462973086
canarito14	0.00149412647556174	0.000457132194784281	0.00375414000450175
canarito39	0.00149010029041552	0.000486362438794082	0.00365767388018907
Master_mfinanciacion_limite_lag1	0.00148624430624266	0.000983680842209307	0.00309495482169845
canarito31	0.00148457611039666	0.000502469492847273	0.00374610116080903
canarito20	0.00148342694579263	0.000689305550954864	0.00405961606482524
canarito18	0.00147485056906983	0.00155361672367779	0.0038747226598926
canarito86	0.0014748413450996	0.000453240482735265	0.0036335573491109
canarito92	0.00146661037940246	0.00077113997674486	0.0038747226598926
Visa_fultimo_cierre	0.00146185144611219	0.00380730542332659	0.00308691597800572
canarito30	0.00145974204151938	0.000471685959186501	0.00356924659956912
canarito41	0.00145576174726846	0.000572160795898148	0.00359336313064729
canarito49	0.00145348848166624	0.000907649996840706	0.00374610116080903
canarito11	0.00144887251012723	0.000501875697993667	0.00378629537927265
canarito27	0.00144415467095611	0.000717299076016386	0.0036657127238818
canarito26	0.00143764801535163	0.000568656075528405	0.00374610116080903
canarito76	0.00143743316038994	0.00068987711896295	0.00365767388018907
canarito74	0.00142662267925516	0.00104006344386475	0.00372198462973086
ctarjeta_visa_transacciones_delta1	0.00142501708175192	0.00711572203388073	0.00288594488568764
canarito78	0.00142055454920235	0.000657928654029721	0.00361747966172546
canarito37	0.001407762225583	0.000407654445410763	0.0036657127238818
canarito73	0.00140250115927853	0.00053605893197739	0.00360140197434001
mcaja_ahorro_dolares	0.00140094877156449	0.00800531656707411	0.00315122672754751
canarito22	0.00139630512850433	0.000562012910184989	0.0035290523811055
Visa_msaldototal_lag1	0.00137140965027708	0.00161069490331438	0.00202578861056626
canarito82	0.00134774398696324	0.000460142961276409	0.0035290523811055
mpayroll_lag1	0.00134155117812676	0.00335338159097179	0.00194540017363902
mcomisiones_mantenimiento_delta1	0.00131357198850768	0.00179608506555858	0.00224283739026978
Visa_msaldototal	0.00130849745295887	0.00108632326391412	0.00209009936010804
ccomisiones_mantenimiento	0.00128175619376934	0.000930227796338573	0.000996816617897682
mdescubierto_preacordado_lag1	0.00127770825187609	0.000289530198588868	0.000948583555741342
internet	0.00126722873446735	0.000557615879075212	0.00125405961606483
cmobile_app_trx_delta1	0.00126368978744696	0.000581591308373874	0.00285378951091675
Master_fultimo_cierre_lag1	0.00123636857352717	0.000664097358942563	0.00290202257307309
mtransferencias_emitidas	0.00122809842287745	0.002288660591025	0.00254027460690054
mcomisiones_lag1	0.00122436872816497	0.000448529902047431	0.00260458535644233
mcomisiones_otras	0.00122374198541419	0.00227794955329381	0.0026287018875205
ccallcenter_transacciones_delta1	0.00121463969767163	0.00105922212152417	0.0020740216727226
Master_fultimo_cierre	0.00120378772157453	0.00208600714717137	0.00277340107398952
Visa_mconsumospesos	0.00119496093940476	0.0022851313420005	0.0028377118235313
Visa_cconsumos_lag1	0.00118402850903747	0.00234130210527389	0.00263674073121322
mcomisiones_mantenimiento_lag1	0.00118318778293492	0.00326568546407697	0.00280555644876041
ccomisiones_otras	0.00117003432405741	0.00131639708232733	0.00260458535644233
cproductos_lag1	0.00115470564770798	0.00106528026766172	0.00184893404932634
Visa_mlimitecompra_lag1	0.00112988751322345	0.00116079506510863	0.00246792501366603
mttarjeta_visa_debitos_automaticos	0.00111117371605214	0.00108885921031798	0.00251615807582237
tpaquete3	0.00109389040206279	0.00538600251667206	0.00150326377053925
ctarjeta_visa_debitos_automaticos_delta1	0.00108976653525196	0.00116803569381414	0.00201774976687353
Visa_cconsumos_delta1	0.00108617302613228	0.00165033917973127	0.00244380848258786
ccaja_seguridad_lag1	0.00106439766279123	0.00282453911870284	0.000643107495417859
mcomisiones_otras_lag1	0.00102964420498269	0.000968948471796002	0.00225087623396251
Visa_mconsumospesos_lag1	0.001022839924196	0.000385320853487456	0.00250008038843693
cmobile_app_trx_lag1	0.00101902706027016	0.000958735272245523	0.00241165310781697
Visa_mlimitecompra	0.00101897334971915	0.00150496143952004	0.00245988616997331
Master_mpagominimo	0.0010098249416385	0.00453709936730731	0.00160776873854465
Master_status_lag1	0.00100030326548959	0.000607853944814885	0.000337631435094376
Master_status	0.000998494120678233	0.000815503609497324	0.000723495932345091
cprestamos_personales	0.000985902925576435	0.00441723207543483	0.00177658445609184
ccomisiones_otras_lag1	0.00098037220507465	0.000993856853154175	0.00241165310781697
Master_msaldototal	0.000980166399663824	0.00418247026283699	0.0015916910511592
Visa_cconsumos	0.000974287649703319	0.00144435084587122	0.00219460432811344
ccallcenter_transacciones	0.000966391163193091	0.00151142779714084	0.00151934145792469
Visa_msaldopesos_lag1	0.00095614029127054	0.00138103483511291	0.00196147786102447
mtransferencias_emitidas_delta1	0.000951939743432693	0.00117319786070318	0.00209813820380077
ctarjeta_visa_debitos_automaticos_lag1	0.00092689944113055	0.000529875624962151	0.00192128364256085
mcomisiones_delta1	0.000925455446436631	0.000612101214460676	0.00217048779703527
mtransferencias_recibidas_lag1	0.000915705796184636	0.00353601648755003	0.00200167207948809
Visa_mconsumospesos_delta1	0.00091271525814031	0.000612339955238279	0.002178526640728
Master_mpagospesos	0.000892750287911848	0.00102049504415977	0.00158365220746648
cplazo_fijo	0.000877444392524142	0.0146054660589818	0.00106112736743947
mtarjeta_visa_consumo_lag1	0.000858301272346344	0.000643714910011873	0.00144699186469018
Visa_msaldopesos_delta1	0.000855903242552415	0.000703804071935211	0.00196147786102447
Master_msaldopesos	0.000855777739001773	0.0026464105891735	0.00130229267822116
ctarjeta_visa_transacciones_lag1	0.000852864825660456	0.00107024771587496	0.00194540017363902
thomebanking	0.00083818302177119	0.00257527051299768	0.0011415158043667
mprestamos_prendarios	0.00083182596091816	0.00893143153381309	0.00101289430528313
mtarjeta_visa_consumo_delta1	0.000820737302701848	0.000945219048360373	0.00185697289301907
ctarjeta_debito_transacciones	0.000808057732294728	0.00125832013327314	0.00137464227145567
mtransferencias_emitidas_lag1	0.000806871831036825	0.0013823897375796	0.00196951670471719
tmobile_app_delta1	0.00080685804411562	0.0010114775625804	0.00134248689668478
Visa_mconsumosdolares	0.00078999935919683	0.00248784067665986	0.00185697289301907
Visa_mconsumosdolares_lag1	0.000772740770102788	0.000257835723919488	0.00165600180070099
mcomisiones_otras_delta1	0.000758318932101374	0.000993620270322738	0.00195343901733175
ctarjeta_master_transacciones	0.000737255032384893	0.00379352952658602	0.00115759349175215
Visa_msaldototal_delta1	0.000736117531479776	0.000763158668983319	0.00166404064439371
Visa_madelantodolares_lag1	0.000733650917087202	0.000167482589840842	5.62719058490627e-05
Visa_mconsumosdolares_delta1	0.000725152999183499	0.000703601512721673	0.0017283513939355
Master_mlimitecompra_lag1	0.000724882607574977	0.0004807800478548	0.00172031255024277
ccomisiones_otras_delta1	0.000717646737498627	0.000583115753477746	0.00168815717547188
Master_mpagospesos_lag1	0.000702056597358317	0.000774955153636488	0.00174442908132094
mtransferencias_recibidas_delta1	0.000684254330036269	0.000394562473742035	0.00168815717547188
Master_mlimitecompra	0.000681926187776083	0.00135395714240464	0.00175246792501367
ctransferencias_emitidas_delta1	0.000667950666934702	0.00133921038568355	0.00152738030161742
tpaquete3_delta1	0.000665567952057469	0.00366383293378616	0.000739573619730538
mautoservicio_lag1	0.000650381878687139	0.00307094326666599	0.00163992411331554
mplazo_fijo_dolares	0.000627478364916378	0.00597054078826306	0.00105308852374674
ctarjeta_debito_transacciones_lag1	0.000608426478145348	0.000582818460427479	0.00146306955207563
Visa_mpagado_delta1	0.000604760677406729	0.00108226366365331	0.00161580758223737
Master_mpagominimo_lag1	0.000591196970340639	0.0016079893423418	0.00125405961606483
ctarjeta_visa_debitos_automaticos	0.000590996333333173	0.000549755560162098	0.00143091417730474
cpayroll_trx_lag1	0.000575978217246724	0.00112017302328351	0.000522524840027011
mcuenta_debitos_automaticos_lag1	0.000571613956914	0.000448370573688771	0.00133444805299206
mcuenta_debitos_automaticos_delta1	0.000570464299533855	0.00159358987109052	0.00152738030161742
cpagomiscuentas_delta1	0.00056363854860886	0.00315034734155123	0.00131837036560661
ctarjeta_debito_transacciones_delta1	0.000563228371025555	0.000733062081519026	0.00150326377053925
mextraccion_autoservicio	0.000553787169695406	0.000565715730012858	0.0010370108363613
mpagomiscuentas_lag1	0.000536596753936469	0.00301589722493481	0.00118171002283032
tpaquete4	0.000535324053964641	0.00341518488146708	0.000876233962506833
matm_delta1	0.000530448911699235	0.000708393879569235	0.00133444805299206
Master_msaldopesos_lag1	0.00052579190525212	0.00181973558009604	0.00110936042959581
ctransferencias_emitidas	0.000525348487095898	0.00303611955425991	0.00128621499083572
cprestamos_personales_lag1	0.000521648380472527	0.00489858484220234	0.00106916621113219
mautoservicio_delta1	0.000518580130856359	0.000311586494429722	0.00139071995884112
tmobile_app	0.000517223290629555	0.000853673145503714	0.000996816617897682
Master_Finiciomora_lag1	0.000503838808961963	0.00137434354756997	0.000811923212965047
Visa_mfinanciacion_limite_delta1	0.000503561981561086	0.00210592765175925	0.0013505257403775
Master_mfinanciacion_limite_delta1	0.000500728406439711	0.000789971653628441	0.00122994308498666
mextraccion_autoservicio_delta1	0.000494815070218481	0.000453403551533948	0.00119778771021576
ctransferencias_recibidas	0.000483727545874157	0.00201973323960201	0.00106112736743947
mextraccion_autoservicio_lag1	0.000470518142202641	0.000471573026670431	0.000811923212965047
ccajas_consultas	0.000455619635928202	0.00248445449946622	0.00119778771021576
Master_mpagominimo_delta1	0.000455542007524503	0.00308125019301165	0.00110936042959581
ctransferencias_emitidas_lag1	0.000453427778302971	0.00131286294195818	0.00109328274221036
ctransferencias_recibidas_delta1	0.000452155287225364	0.00127721985739252	0.00119778771021576
matm_other_delta1	0.000443586902922068	0.00037904007923701	0.0011415158043667
ccajas_consultas_delta1	0.000439336090070525	0.00155744060428563	0.00118171002283032
mplazo_fijo_dolares_delta1	0.000433388891657817	0.00473492433468086	0.0011415158043667
Visa_mpagado	0.000425856595033323	0.00220355831542286	0.00118974886652304
ccuenta_debitos_automaticos_delta1	0.00042099043531681	0.00304946501267172	0.00113347696067398
ctarjeta_debito	0.000419577555538856	0.00123472673237757	0.0010370108363613
internet_lag1	0.000418263783554631	0.000316174000254502	0.000803884369272324
ctransferencias_recibidas_lag1	0.000417096291379948	0.000567563003863306	0.0010048554615904
Visa_Finiciomora_delta1	0.000411415924998758	0.00100983666031505	0.000763690150808708
ccuenta_debitos_automaticos_lag1	0.000407712561768043	0.000780332611621449	0.00102093314897585
mpagomiscuentas_delta1	0.000402448823467888	0.000578053931085471	0.000964661243126789
Master_Finiciomora_delta1	0.00039966318835292	0.00025882542996319	0.000209009936010804
mcheques_emitidos_rechazados	0.000399271668870328	0.00113764217295728	0.000715457088652368
ccuenta_debitos_automaticos	0.000396877047606812	0.0012847622389037	0.0010048554615904
cextraccion_autoservicio	0.000396254038268085	0.000562391413942672	0.000699379401266922
matm_other_lag1	0.000394962502951962	0.000415697326569601	0.000900350493585003
ctarjeta_debito_lag1	0.000394796759167731	0.000670672405118642	0.00089231164989228
Master_mpagospesos_delta1	0.000391759452482821	0.000774204548028084	0.00110936042959581
Visa_mpagosdolares_lag1	0.000388129058097344	0.000469947661617484	0.000747612463423261
Master_mconsumospesos	0.000385379456894661	0.000540186004021681	0.000900350493585003
mcheques_depositados	0.000371473101465508	0.00477611161453865	0.000828000900350494
Master_fultimo_cierre_delta1	0.000371254934970443	0.000337070040372926	0.00081996205665777
cpagomiscuentas	0.00037094248384957	0.000567822460924112	0.000900350493585003
matm	0.000366035183852666	0.000323928076284664	0.000787806681886877
tcallcenter_delta1	0.000361233718627731	0.000275763868742968	0.00057075790218335
Master_mconsumospesos_lag1	0.000360036361980813	0.000559252105790532	0.000932505868355896
Master_msaldototal_lag1	0.000357282684565301	0.000574227317079158	0.000916428180970449
Master_mconsumospesos_delta1	0.000351135517509248	0.000442407017524866	0.000948583555741342
matm_lag1	0.000349192424464449	0.000423563831595061	0.000836039744043217
mcheques_emitidos_rechazados_lag1	0.00034694616757029	0.00165846809101063	0.000683301713881475
thomebanking_lag1	0.000345805408110097	0.000214136163134134	0.000667224026496029
Master_cconsumos_lag1	0.000344636335059008	0.00069540807885192	0.00089231164989228
Visa_msaldodolares	0.000344242431747631	0.000378750626724483	0.000675262870188752
cextraccion_autoservicio_delta1	0.000343779622169723	0.000595947908427974	0.000916428180970449
Visa_mlimitecompra_delta1	0.000337314143657764	0.00271273146803776	0.00081996205665777
cliente_vip_lag1	0.000334575438163402	0.000709909692888439	0.000393903340943439
cpagomiscuentas_lag1	0.000334307388507434	0.000636833147753931	0.000836039744043217
Master_mlimitecompra_delta1	0.000331850487647446	0.000925072031356497	0.000691340557574199
matm_other	0.000331205478776948	0.00048785321993775	0.00081996205665777
mtarjeta_master_consumo_lag1	0.000322679977097404	0.00239529068145172	0.000691340557574199
ctarjeta_master_transacciones_lag1	0.000321890727984578	0.000473222201062753	0.000747612463423261
Master_msaldototal_delta1	0.000321240318054172	0.00077639018783751	0.000811923212965047
tmobile_app_lag1	0.000318755935089936	0.000554420104665037	0.000659185182803306
ccallcenter_transacciones_lag1	0.000318687721728946	0.000447787856292155	0.000836039744043217
ccaja_ahorro_lag1	0.000318053737409219	0.000342025188293015	0.00059487443326152
mtarjeta_master_consumo_delta1	0.000307628405311076	0.00128749081796873	0.000803884369272324
Master_cconsumos	0.000307096874598533	0.000926831332934872	0.000731534776037815
internet_delta1	0.000307085405867556	0.000229150361316842	0.000610952120646966
cextraccion_autoservicio_lag1	0.000302349166280623	0.000161905593766977	0.000627029808032413
tcuentas_lag1	0.000302251513442447	0.000826352396125508	0.00027332068555259
Visa_fultimo_cierre_delta1	0.000298049206315973	0.000288117247370288	0.000707418244959645
minversion2	0.000297971767913497	0.0063963051494961	0.000763690150808708
Visa_mpagado_lag1	0.000290973305291626	0.000380185157404732	0.000795845525579601
Visa_mpagosdolares	0.000286881776961793	0.000372497258390357	0.000723495932345091
Visa_msaldodolares_lag1	0.000283525750186873	0.000408321826228662	0.000739573619730538
catm_trx_delta1	0.0002795081827794	0.000272648945382515	0.000731534776037815
Visa_status_delta1	0.000270072080805525	0.000212103737502562	0.000289398372938037
mcaja_ahorro_adicional	0.000269725474943878	0.000540854607675741	0.000578796745876073
ctarjeta_master_transacciones_delta1	0.000269208253923719	0.00261513648241745	0.000755651307115984
ccheques_emitidos_rechazados_lag1	0.000268681138134542	0.000759319466957698	0.00029743721663076
Visa_msaldodolares_delta1	0.000267391982556967	0.000384877827139381	0.000739573619730538
cinversion1	0.000266005693893412	0.00984274435654604	0.000554680214797903
mplazo_fijo_dolares_lag1	0.000265089533993815	0.00106263793451183	0.000691340557574199
catm_trx_other_delta1	0.000263379722231349	0.000547231626325233	0.000707418244959645
Master_cconsumos_delta1	0.000262625288140331	0.000348377390561587	0.000651146339110582
mforex_buy_delta1	0.000258184246472408	0.00120207801391316	0.000707418244959645
ccomisiones_mantenimiento_lag1	0.000257100985609156	0.000419725708542524	0.00057075790218335
Master_msaldopesos_delta1	0.000255267387318898	0.00038006251413091	0.000715457088652368
mcaja_ahorro_adicional_delta1	0.000253380485748319	0.000556598479389034	0.000723495932345091
mprestamos_prendarios_delta1	0.00025187350910589	0.00123739906097918	0.000474291777870671
Visa_mpagosdolares_delta1	0.000248975648127041	0.000545079866270629	0.000699379401266922
catm_trx	0.000243230034293254	0.000375334238284507	0.000635068651725136
mttarjeta_master_debitos_automaticos_delta1	0.000241161737648489	0.000756006875728353	0.000763690150808708
ccajas_consultas_lag1	0.000239201696124446	0.00078462296825904	0.000691340557574199
Master_status_delta1	0.000238474128751857	0.000291391067500168	0.000257242998167144
mttarjeta_master_debitos_automaticos_lag1	0.000238316443317845	0.000331146550076188	0.000635068651725136
Visa_fechaalta_delta1	0.000233421197150511	2.97535459552863e-05	0.000233126467088974
ccajas_transacciones_delta1	0.000228156730593485	0.000158444967430579	0.000530563683719734
mcaja_ahorro_adicional_lag1	0.00022744978969923	0.000464709822749525	0.000530563683719734
catm_trx_other_lag1	0.00022480522450376	0.000416520870758448	0.000530563683719734
thomebanking_delta1	0.000224249370907729	0.000557042872436348	0.000554680214797903
catm_trx_lag1	0.00022115093320371	0.000817376994496392	0.000578796745876073
ccheques_emitidos_rechazados	0.000219346101157187	0.000565369379653063	0.000257242998167144
ccajas_depositos_lag1	0.000210529120849634	0.00230536884888031	0.000522524840027011
mcheques_depositados_lag1	0.00020974068316182	0.00174286507787388	0.000538602527412457
cseguro_vida_lag1	0.000208940320584272	0.000358614974903753	0.000506447152641564
ccajas_otras_lag1	0.000207671424434999	0.000377837959358941	0.000490369465256118
mforex_sell	0.000201172137391569	0.00118273612662417	0.000578796745876073
ccaja_seguridad_delta1	0.000201141431596641	0.0018579383484734	0.000377825653557992
ccheques_emitidos	0.000194574932618456	0.00442624229192877	0.000458214090485225
ctarjeta_debito_delta1	0.000189017593344483	0.00531514930347336	0.000490369465256118
mttarjeta_master_debitos_automaticos	0.000183425427070152	0.000302607640086739	0.000530563683719734
catm_trx_other	0.000179784094905349	0.000360158913454666	0.000458214090485225
mforex_sell_delta1	0.00017390815055492	0.000272225124755326	0.000474291777870671
cpayroll_trx_delta1	0.000173375127977308	0.000198423365845645	0.000450175246792501
mcheques_depositados_rechazados_lag1	0.000173094242477507	0.00106702144249229	0.000434097559407055
Master_mpagado_delta1	0.000171988930662368	0.000272151538791033	0.000450175246792501
mtarjeta_visa_descuentos	0.000171383754657381	0.0063147726923064	0.000538602527412457
ccajas_depositos	0.000170984918618175	0.00216861972834916	0.000466252934177948
ccajas_transacciones	0.000170050178332358	9.27798884064593e-05	0.000385864497250716
mforex_sell_lag1	0.000168491479383401	0.000721979085800189	0.000458214090485225
Master_fechaalta_delta1	0.000166134555687172	6.381658233751e-05	0.000369786809865269
ccajas_otras_delta1	0.000165789713886095	0.000511275495702283	0.000474291777870671
mforex_buy_lag1	0.00016289452178656	0.0010166973466321	0.000466252934177948
Visa_Fvencimiento_delta1	0.000162072843720602	9.96287060195855e-05	0.000329592591401653
Master_delinquency	0.000159457891642595	0.00019928359511933	0.000176854561239911
cseguro_accidentes_personales_lag1	0.000158031437830506	0.000450305100495902	0.000385864497250716
Master_mconsumosdolares_delta1	0.000156017307505963	0.00101999188304518	0.000450175246792501
mprestamos_hipotecarios_lag1	0.000154747992010062	0.000602860241589947	0.000217048779703527
mprestamos_hipotecarios	0.000151553411154681	0.00576092602586946	0.000337631435094376
ccajas_extracciones_lag1	0.000149461261516692	0.00165232190066946	0.000426058715714332
Master_mpagado_lag1	0.000147401829680441	0.000824054830841557	0.000409981028328885
minversion2_lag1	0.000146714985091961	0.00151441302793666	0.000345670278787099
cseguro_vivienda	0.00014535618749222	0.000505141102133495	0.000385864497250716
ccheques_emitidos_rechazados_delta1	0.000145141758499447	0.00330564623926501	0.000345670278787099
cliente_vip_delta1	0.000144325865780854	0.000274471906372815	0.000329592591401653
mpagodeservicios_lag1	0.000141450083898615	0.000173017074375218	0.000353709122479823
Visa_mconsumototal	0.000140565004927065	0.000314955336122487	0.00029743721663076
Master_Fvencimiento_delta1	0.000133940082374172	0.000160302239764933	0.000353709122479823
Master_mpagosdolares_lag1	0.000132391871473299	0.000671682323924775	0.000393903340943439
mcajeros_propios_descuentos_delta1	0.000131393725607335	0.000667014974091818	0.000377825653557992
cprestamos_hipotecarios	0.000129689792391194	0.00144895403277148	0.000225087623396251
mforex_buy	0.000128099302468612	0.000435500151159849	0.000313514904016206
ccajas_extracciones_delta1	0.000128045239670329	0.00113094455543891	0.000393903340943439
cseguro_vivienda_lag1	0.000127718155728389	0.000421077374089963	0.00032155374770893
ccajas_transacciones_lag1	0.00012737398891372	0.000108857738254857	0.00027332068555259
ccajas_otras	0.000127136017590924	0.000269503163391874	0.000337631435094376
ccajeros_propios_descuentos	0.000127112236079452	0.00432120713951405	0.000393903340943439
ccheques_emitidos_lag1	0.000123589469352941	0.0015697249286356	0.000289398372938037
Master_mpagado	0.000123281455067414	0.000229056994179352	0.000337631435094376
cplazo_fijo_lag1	0.000120828407502367	0.000456463087609449	0.000233126467088974
mcajeros_propios_descuentos_lag1	0.000120285294213931	0.000233381158640225	0.000313514904016206
ctarjeta_master_debitos_automaticos_delta1	0.000116825418963794	0.000262468402750696	0.000337631435094376
Master_mpagosdolares	0.00011520997635869	0.000533540393005943	0.00027332068555259
tpaquete4_lag1	0.000113252173167877	0.000244934946281152	0.000281359529245313
mcheques_depositados_delta1	0.000113081008359489	0.000870272930598358	0.000369786809865269
mcheques_emitidos	0.000109064144667467	0.00379730880963974	0.000281359529245313
mcajeros_propios_descuentos	0.000106677670375961	0.000271124284484026	0.000289398372938037
ccajas_extracciones	0.000106266365542954	0.000367480249346815	0.000281359529245313
cforex_buy_delta1	0.000105717425615242	0.000731292637593666	0.00029743721663076
cforex_buy	0.000103621545778955	0.000373023221802781	0.00027332068555259
cpagodeservicios_lag1	0.000103557645182804	0.000270963157836894	0.000257242998167144
mpagodeservicios	0.00010266372789189	0.00299258450090402	0.000329592591401653
mpagodeservicios_delta1	9.97598731583886e-05	0.000300047021165037	0.000329592591401653
ctarjeta_master_descuentos_lag1	9.94880961283327e-05	0.000342782339671459	0.000217048779703527
cseguro_vida	9.65186658468348e-05	0.000118839677907778	0.000289398372938037
minversion2_delta1	9.62330089887734e-05	0.00176306309433883	0.000281359529245313
cforex_delta1	9.54051266183689e-05	0.000217318486346535	0.000265281841859867
cforex	9.48403935084498e-05	0.000172097069992708	0.00024920415447442
Master_mconsumosdolares	9.483097106436e-05	5.53955570786832e-05	0.000184893404932634
cinversion2_delta1	9.48007748934223e-05	0.00179067523838111	0.00027332068555259
Visa_mconsumototal_delta1	9.42807568332058e-05	2.73490184729931e-05	0.000217048779703527
cforex_lag1	9.34258435505927e-05	8.63023094655874e-05	0.000225087623396251
ccajas_depositos_delta1	9.31477678484915e-05	0.000217220947179788	0.00027332068555259
Master_mconsumosdolares_lag1	9.30551373338007e-05	0.000194914113788951	0.000209009936010804
ctarjeta_visa_descuentos_delta1	9.0219975492825e-05	0.00040152364841892	0.000241165310781697
mcheques_depositados_rechazados	8.99544235105575e-05	0.00050355810475696	0.00024920415447442
mtarjeta_visa_descuentos_lag1	8.82302708920012e-05	0.000913674982538829	0.00027332068555259
mcheques_emitidos_lag1	8.80924009008571e-05	0.00051416951730678	0.000241165310781697
Master_mpagosdolares_delta1	8.72920063805099e-05	0.000169809790918819	0.000233126467088974
mcheques_emitidos_rechazados_delta1	8.6182469935389e-05	0.000318300296544336	0.000209009936010804
minversion1_pesos_lag1	8.59979066808765e-05	0.000313903553160715	0.000257242998167144
Visa_madelantopesos	8.59505056118211e-05	0.000398650990481476	0.000241165310781697
Master_msaldodolares_delta1	8.35747297234186e-05	0.000111320026762886	0.000225087623396251
ccajeros_propios_descuentos_lag1	8.27514908426904e-05	0.0033733372700822	0.000233126467088974
mtarjeta_visa_descuentos_delta1	8.23265700993186e-05	0.00177154964922959	0.000241165310781697
mprestamos_prendarios_lag1	8.15124055056452e-05	0.00279349051732123	0.000217048779703527
cpagodeservicios	8.08679516412851e-05	0.000121031503829549	0.000200971092318081
cseguro_accidentes_personales	8.04403200449817e-05	3.77353572375999e-05	0.000200971092318081
Master_msaldodolares_lag1	7.94431526220194e-05	0.000158177022448182	0.000209009936010804
Visa_delinquency_lag1	7.76687319707832e-05	4.4289255541243e-05	0.000144699186469018
Visa_delinquency_delta1	7.74281772740928e-05	0.000116832716040976	0.000128621499083572
mcheques_emitidos_delta1	7.72723502682483e-05	0.00116049122628833	0.00024920415447442
cforex_sell_delta1	7.63683099341648e-05	0.000134966369271088	0.000209009936010804
ctarjeta_visa_descuentos	7.35096379981249e-05	0.000334261041847408	0.000209009936010804
ctarjeta_master_debitos_automaticos	7.28606682205126e-05	0.000360433476138641	0.000209009936010804
Master_msaldodolares	7.22463669952875e-05	0.00151461414851942	0.000217048779703527
ctarjeta_master_lag1	7.19780582910077e-05	0.000277237170522683	0.000176854561239911
ctarjeta_master_debitos_automaticos_lag1	6.87211346352613e-05	0.00010260444185227	0.000176854561239911
mtarjeta_master_descuentos_lag1	6.77538088960736e-05	0.00564375077184025	0.00027332068555259
ccheques_depositados_lag1	6.59672587458927e-05	0.00125564161855918	0.000184893404932634
cseguro_vivienda_delta1	6.47130709896757e-05	0.000422255684628656	0.000184893404932634
ctarjeta_visa_delta1	6.46770391225095e-05	0.000110838876699195	2.41165310781697e-05
tcallcenter_lag1	6.33762048484841e-05	2.74303011119482e-05	0.000152738030161742
active_quarter_lag1	6.17065362251836e-05	2.88855480754002e-05	0.000176854561239911
cseguro_vida_delta1	6.10519134485729e-05	0.000387088211398188	0.000152738030161742
cinversion2_lag1	5.83071221692369e-05	0.00141235130954538	0.000184893404932634
ctarjeta_master_descuentos_delta1	5.72048219367984e-05	0.000150387771895499	0.000168815717547188
cplazo_fijo_delta1	5.59719389564676e-05	0.000198382077142317	0.000160776873854465
ccheques_depositados_rechazados	5.56196688963655e-05	0.000529379872796064	0.000152738030161742
mcheques_depositados_rechazados_delta1	5.55601381335923e-05	0.00014693311587683	0.000152738030161742
active_quarter_delta1	5.39473913838861e-05	0.000120695223885199	0.000136660342776295
ccheques_depositados	5.33436855267596e-05	0.00117849935898306	0.000120582655390849
cliente_edad_delta1	5.33125848292367e-05	1.84156967941324e-05	0.000144699186469018
cprestamos_prendarios_lag1	5.32858946726828e-05	0.000185680262140573	9.64661243126789e-05
Master_mconsumototal	5.29611261941462e-05	9.29398641489692e-05	0.000152738030161742
cforex_sell_lag1	5.29317103819002e-05	8.92530850542745e-05	0.000128621499083572
tpaquete3_lag1	5.19894057880024e-05	4.80072529238196e-05	0.000144699186469018
mprestamos_hipotecarios_delta1	5.09470482635843e-05	0.000777061668753126	0.000168815717547188
Visa_mconsumototal_lag1	5.01321400259612e-05	8.07975326567764e-05	0.000120582655390849
tcuentas	4.9952351830399e-05	1.28825789589954e-05	4.82330621563394e-05
mtarjeta_master_descuentos_delta1	4.80183841032245e-05	6.60419283564075e-05	0.000152738030161742
ccheques_emitidos_delta1	4.58348267364846e-05	0.000247409247356176	0.000136660342776295
minversion1_pesos	4.57753715456999e-05	0.000418274130087556	0.000120582655390849
cforex_sell	4.54467288341082e-05	8.43192288696995e-05	0.000136660342776295
minversion1_dolares_lag1	4.43824176469996e-05	0.000236427315449491	0.000128621499083572
cseguro_auto_lag1	4.31649195069321e-05	0.000140624216394674	0.000152738030161742
Master_delinquency_lag1	4.14265698722686e-05	1.17625329668096e-05	8.84272806199556e-05
ccheques_depositados_delta1	4.13084481272505e-05	0.000199978094127393	0.000152738030161742
cseguro_accidentes_personales_delta1	3.94810971863079e-05	0.000454697959576423	0.000128621499083572
ctarjeta_visa_lag1	3.71053222717711e-05	6.90155062429254e-05	5.62719058490627e-05
active_quarter	3.64175673135108e-05	2.29461609085655e-06	4.82330621563394e-05
cprestamos_hipotecarios_lag1	3.54069072715979e-05	4.34748466578362e-05	4.01942184636162e-05
cliente_vip	3.52404373730022e-05	7.07340226387452e-05	0.000104504968005402
minversion1_pesos_delta1	3.4762501029277e-05	4.70670357788796e-05	0.000112543811698125
Master_mconsumototal_lag1	3.46932640379102e-05	1.18766163875024e-05	8.03884369272324e-05
mtarjeta_master_descuentos	3.39845458385111e-05	0.000298923810185139	0.000120582655390849
ccajeros_propios_descuentos_delta1	3.28237768439897e-05	3.2530534945995e-05	8.84272806199556e-05
cforex_buy_lag1	3.02235003397601e-05	0.000161036516914007	8.84272806199556e-05
Master_mconsumototal_delta1	2.98676690470814e-05	7.15841814969845e-05	7.23495932345092e-05
ccheques_depositados_rechazados_lag1	2.90129868628304e-05	0.000244964654006717	7.23495932345092e-05
ctarjeta_master_delta1	2.84056704955162e-05	4.25667829107837e-05	5.62719058490627e-05
cliente_antiguedad_delta1	2.83579677228259e-05	0.00447474321100405	0.000152738030161742
ctarjeta_visa_descuentos_lag1	2.82056319286047e-05	0.00023853440601844	0.000104504968005402
cseguro_auto	2.79768221512416e-05	4.82364987382885e-05	9.64661243126789e-05
cpagodeservicios_delta1	2.69752537311953e-05	8.15553314190703e-05	8.84272806199556e-05
ctarjeta_master_descuentos	2.56829421466171e-05	7.42051509798228e-05	7.23495932345092e-05
cprestamos_prendarios	2.50762622006246e-05	7.80191769668286e-05	4.82330621563394e-05
cinversion2	2.42994680527042e-05	0.00084658458007144	8.03884369272324e-05
Visa_madelantopesos_delta1	2.29474520650748e-05	0.000102444969630533	7.23495932345092e-05
minversion1_dolares	2.29340613124904e-05	0.000732631427395642	8.03884369272324e-05
Master_delinquency_delta1	2.10934362880901e-05	4.06498793306823e-05	6.43107495417859e-05
mplazo_fijo_pesos_delta1	2.02351500211658e-05	4.91264357375386e-05	7.23495932345092e-05
minversion1_dolares_delta1	1.99816390134389e-05	0.000364490127206351	5.62719058490627e-05
Master_cadelantosefectivo	1.92097103966046e-05	0.000199789489632402	4.82330621563394e-05
Visa_cadelantosefectivo	1.87460525815569e-05	0.000161191960969567	5.62719058490627e-05
tcuentas_delta1	1.86907945577375e-05	0.000228371990134423	6.43107495417859e-05
Visa_madelantopesos_lag1	1.58258291111412e-05	6.78469783935221e-05	5.62719058490627e-05
Visa_cadelantosefectivo_delta1	1.54619039221414e-05	8.83736500597036e-05	5.62719058490627e-05
cinversion1_lag1	1.50486872931186e-05	0.000149094011236874	4.82330621563394e-05
Master_madelantopesos	1.36101331980605e-05	0.000169870069548416	4.01942184636162e-05
ccuenta_corriente	1.35549408127981e-05	0.000308648378791881	4.82330621563394e-05
Master_madelantopesos_lag1	1.0955881933019e-05	1.90222954616619e-06	2.41165310781697e-05
cinversion1_delta1	1.08470354809635e-05	9.59487604210861e-05	4.01942184636162e-05
mplazo_fijo_pesos_lag1	9.24127816633769e-06	2.10559439293954e-05	2.41165310781697e-05
Visa_cadelantosefectivo_lag1	7.11210438928609e-06	2.34037893590367e-05	2.41165310781697e-05
Master_cadelantosefectivo_delta1	5.74034755691094e-06	4.95475948977883e-05	1.60776873854465e-05
Master_madelantopesos_delta1	5.50901312976356e-06	2.3312292441558e-05	2.41165310781697e-05
tpaquete4_delta1	5.37558903091824e-06	5.5438140549711e-05	1.60776873854465e-05
Master_cadelantosefectivo_lag1	4.66777789015554e-06	7.47361495999702e-06	1.60776873854465e-05
mpayroll2_lag1	3.69305953543274e-06	0.000948791744034375	2.41165310781697e-05
ccuenta_corriente_lag1	3.18845952430438e-06	2.7912242422567e-05	8.03884369272324e-06
tpaquete1_delta1	2.81758628952211e-06	1.23043213177918e-05	8.03884369272324e-06
mpayroll2_delta1	2.16476214571765e-06	3.69072094302635e-05	8.03884369272324e-06
ccheques_depositados_rechazados_delta1	2.07374250250055e-06	1.50182982804256e-05	8.03884369272324e-06
cpayroll2_trx_delta1	1.88704151509899e-06	2.17760505653065e-05	8.03884369272324e-06
