Feature	Gain	Cover	Frequency
mcaja_ahorro	0.0758266463558926	0.0126756885086097	0.00442890442890443
ctrx_quarter	0.0700547445123552	0.0109655244846701	0.00389147889147889
Visa_status	0.0516055194507483	0.0023071477510422	0.000822325822325822
mtarjeta_visa_consumo	0.0378128894313915	0.0116225108919108	0.00242165242165242
mcuentas_saldo	0.0227519599022399	0.014965990584213	0.00512173012173012
mprestamos_personales	0.0179743340046352	0.0108369449993639	0.00380730380730381
Visa_Finiciomora	0.0165674921532809	0.00719831635990731	0.00152810152810153
Visa_mpagominimo	0.0152328699865389	0.00822833062304504	0.00343822843822844
ctarjeta_visa_transacciones	0.0146434210961382	0.0109500378624653	0.00271950271950272
ctarjeta_visa	0.0146234419377297	0.00185734285120816	0.000375550375550376
Visa_mpagospesos	0.0141517762721532	0.00385995964249701	0.00326340326340326
cpayroll_trx	0.0138644065098635	0.016477116490142	0.000841750841750842
foto_mes	0.0110306401911506	0.0189841970870129	0.00870888370888371
mcaja_ahorro_lag1	0.0108046265723095	0.00615176479418843	0.00422817922817923
mpasivos_margen_lag1	0.0105998467732369	0.0025518334494364	0.00450660450660451
Visa_mfinanciacion_limite	0.00865183301359633	0.00348114627992105	0.00516058016058016
mprestamos_personales_lag1	0.0086262630599998	0.00335322726036362	0.00293965293965294
mdescubierto_preacordado_delta1	0.00799332967364042	0.00395058334086068	0.00067987567987568
ctrx_quarter_delta1	0.00799156020873226	0.00962208816650652	0.00683760683760684
Visa_msaldototal	0.00780241386559167	0.00373993475482799	0.00257057757057757
mcuenta_corriente	0.00754459096576679	0.00498907449194208	0.00497280497280497
mdescubierto_preacordado	0.00743109152226537	0.00454518465937378	0.00132737632737633
mcuenta_corriente_delta1	0.00735674012381141	0.00250897428746492	0.00431235431235431
mpayroll	0.00704881425845916	0.0126411271557254	0.00139212639212639
cpayroll_trx_lag1	0.00674342183109928	0.0038406456512688	0.000731675731675732
cproductos_delta1	0.00585140756127578	0.00951355191725428	0.00194897694897695
Master_status	0.00577751950963738	0.000991541700068409	0.000433825433825434
mprestamos_personales_delta1	0.00541017617793575	0.0122337508155215	0.00411810411810412
Visa_cconsumos	0.00522249917285305	0.00154073569844254	0.00242165242165242
mactivos_margen	0.00488348439991598	0.00738915970415332	0.00637140637140637
Visa_msaldopesos	0.00473543089757728	0.00641027122156268	0.00320512820512821
cextraccion_autoservicio	0.00458690249604655	0.00147925740053013	0.000815850815850816
cliente_edad_lag1	0.0043297649616444	0.00607360550407283	0.00792540792540793
mrentabilidad_annual_lag1	0.00420342238371998	0.00397196503641348	0.00606708106708107
mpayroll_lag1	0.0040343914918299	0.00446394037439982	0.00157342657342657
mrentabilidad_annual_delta1	0.00396922214648015	0.00238004884073567	0.00648795648795649
mcuentas_saldo_delta1	0.00391032416903705	0.0076363417764681	0.00531598031598032
Master_fechaalta	0.00390770784618417	0.00312176373969921	0.0056980056980057
ctrx_quarter_lag1	0.00388139716536574	0.00302105410953987	0.00484330484330484
mrentabilidad	0.00378183072284728	0.00219730369963165	0.0058987308987309
mcuenta_corriente_lag1	0.00372777066267034	0.00286200609295382	0.00468142968142968
mcuentas_saldo_lag1	0.00356213201648774	0.00248576174886617	0.00446127946127946
ccaja_ahorro	0.00354427633381088	0.00550037941641246	0.00173530173530174
cliente_edad	0.00341579375818287	0.00585322634480881	0.00598290598290598
numero_de_cliente	0.00331232097905101	0.00658982146790726	0.00683760683760684
mrentabilidad_lag1	0.00325106909648814	0.0017914689571306	0.00502460502460502
Visa_fechaalta	0.00324428941979687	0.00292310390661195	0.00472027972027972
Visa_msaldopesos_lag1	0.00323398731831824	0.00137121733366939	0.00246050246050246
Visa_Fvencimiento	0.00317307103213859	0.00165146834620312	0.00425407925407925
mcomisiones_otras_lag1	0.00310260746080609	0.0013763843618267	0.00396917896917897
mpasivos_margen_delta1	0.00303747296715399	0.00133974244186415	0.00398212898212898
mpasivos_margen	0.00301569478132608	0.00288393468880275	0.00424112924112924
mcomisiones_otras	0.00301235058823217	0.00242719283256811	0.0045001295001295
Master_fechaalta_lag1	0.00286077107489662	0.00371004997929931	0.00503755503755504
mcaja_ahorro_delta1	0.0027400010130796	0.00304391902055579	0.00403392903392903
mactivos_margen_lag1	0.002645488018338	0.00331263694152902	0.00451955451955452
Master_Fvencimiento_lag1	0.00262977451789973	0.00208215172959023	0.00562678062678063
Visa_mpagominimo_lag1	0.00262836456487981	0.00392562693275808	0.00361305361305361
mactivos_margen_delta1	0.0026208335929307	0.00134823872390801	0.00461667961667962
mrentabilidad_annual	0.00259654987225578	0.00270337721552965	0.00503755503755504
Visa_mpagospesos_lag1	0.0025882619460542	0.0046527664656403	0.0036001036001036
cliente_antiguedad_lag1	0.00249870743105605	0.0034635058462527	0.00518648018648019
cproductos	0.00249143240617583	0.00419358108607427	0.00254467754467755
Visa_Fvencimiento_lag1	0.0024662686981639	0.00190517330088244	0.00542605542605543
Visa_mlimitecompra_lag1	0.00246122559571846	0.00165357790446214	0.00392385392385392
Master_mfinanciacion_limite	0.0024470284261326	0.00228380511868546	0.00428645428645429
ccomisiones_mantenimiento_delta1	0.00242865694847184	0.00278156996213424	0.00124320124320124
mcaja_ahorro_dolares_delta1	0.00242264833452647	0.00518619952525849	0.00338642838642839
mautoservicio	0.00242038787912254	0.00915418663844807	0.00201372701372701
Master_Fvencimiento	0.00233888122537395	0.0019528959166938	0.00451955451955452
Visa_fechaalta_lag1	0.00231654563576101	0.00258879193976291	0.00483682983682984
mpayroll_delta1	0.00227683903156855	0.00838237929379709	0.00236337736337736
mcomisiones	0.0022313729713453	0.00200504012076334	0.00448070448070448
cliente_antiguedad	0.00222678050852948	0.00346085558581204	0.00451307951307951
mcomisiones_mantenimiento	0.00222094867891228	0.0067539506054508	0.0031986531986532
mrentabilidad_delta1	0.0022033220628504	0.00146166275293336	0.00416990416990417
Visa_status_lag1	0.00217169621668641	0.0004468505985512	0.000207200207200207
canarito25	0.00217084382660481	0.00116237579792056	0.00527065527065527
cprestamos_personales_lag1	0.00213391262094471	0.00619293933529892	0.00158637658637659
mcomisiones_lag1	0.00208852532845373	0.00166033324944341	0.00416990416990417
chomebanking_transacciones	0.00208724660283359	0.00296901833915078	0.00372312872312872
canarito86	0.00207391842793612	0.00105877884610275	0.00500518000518001
canarito47	0.00206768080071231	0.00156301458772999	0.00494690494690495
canarito35	0.00205330118554052	0.00106952511035444	0.00471380471380471
canarito32	0.00204905396965749	0.00134055206223917	0.00473322973322973
cprestamos_personales_delta1	0.00204453407169339	0.00229087576774924	0.000712250712250712
mcuenta_debitos_automaticos	0.00203967937433589	0.00657610737315507	0.0024993524993525
cproductos_lag1	0.00202598332331645	0.00191055906249965	0.00264827764827765
canarito50	0.00201899574213869	0.000978532124330409	0.00473322973322973
cprestamos_personales	0.0019986703088456	0.00444140409674488	0.00142450142450142
chomebanking_transacciones_lag1	0.00198315316908057	0.00131145518036158	0.00393032893032893
canarito84	0.00198074056979004	0.00113616297202821	0.0047008547008547
ctarjeta_debito_transacciones	0.00194182720778084	0.00210767243269738	0.00143097643097643
mpagomiscuentas	0.00193922469817428	0.00761345000695603	0.00159285159285159
Visa_mpagospesos_delta1	0.00191738577731897	0.00307243214668224	0.0042022792022792
canarito74	0.00190833947133579	0.00114207810594034	0.00456487956487957
canarito33	0.00189865294802634	0.000860566210308572	0.00435120435120435
canarito41	0.00189516744178871	0.00128707066495227	0.00452602952602953
chomebanking_transacciones_delta1	0.00189435275635915	0.00220875794850993	0.00377492877492878
canarito39	0.00188738365439629	0.00134163726544682	0.00466847966847967
Visa_mfinanciacion_limite_lag1	0.00188702568620943	0.00382061854364177	0.00360657860657861
mtransferencias_recibidas	0.0018802639349383	0.00490605554683097	0.00213027713027713
canarito71	0.00187182866776884	0.00114439426801584	0.00448070448070448
canarito9	0.00187082649363671	0.00141073597851401	0.00462962962962963
canarito7	0.00186828935444324	0.00183945069411566	0.00457135457135457
Visa_Finiciomora_delta1	0.00186457472440064	0.0022545631476116	0.00045972545972546
canarito68	0.00185571728653018	0.000861615624403491	0.00431882931882932
canarito63	0.001853460589395	0.000874954166734436	0.00416990416990417
ccaja_ahorro_delta1	0.00185280187211863	0.00790081538858696	0.000841750841750842
canarito31	0.00185214040232205	0.00095704646040545	0.00445480445480445
canarito54	0.00184598811515224	0.00208747397719547	0.00462315462315462
canarito76	0.00183507160572768	0.00138237907153137	0.00442890442890443
ccomisiones_otras	0.00183157753848609	0.00162739893493713	0.00338642838642839
cmobile_app_trx_lag1	0.00182647201718114	0.00144548254172275	0.00313390313390313
canarito49	0.00182402163947268	0.00118551569195158	0.00439005439005439
Visa_mpagominimo_delta1	0.00182367537743298	0.00267031387360766	0.00288137788137788
canarito66	0.00181067630984359	0.0009499027002492	0.00431882931882932
canarito65	0.00181065084341965	0.00103661352226797	0.00435767935767936
canarito5	0.00180529648085526	0.000871805991096071	0.0043965293965294
canarito78	0.00180086501456832	0.000846455102996786	0.00415695415695416
canarito77	0.00180056779676145	0.000855619315185398	0.00436415436415436
canarito1	0.00179945919060397	0.00171054324191237	0.00457782957782958
canarito30	0.00179341112829318	0.000972544879021684	0.00423465423465423
canarito14	0.00179299328531412	0.000844017711133494	0.00439005439005439
mdescubierto_preacordado_lag1	0.00179268588322527	0.000680987972479181	0.000634550634550635
canarito15	0.00179203385075445	0.00103795524744001	0.00413752913752914
ctarjeta_visa_transacciones_lag1	0.00178769308606706	0.00207284256149812	0.00211085211085211
canarito20	0.00178209637547763	0.000862483893603834	0.00436415436415436
canarito43	0.00178206674758026	0.000768743410052621	0.00426055426055426
mes	0.00177598986543292	0.00478584105017554	0.00306267806267806
canarito70	0.00177469166836697	0.000996467334992402	0.00416342916342916
canarito4	0.00177265426160156	0.00106692376836581	0.00444185444185444
canarito75	0.00176319433717463	0.00120624771847114	0.00417637917637918
canarito93	0.00175779797569393	0.000851722433974676	0.0042022792022792
canarito60	0.00175690306678709	0.00141428203311507	0.00415695415695416
canarito81	0.00175688011054463	0.000917009773152612	0.00405335405335405
canarito18	0.00175502274047415	0.00165230215921859	0.00428645428645429
canarito51	0.00175313520375832	0.00176830107161477	0.00435767935767936
mttarjeta_visa_debitos_automaticos_delta1	0.00174837422604114	0.00344361269787443	0.00312095312095312
canarito72	0.00174454470976464	0.00092341849024695	0.00420875420875421
canarito45	0.00174425908776192	0.000682955240690399	0.00422817922817923
canarito64	0.00173901815568642	0.001372397641279	0.00442242942242942
canarito57	0.00173847516854791	0.000880365587212721	0.00418285418285418
canarito11	0.0017356487654814	0.00109546868482144	0.00416342916342916
ccaja_seguridad	0.00173519662625093	0.00816501215159174	0.000686350686350686
canarito10	0.00172790252621785	0.00229809857052689	0.00424112924112924
canarito58	0.00171959180445625	0.00106480934492015	0.00423465423465423
canarito52	0.00171928237044097	0.00101917929253774	0.00429292929292929
Visa_mlimitecompra	0.00171906018809306	0.0016120753298082	0.00316627816627817
canarito37	0.00171653738639761	0.000785885262059342	0.00394327894327894
Visa_msaldototal_lag1	0.00170863747031128	0.00147897895190263	0.00243460243460243
canarito94	0.00170831556698368	0.00112784083700772	0.00402745402745403
canarito83	0.001707471763351	0.000991926049813448	0.00422817922817923
canarito27	0.00170745831269528	0.000863559433084579	0.00407277907277907
canarito19	0.0017071956551924	0.000691520235164835	0.00405335405335405
canarito12	0.00170453715567551	0.000989675334495303	0.00415695415695416
mcaja_ahorro_dolares_lag1	0.00170281641406346	0.00302067302546806	0.0028036778036778
canarito38	0.00170104835009579	0.000885609525306875	0.00417637917637918
canarito48	0.0016966748838706	0.00108733749171522	0.00427350427350427
canarito8	0.00169281533025316	0.000903975338310242	0.00407277907277907
canarito40	0.0016927889237727	0.000847020464343617	0.00424112924112924
cmobile_app_trx	0.00168848888960733	0.00211874819671315	0.00336052836052836
canarito87	0.00168397133459754	0.00100431281501436	0.00415047915047915
canarito3	0.00168198440670777	0.00100556496743499	0.00393680393680394
canarito90	0.00167640867083494	0.00168040321070075	0.00412457912457912
canarito13	0.00167562117401237	0.000858744297879205	0.00411162911162911
canarito44	0.00167446128899231	0.000989472396230408	0.00387205387205387
canarito69	0.00167154950672573	0.000910676633067269	0.00391090391090391
ctarjeta_visa_transacciones_delta1	0.00166506898116856	0.00458640525314143	0.00253820253820254
canarito2	0.00165491995268437	0.00085881187732111	0.00403392903392903
Visa_fultimo_cierre	0.00165242473325872	0.00294762218133083	0.00321807821807822
canarito92	0.00164985184910289	0.0011606328614662	0.00391090391090391
Master_mfinanciacion_limite_lag1	0.00164521693590631	0.00183804425529659	0.00350945350945351
canarito46	0.00164099649955369	0.00130615332655243	0.00412457912457912
Master_mlimitecompra	0.00163257192874592	0.00179726106180235	0.00312742812742813
canarito23	0.00163050191157968	0.000955153502921772	0.00376197876197876
canarito42	0.00162836588322787	0.00114635533811256	0.0040986790986791
canarito56	0.00162582750616182	0.000739724237868587	0.00400802900802901
canarito22	0.00162267643238421	0.00131960123561332	0.00373607873607874
canarito34	0.00162256559562923	0.00109574006893134	0.00393032893032893
canarito89	0.00162238094428378	0.0016259789669004	0.00389147889147889
canarito62	0.00162030071567795	0.000858200596609908	0.0038979538979539
mcaja_ahorro_dolares	0.00161071205274705	0.00642533057374571	0.00296555296555297
canarito59	0.00160864720420957	0.000795101658373212	0.00400802900802901
mcomisiones_mantenimiento_lag1	0.00160641773036237	0.00355622390749792	0.00330872830872831
canarito16	0.00160179759089798	0.00087594513194321	0.00393680393680394
canarito17	0.00159951970625052	0.000832145922606752	0.00404687904687905
canarito26	0.00159940277995514	0.000702504427037434	0.00397565397565398
canarito67	0.00159291763791249	0.000672453635345255	0.00361952861952862
canarito29	0.00159051215274996	0.000789940828330397	0.00389147889147889
canarito91	0.00158776540511435	0.00101372495178274	0.00404040404040404
canarito88	0.00158012058381324	0.00121547871034495	0.00384615384615385
canarito82	0.0015721633458099	0.00112661167759247	0.00386557886557887
canarito53	0.00156526061536008	0.000947866986192976	0.00374902874902875
canarito73	0.00156345321031172	0.00113330650764943	0.00381377881377881
canarito55	0.00155203907457961	0.000906899315484534	0.00380730380730381
mtarjeta_master_consumo	0.00155183767910828	0.00209118111612699	0.00135327635327635
internet	0.00155076567778136	0.000704896965878632	0.00124967624967625
mttarjeta_visa_debitos_automaticos	0.00153987411658446	0.00160497488980701	0.00297202797202797
Visa_mconsumosdolares	0.00153441822063784	0.00233066639652129	0.00199430199430199
canarito36	0.00153203237677842	0.00195094384386005	0.00377492877492878
mcomisiones_delta1	0.00151515027238614	0.00189098341753482	0.00317922817922818
Master_Finiciomora_delta1	0.00151248911197533	0.00111514103370165	0.000200725200725201
canarito24	0.00150232771712079	0.000884906405866928	0.00372960372960373
Visa_delinquency	0.00149650448349436	0.00148268122564751	0.000433825433825434
canarito85	0.00149343141306057	0.000898596507917847	0.00354830354830355
mttarjeta_visa_debitos_automaticos_lag1	0.0014878147738113	0.00166678848571965	0.00295260295260295
canarito61	0.00147974945291883	0.000707864329854384	0.00356772856772857
cmobile_app_trx_delta1	0.00147949806954937	0.00133479081484712	0.0031015281015281
canarito80	0.00147004311490135	0.00120673403719657	0.0037037037037037
Visa_mconsumospesos	0.00145901780162689	0.00243293015390529	0.00266122766122766
Visa_mconsumospesos_lag1	0.00144681772445624	0.000673413143456811	0.00284900284900285
canarito79	0.00144269118916157	0.000847293181381367	0.00358715358715359
Master_fultimo_cierre_lag1	0.00144140216561348	0.00109852455520632	0.00334110334110334
mtransferencias_emitidas	0.00143394043862233	0.0028422398393067	0.00211085211085211
canarito28	0.00142673680090836	0.000861553376672978	0.00359362859362859
Visa_mfinanciacion_limite_delta1	0.00142188394280516	0.00256254199182999	0.00135975135975136
canarito6	0.00140349282347429	0.00154057128179246	0.0033993783993784
Visa_fultimo_cierre_lag1	0.00132770430125381	0.00202649006222197	0.00290727790727791
Master_mlimitecompra_lag1	0.00132719254021272	0.000964255200794302	0.00266770266770267
mcomisiones_otras_delta1	0.00131522402974619	0.00134361513043443	0.00302382802382802
Master_fultimo_cierre	0.00131358206975103	0.00327846746943217	0.00308857808857809
ccallcenter_transacciones_delta1	0.00130406870039859	0.00153066682812333	0.00185185185185185
canarito21	0.00129326432854117	0.00171157965996077	0.00311447811447811
Visa_cconsumos_lag1	0.00127954681017612	0.00171741188576074	0.00262885262885263
Master_msaldopesos	0.00126613761603487	0.00391066834992039	0.00177415177415177
Visa_mconsumospesos_delta1	0.00126284525125554	0.00096636255972237	0.00259000259000259
Visa_Fvencimiento_delta1	0.00126261561004944	0.00019194814149302	0.000505050505050505
tpaquete3_delta1	0.00126117646163522	0.00283684927914924	0.000427350427350427
Visa_msaldopesos_delta1	0.0012548737367976	0.000958509482011679	0.00216912716912717
Master_msaldototal	0.00119638837296719	0.00403799688244105	0.0018000518000518
Visa_cconsumos_delta1	0.00119067336346163	0.00157086946489327	0.00234395234395234
Visa_Finiciomora_lag1	0.00117386007109607	0.00224679311130585	0.00103600103600104
tpaquete3	0.00114633698148835	0.00395355050489726	0.000835275835275835
mtarjeta_visa_consumo_lag1	0.00109870604047538	0.0011381015156443	0.00179357679357679
Visa_msaldototal_delta1	0.00109764343830679	0.00103249364222824	0.00234395234395234
ccomisiones_otras_lag1	0.00108365707032349	0.000804508396783812	0.00246050246050246
mtransferencias_recibidas_lag1	0.00107955640361763	0.00342816799625048	0.0020979020979021
Visa_status_delta1	0.00104792412569083	0.000999251021510667	0.000420875420875421
Master_mpagominimo	0.00104065884622829	0.00281754795073558	0.0015022015022015
Master_Finiciomora	0.00103304125298609	0.00363039441102767	0.000958300958300958
ctarjeta_visa_debitos_automaticos_lag1	0.00102935437348029	0.000725632391364209	0.00202667702667703
ccallcenter_transacciones	0.00102717838541733	0.00138856852199468	0.00113312613312613
ccaja_seguridad_lag1	0.0010170556174721	0.00248796314585393	0.000492100492100492
mtransferencias_emitidas_lag1	0.000998892583045814	0.00197224476398525	0.0022015022015022
Visa_delinquency_lag1	0.000988830146800977	0.000236623417657734	0.000207200207200207
thomebanking	0.000979116005256261	0.00221432958691557	0.000977725977725978
Visa_mconsumosdolares_lag1	0.000968614326825406	0.000780322154391927	0.00216265216265216
mtarjeta_visa_consumo_delta1	0.000938998891369645	0.000629433389043308	0.0014957264957265
ctarjeta_debito_transacciones_lag1	0.000919310569038706	0.00105465903270941	0.00159285159285159
Visa_mconsumototal	0.000918128766982389	0.00112273325743244	0.00205905205905206
ctarjeta_visa_debitos_automaticos_delta1	0.000894630577813107	0.00128685393088415	0.00142450142450142
tcallcenter	0.000886342102648862	0.000922521962976224	0.000660450660450661
mcuenta_debitos_automaticos_lag1	0.000880956825014924	0.00166705200555525	0.00174825174825175
mextraccion_autoservicio	0.000879650154106221	0.00170504931320028	0.00127557627557628
mcomisiones_mantenimiento_delta1	0.000875811045754596	0.00227466296645274	0.00170940170940171
mtransferencias_emitidas_delta1	0.000865192550086899	0.00135327312574442	0.00166407666407666
ctransferencias_recibidas	0.000859076930136723	0.00355830973964124	0.00145040145040145
Visa_mconsumosdolares_delta1	0.000853996465628652	0.00193906905624565	0.00201372701372701
internet_lag1	0.000840647452230709	0.000395654306120934	0.00103600103600104
Master_mpagospesos_lag1	0.000838663592782288	0.000998061183466935	0.002000777000777
mautoservicio_lag1	0.000826133829675489	0.00331474050161272	0.00168997668997669
ccomisiones_otras_delta1	0.00082223492959477	0.000600860081224511	0.00178062678062678
Visa_mconsumototal_lag1	0.000810781383664665	0.000516448293158382	0.00178062678062678
Master_msaldopesos_lag1	0.000806209603682457	0.000981267225628605	0.00144392644392644
tmobile_app_lag1	0.000799083339916663	0.00026602454031668	0.000867650867650868
internet_delta1	0.000795504680494783	0.000322109545569544	0.000861175861175861
ctarjeta_master_transacciones	0.000780613354927141	0.00231696329842385	0.001003626003626
Master_mpagominimo_lag1	0.000769527890330107	0.00195934435503802	0.00141802641802642
ctarjeta_visa_debitos_automaticos	0.000754220268665393	0.000611576687831576	0.00148277648277648
Master_status_delta1	0.000750736226797139	0.000323811694431746	0.000336700336700337
cplazo_fijo	0.000749016381630418	0.00944572175162025	0.000537425537425538
tmobile_app	0.00069522580120136	0.000741380067488063	0.0011978761978762
Master_mpagospesos	0.000689288199292657	0.000926300480194022	0.00134680134680135
Visa_mconsumototal_delta1	0.000689054565491794	0.000547668862330176	0.00154105154105154
mautoservicio_delta1	0.000683631444359553	0.000584986643358175	0.00165112665112665
mextraccion_autoservicio_lag1	0.000683564421981702	0.000855895764421123	0.0013986013986014
mtransferencias_recibidas_delta1	0.000675715049300887	0.00066608617236782	0.00165112665112665
tmobile_app_delta1	0.000668153776998088	0.000748954163400117	0.00105542605542606
ctransferencias_recibidas_delta1	0.000661962767622712	0.00170525705000543	0.00109427609427609
mplazo_fijo_dolares	0.000656847775228508	0.00635489793313439	0.000783475783475783
mpagomiscuentas_lag1	0.00063530061845771	0.00406216719634515	0.00135975135975136
Master_msaldototal_lag1	0.000628131242864661	0.00089797849592101	0.00128205128205128
ctransferencias_emitidas	0.000587456316483434	0.0017372849735749	0.00104247604247604
tcallcenter_delta1	0.000586455757371943	0.000254519506887381	0.000511525511525512
ctarjeta_debito_transacciones_delta1	0.000582667364607446	0.00056516307381358	0.00132090132090132
ctransferencias_recibidas_lag1	0.000569399874030951	0.000900158499416807	0.00114607614607615
Visa_mpagado_delta1	0.000568350671016511	0.00167267116283868	0.00124320124320124
ctransferencias_emitidas_delta1	0.000563509695707187	0.00164108817058495	0.0012043512043512
mprestamos_prendarios	0.000559076831782706	0.00675766254292258	0.00056980056980057
Master_mconsumospesos	0.000552704013067597	0.00126932979517055	0.00112665112665113
Master_fultimo_cierre_delta1	0.000528119174229001	0.000251213912470138	0.00113960113960114
ccomisiones_mantenimiento	0.000526769323415556	0.00143844521585518	0.000841750841750842
cpagomiscuentas	0.00052229522630887	0.00159727003367305	0.000848225848225848
cpayroll_trx_delta1	0.00052002815937597	0.00148244476424723	0.000485625485625486
ctarjeta_debito	0.000514965347488765	0.00176755149963932	0.00117845117845118
ccaja_ahorro_lag1	0.000508571366767502	0.00108891527840918	0.000783475783475783
Master_mpagospesos_delta1	0.000508113940246695	0.00137388978735872	0.00123672623672624
Master_mpagominimo_delta1	0.000488477332829015	0.00275802465809818	0.00116550116550117
matm	0.000481025784553758	0.000522839348958731	0.000887075887075887
mextraccion_autoservicio_delta1	0.000479246278797325	0.000619367784397324	0.00110722610722611
mcuenta_debitos_automaticos_delta1	0.000469682674008944	0.00205968549729372	0.00108132608132608
ccajas_consultas	0.000469658456039256	0.00282819957711005	0.000997150997150997
tpaquete4	0.000462297531927705	0.00326055345232297	0.000563325563325563
Master_mfinanciacion_limite_delta1	0.000453604377144559	0.00140472900587313	0.00106190106190106
cpagomiscuentas_delta1	0.000449888415890436	0.00317388215161489	0.000951825951825952
matm_lag1	0.000439643312027968	0.0006012905502731	0.00101657601657602
ctransferencias_emitidas_lag1	0.000437322016636204	0.00121254726877471	0.000951825951825952
Master_mconsumospesos_delta1	0.000435148386268501	0.000994158237434504	0.00102952602952603
Master_Finiciomora_lag1	0.000428186440148679	0.00203169947748485	0.000660450660450661
Master_cconsumos	0.000427542968009	0.00142751560737797	0.000861175861175861
Visa_fultimo_cierre_delta1	0.000426569325316884	0.000512300421633836	0.00104895104895105
Master_msaldototal_delta1	0.000425733189484627	0.000822520250797079	0.000984200984200984
Visa_mpagosdolares	0.000424578801002955	0.00104469699655723	0.000666925666925667
Master_mconsumospesos_lag1	0.000423945565931303	0.00117609329163876	0.001003626003626
ccuenta_debitos_automaticos	0.000423373313363696	0.00174096325461851	0.000880600880600881
matm_other_delta1	0.00042023973403231	0.000475554999823872	0.000880600880600881
matm_delta1	0.000419689919205043	0.000438970329112405	0.000984200984200984
Master_msaldopesos_delta1	0.000415027538607946	0.000774145166804006	0.00103600103600104
Master_mconsumototal	0.000410482183761756	0.000407639860039524	0.000634550634550635
mtarjeta_master_consumo_lag1	0.000400097544415944	0.00270577055412755	0.000828800828800829
Visa_mpagado	0.000395291753240155	0.00141491350768318	0.000977725977725978
cextraccion_autoservicio_delta1	0.000392306958266177	0.000901320679207687	0.000925925925925926
ccuenta_debitos_automaticos_lag1	0.000384084923304111	0.00131156861252147	0.000887075887075887
ctarjeta_master_transacciones_lag1	0.000374803441714841	0.000935473289767255	0.000744625744625745
Master_cconsumos_lag1	0.000372256668364207	0.000696768971799242	0.000880600880600881
ccuenta_debitos_automaticos_delta1	0.000368892499512832	0.00427865840501502	0.000809375809375809
Master_mlimitecompra_delta1	0.000366464657165259	0.0011876419118087	0.000809375809375809
ccajas_consultas_delta1	0.000361283339682831	0.00167559627300164	0.000802900802900803
Visa_mlimitecompra_delta1	0.000360182691129123	0.00120136340431044	0.000887075887075887
Visa_mpagosdolares_lag1	0.000358236440914157	0.00171127641887529	0.000841750841750842
thomebanking_lag1	0.000355241088730581	0.000166790194699768	0.000595700595700596
mplazo_fijo_dolares_delta1	0.000355235999984291	0.00389938171671902	0.000718725718725719
cpagomiscuentas_lag1	0.000347638277661457	0.000649185913533592	0.000783475783475783
Visa_msaldodolares	0.00034673789827284	0.000786428496803892	0.000802900802900803
Master_mconsumototal_lag1	0.000335713750389545	0.000439017314819056	0.000744625744625745
cextraccion_autoservicio_lag1	0.000334446567420513	0.00034747482928959	0.000731675731675732
catm_trx_lag1	0.000334225619091751	0.000856615945337527	0.000725200725200725
mpagomiscuentas_delta1	0.000325515236667416	0.00111460333060767	0.000802900802900803
Visa_msaldodolares_delta1	0.000321196012785715	0.000558220652408807	0.000699300699300699
catm_trx_delta1	0.000313464380516507	0.000594174914894448	0.000796425796425796
Master_status_lag1	0.000312479754962293	0.000524790288803807	0.000310800310800311
mcheques_emitidos_rechazados_lag1	0.000312271861730299	0.00135600076264666	0.000362600362600363
Visa_mpagado_lag1	0.000306973521677583	0.000903686426199136	0.000712250712250712
ctarjeta_debito_lag1	0.000306438523153881	0.000594894229407751	0.00067987567987568
ccomisiones_mantenimiento_lag1	0.000299939909353334	0.000681288147830605	0.00055037555037555
mtarjeta_master_consumo_delta1	0.00029504819888384	0.000710595365722643	0.000744625744625745
ccallcenter_transacciones_lag1	0.000292100286861123	0.000732794545924764	0.000718725718725719
Master_delinquency	0.000285262505636993	0.000721904858636605	0.00023957523957524
Master_cconsumos_delta1	0.00028351463768469	0.000547963172799068	0.000647500647500648
matm_other	0.000279858669456166	0.00062342088475186	0.000666925666925667
matm_other_lag1	0.000278998922846687	0.000509780055011992	0.000602175602175602
catm_trx_other_lag1	0.000278850368839519	0.000500433298354563	0.000582750582750583
mplazo_fijo_dolares_lag1	0.000277399370049273	0.00139885172711189	0.00044030044030044
Visa_delinquency_delta1	0.000271648391898175	9.52260982844699e-05	0.000213675213675214
mcheques_emitidos_rechazados	0.000268672976203653	0.00124207808531329	0.000369075369075369
Visa_msaldodolares_lag1	0.000268291712059714	0.000497022869162056	0.000634550634550635
Visa_mpagosdolares_delta1	0.00026566025551415	0.000739115756305865	0.000615125615125615
active_quarter	0.000264025933164699	0.000127399377635794	0.000148925148925149
Master_mconsumototal_delta1	0.00025579120728678	0.000426694530154862	0.000660450660450661
Master_delinquency_lag1	0.000255761130126931	0.00013572177924185	0.000194250194250194
catm_trx_other_delta1	0.000250136814452866	0.00061289701951165	0.000621600621600622
Master_mconsumosdolares_delta1	0.000247238915773224	0.000402031432825269	0.000369075369075369
mforex_sell	0.000242371485784822	0.00136010957938526	0.000537425537425538
minversion2	0.000240411180107138	0.00552349325170404	0.000446775446775447
tcuentas_lag1	0.000239441601267894	0.00082944547743261	0.000168350168350168
mprestamos_prendarios_lag1	0.000238053636603502	0.00237140920230174	0.000304325304325304
cliente_vip_lag1	0.000234328601409379	0.0003326286122695	0.000265475265475265
cinversion1	0.000232996178554977	0.00673033952142543	0.00034965034965035
ctarjeta_master_transacciones_delta1	0.000227014268355654	0.00137339207210018	0.000511525511525512
tpaquete4_lag1	0.000226362001252991	0.00125250697944431	0.00034965034965035
mttarjeta_master_debitos_automaticos_delta1	0.000215968817662632	0.00113222130444179	0.000589225589225589
mttarjeta_master_debitos_automaticos	0.000215892730641977	0.000617877371123814	0.000511525511525512
ccajas_transacciones_delta1	0.000209012683023681	0.000279092764880003	0.000414400414400414
Master_Fvencimiento_delta1	0.000207739797204162	0.000127757068823869	0.000485625485625486
mcheques_emitidos	0.000205849157671828	0.00450614633507928	0.000375550375550376
ccajas_consultas_lag1	0.000204897925011966	0.000643520836885787	0.000485625485625486
mcheques_depositados	0.000204713646594134	0.00201166683820726	0.000375550375550376
thomebanking_delta1	0.000202197624878147	0.000400571476953092	0.000407925407925408
mttarjeta_master_debitos_automaticos_lag1	0.000191672765604174	0.000657001402678963	0.000427350427350427
Master_fechaalta_delta1	0.000190443583451771	0.00146609373833287	0.000394975394975395
ccajas_transacciones_lag1	0.000189124332031407	0.000109002773999132	0.000382025382025382
ccheques_emitidos	0.000188972938709815	0.00236516903393381	0.000252525252525253
Visa_fechaalta_delta1	0.000188644734391792	9.02300181236967e-05	0.000466200466200466
cliente_vip_delta1	0.000186399095903082	0.000253325136888966	0.000265475265475265
catm_trx	0.0001859968437084	0.000420663498166322	0.000453250453250453
mforex_sell_lag1	0.000185808453300246	0.00100852040170651	0.000394975394975395
mforex_buy_delta1	0.000183967328671236	0.0015347609160092	0.000446775446775447
ccajas_depositos	0.000181659089354892	0.00231268739917948	0.000420875420875421
ctarjeta_master	0.000178912710671124	0.000640612988138459	0.000278425278425278
mcaja_ahorro_adicional	0.000178853726697013	0.000725151670935741	0.000375550375550376
mprestamos_prendarios_delta1	0.000172591245379653	0.0019366286652947	0.000265475265475265
ctarjeta_visa_delta1	0.000171022139672584	0.000456088588296213	0.000135975135975136
ccajas_transacciones	0.000170121170646074	0.00017356899921117	0.000317275317275317
cseguro_vida_lag1	0.000169621690954928	0.000564581584039785	0.000375550375550376
ctarjeta_master_delta1	0.000167855049580434	0.000257123248146133	9.71250971250971e-05
ccajas_otras_lag1	0.000167327232161226	0.000572422398814272	0.000356125356125356
catm_trx_other	0.000165651440896744	0.000555452094621619	0.000414400414400414
Master_delinquency_delta1	0.000161117476949415	0.000492824812904024	0.000142450142450142
ccheques_emitidos_rechazados_lag1	0.000158869262403698	0.000630425353947969	0.000161875161875162
minversion2_lag1	0.000154151186837556	0.00202383506988745	0.000343175343175343
active_quarter_lag1	0.000152921724423656	4.4268133353469e-05	0.000226625226625227
ctarjeta_debito_delta1	0.000147986601436048	0.00504621177708474	0.000317275317275317
ccajas_otras	0.000146765741985821	0.000564314398652605	0.000362600362600363
ccheques_depositados	0.000145964890660107	0.00151868887189347	0.000226625226625227
mtarjeta_visa_descuentos_delta1	0.000145584008435151	0.00191585291874172	0.000407925407925408
ccajas_depositos_lag1	0.000143341571606808	0.00187724699624118	0.000252525252525253
ccajas_extracciones_lag1	0.000143299086606227	0.0029301159068504	0.000369075369075369
mforex_sell_delta1	0.000141312935888562	0.000570532906943	0.000388500388500389
mcheques_depositados_lag1	0.000136464603562027	0.00204946054112347	0.00033022533022533
tcallcenter_lag1	0.000134766584906241	7.25951161059115e-05	0.000226625226625227
ccaja_seguridad_delta1	0.000133301291128173	0.00236202878921614	0.000168350168350168
mforex_buy	0.000131058358429041	0.00165719760332682	0.000317275317275317
mforex_buy_lag1	0.000130913822889753	0.00136356752745555	0.00033022533022533
mcaja_ahorro_adicional_delta1	0.000130597430780323	0.000716880187173487	0.000304325304325304
Master_mpagosdolares_lag1	0.000128086336088367	0.000664284920320101	0.000304325304325304
ccajas_extracciones_delta1	0.000126527904784486	0.00188324697101085	0.000343175343175343
mcaja_ahorro_adicional_lag1	0.000124078187849693	0.000593209608546753	0.000297850297850298
mpagodeservicios	0.000123287977163669	0.00302841380400753	0.000356125356125356
cseguro_accidentes_personales_lag1	0.000122080564393384	0.000283218109923913	0.000252525252525253
ccajas_extracciones	0.000122065663558743	0.000831471261176366	0.000310800310800311
cseguro_accidentes_personales	0.000121881253573369	0.000194086957518306	0.000271950271950272
mcajeros_propios_descuentos_lag1	0.000121635671592436	0.000377376333062766	0.000226625226625227
Master_mpagado_delta1	0.000121278029052057	0.000197297580826361	0.000278425278425278
cforex_lag1	0.000121135297657928	0.000664519515621391	0.000246050246050246
ccheques_emitidos_lag1	0.000119223650134815	0.00120555219671993	0.000265475265475265
ctarjeta_master_debitos_automaticos_lag1	0.000118748988327099	0.000311854598522717	0.000291375291375291
Master_mconsumosdolares_lag1	0.000114979615421627	0.00013666482569448	0.000246050246050246
ccajas_otras_delta1	0.00011488920790703	0.000543797506687748	0.000317275317275317
mprestamos_hipotecarios	0.00011468586858795	0.00312145843257557	0.000174825174825175
Master_mconsumosdolares	0.000113015814916105	0.000932852153800084	0.000187775187775188
Master_mpagado	0.000111887407629388	0.000331819258480048	0.000233100233100233
mcheques_depositados_delta1	0.000111234949200239	0.00160234608950471	0.000297850297850298
cprestamos_hipotecarios	0.000110287919545344	0.00174516124423015	0.000123025123025123
ccheques_emitidos_rechazados	0.0001082172234392	0.000428916654170662	0.000135975135975136
cforex_buy	0.000106555236552005	0.000553147995543152	0.000226625226625227
mtarjeta_visa_descuentos	0.00010617239482087	0.005206287347749	0.000246050246050246
mcheques_emitidos_rechazados_delta1	0.000106134922598709	0.000665233765008871	0.000207200207200207
ctarjeta_master_debitos_automaticos	0.000103610290456827	0.000427207307498079	0.000271950271950272
mprestamos_hipotecarios_lag1	0.0001028888107529	0.000998556832687303	0.00012950012950013
mcheques_emitidos_lag1	0.000102774873505709	0.00066773687021508	0.000226625226625227
mcajeros_propios_descuentos_delta1	0.000102438862112838	0.000577519914784296	0.000259000259000259
minversion2_delta1	0.000101684182614853	0.00184417379065312	0.000233100233100233
mcheques_depositados_rechazados_lag1	9.90462081239288e-05	0.00163332199976996	0.000213675213675214
cforex_buy_delta1	9.86222285680031e-05	0.00106743141393681	0.000226625226625227
Master_msaldodolares	9.84374963002568e-05	0.00253273732526498	0.000265475265475265
cpagodeservicios_lag1	9.69041384303373e-05	0.000181346033388118	0.000207200207200207
cseguro_vivienda_lag1	9.68241792502919e-05	0.000739777821568086	0.000233100233100233
cseguro_vida	9.45956701094008e-05	0.000117379292475827	0.000213675213675214
cforex_sell_delta1	9.3299920407714e-05	0.000209955130319641	0.00022015022015022
ccajas_depositos_delta1	9.23095986089142e-05	0.00102069896357752	0.000271950271950272
tcuentas	9.20431830819399e-05	0.000181918059374191	9.06500906500906e-05
cseguro_vivienda	9.19981960349175e-05	0.00107531694844061	0.000213675213675214
Master_mpagosdolares	9.17118410829324e-05	0.00044797352361695	0.000194250194250194
Master_msaldodolares_lag1	9.09202098833755e-05	0.000148830191579797	0.00022015022015022
cforex	9.04089210419249e-05	0.000250012144722165	0.000194250194250194
mtarjeta_visa_descuentos_lag1	8.96978989697436e-05	0.00186809064832687	0.000265475265475265
mcheques_depositados_rechazados	8.79699599831075e-05	0.000832910290081325	0.000174825174825175
Master_mpagosdolares_delta1	8.72951611283356e-05	0.000497189218557517	0.000200725200725201
ccajeros_propios_descuentos	8.69998478396314e-05	0.00276386228225594	0.000194250194250194
Master_mpagado_lag1	8.53813297430469e-05	0.000179154633359219	0.000194250194250194
ccheques_emitidos_rechazados_delta1	8.35377164628965e-05	0.00180803911638322	0.000168350168350168
ccajeros_propios_descuentos_delta1	8.24900948279289e-05	0.00018580934228795	0.000187775187775188
mpagodeservicios_delta1	8.24753034188267e-05	0.000598177497283536	0.000233100233100233
mcheques_emitidos_delta1	8.24419198828356e-05	0.000870875807397176	0.000207200207200207
ctarjeta_visa_descuentos_delta1	8.22223338378056e-05	0.000295525099393106	0.000226625226625227
minversion1_pesos	8.16718277151574e-05	0.00140120034598048	0.000168350168350168
cforex_delta1	7.96366563134815e-05	0.000152370981115862	0.000200725200725201
cprestamos_prendarios_lag1	7.60408969033455e-05	0.00046453121999418	9.06500906500906e-05
cprestamos_hipotecarios_lag1	7.54521323339011e-05	0.000527974320201291	7.12250712250712e-05
cforex_sell_lag1	7.29107689109448e-05	0.000189544006179541	0.000168350168350168
Master_msaldodolares_delta1	7.17167923000925e-05	0.000165019599992558	0.000187775187775188
ctarjeta_master_debitos_automaticos_delta1	7.10173712923121e-05	0.000266490798477995	0.000200725200725201
ctarjeta_visa_lag1	7.03992192069243e-05	7.78527833569019e-05	0.000103600103600104
minversion1_pesos_lag1	6.97879908405264e-05	0.000695435977304609	0.000168350168350168
tpaquete3_lag1	6.90562421400462e-05	0.00013339108825281	0.000123025123025123
mpagodeservicios_lag1	6.68694457820582e-05	0.000260770671910057	0.000181300181300181
mcajeros_propios_descuentos	6.41614135626099e-05	0.000255204431862199	0.000168350168350168
cinversion2_delta1	6.39959137048933e-05	0.00275457870637852	0.000148925148925149
mtarjeta_master_descuentos_lag1	6.21438873807443e-05	0.00460874645680578	0.000181300181300181
ctarjeta_visa_descuentos_lag1	6.07517957404192e-05	0.000181652940025176	0.000168350168350168
cplazo_fijo_lag1	6.06693252167373e-05	0.000797320050191038	0.000135975135975136
ccajeros_propios_descuentos_lag1	6.0655275564766e-05	0.00224848926199274	0.000168350168350168
ccheques_depositados_rechazados	5.76390746660409e-05	0.000384121881024354	9.06500906500906e-05
Visa_madelantopesos	5.52439878044694e-05	0.000327064304967022	9.06500906500906e-05
cplazo_fijo_delta1	5.44862054899803e-05	0.000482947750902173	0.000142450142450142
ctarjeta_master_descuentos_delta1	5.4384512281624e-05	7.9670363770762e-05	0.00012950012950013
Visa_cadelantosefectivo	5.30142239092463e-05	0.000418299017456329	0.000103600103600104
ccheques_depositados_lag1	5.26704020162462e-05	0.000991475053675996	0.000135975135975136
ctarjeta_visa_descuentos	5.23566795474312e-05	0.000315768141331542	0.000148925148925149
ccheques_depositados_rechazados_lag1	4.99913786967077e-05	0.000548508073703428	9.06500906500906e-05
cseguro_vivienda_delta1	4.94424623944064e-05	0.000464425718754992	0.000103600103600104
cpagodeservicios	4.80794112766871e-05	0.000545078383703514	0.00011007511007511
ccheques_depositados_delta1	4.76541508486513e-05	0.000143561261088489	0.000135975135975136
tpaquete4_delta1	4.7483664880784e-05	0.000679882642061028	8.41750841750842e-05
cpagodeservicios_delta1	4.71695344363721e-05	0.000376845427900812	0.000142450142450142
cliente_edad_delta1	4.68766150530517e-05	4.34807062271212e-05	0.00012950012950013
cforex_buy_lag1	4.36958627328325e-05	0.000463437685987484	0.000116550116550117
Master_madelantopesos_lag1	4.21994984018617e-05	4.18845251288538e-05	5.82750582750583e-05
cseguro_auto_lag1	3.99132905017378e-05	0.000141839718126095	9.71250971250971e-05
active_quarter_delta1	3.95512673921995e-05	9.56319081678666e-05	9.71250971250971e-05
cliente_antiguedad_delta1	3.9438149643816e-05	0.00437614095020739	0.00011007511007511
ctarjeta_master_lag1	3.88572808395661e-05	0.000363035428989944	9.06500906500906e-05
cinversion2_lag1	3.80835715737026e-05	0.00137093035430366	9.71250971250971e-05
mtarjeta_master_descuentos	3.54415384901619e-05	0.000422898751521428	9.06500906500906e-05
cliente_vip	3.44964209991522e-05	0.000202852424341117	0.000103600103600104
mtarjeta_master_descuentos_delta1	3.43649187816235e-05	0.000759716489432377	0.00011007511007511
cseguro_auto	3.34650672534867e-05	0.000214994730574659	9.06500906500906e-05
ctarjeta_master_descuentos_lag1	3.06927159991345e-05	0.000242045234973235	7.12250712250712e-05
ccheques_emitidos_delta1	2.94927119922902e-05	0.000286634270706167	9.06500906500906e-05
cseguro_accidentes_personales_delta1	2.81033758693022e-05	0.000754684286926916	8.41750841750842e-05
minversion1_pesos_delta1	2.75573081786197e-05	8.89518736100193e-05	7.77000777000777e-05
cforex_sell	2.70458583488975e-05	0.00016618264618654	7.12250712250712e-05
cinversion2	2.38373630764341e-05	0.00143895819313758	7.77000777000777e-05
Visa_cadelantosefectivo_delta1	2.21614058080881e-05	0.000284792231066292	5.82750582750583e-05
Master_madelantopesos	2.19872091584278e-05	0.000128326428954245	5.18000518000518e-05
minversion1_dolares_lag1	2.11061148435571e-05	0.000643255584243988	5.18000518000518e-05
ctarjeta_master_descuentos	2.06830658022872e-05	0.000290011643288038	5.18000518000518e-05
mprestamos_hipotecarios_delta1	1.98697552566059e-05	0.000292638510844957	5.18000518000518e-05
Visa_madelantopesos_delta1	1.82245161652392e-05	0.000132061492724191	5.18000518000518e-05
cseguro_vida_delta1	1.80744711815872e-05	0.00065902585349487	6.47500647500648e-05
minversion1_dolares_delta1	1.75635302509604e-05	0.000572809547707794	4.53250453250453e-05
cinversion1_lag1	1.65586204191993e-05	0.000258664179385091	3.88500388500389e-05
Master_madelantopesos_delta1	1.38962691722827e-05	6.29121950451567e-05	3.23750323750324e-05
minversion1_dolares	1.37958117568738e-05	0.00230148127482015	6.47500647500648e-05
Visa_madelantopesos_lag1	1.30119249984296e-05	3.33354591422044e-05	3.88500388500389e-05
Master_madelantodolares_delta1	1.28242454586991e-05	4.36600516691019e-07	6.47500647500648e-06
Master_cadelantosefectivo	1.18770505339306e-05	6.88579196514086e-05	2.59000259000259e-05
ccuenta_corriente	1.18692690263694e-05	0.000294211232413095	3.88500388500389e-05
ccuenta_corriente_lag1	1.15920015931815e-05	0.000345929366095948	3.23750323750324e-05
cinversion1_delta1	8.66989870614619e-06	0.000167358221902295	1.94250194250194e-05
cprestamos_prendarios	8.38875996988835e-06	0.000315727287092994	1.2950012950013e-05
Visa_cadelantosefectivo_lag1	7.7128102202393e-06	1.20500009800519e-05	2.59000259000259e-05
Master_cadelantosefectivo_delta1	7.26491846224254e-06	0.000211899938696616	2.59000259000259e-05
mplazo_fijo_pesos_delta1	7.1223120297541e-06	0.000370872111688101	2.59000259000259e-05
ccheques_depositados_rechazados_delta1	6.8711858011411e-06	0.000503409393007721	2.59000259000259e-05
Visa_madelantodolares	6.66580427977817e-06	7.1771499988484e-07	1.94250194250194e-05
mplazo_fijo_pesos	5.55770023199267e-06	0.000445350254965221	1.94250194250194e-05
mcheques_depositados_rechazados_delta1	5.03423683600667e-06	0.000262891426763	1.94250194250194e-05
mpayroll2_lag1	3.66508614670266e-06	0.000846884638995882	1.94250194250194e-05
Master_cadelantosefectivo_lag1	2.77104169550224e-06	3.28833300160814e-07	6.47500647500648e-06
tcuentas_delta1	2.02741631772157e-06	6.09863808900195e-05	6.47500647500648e-06
cprestamos_prendarios_delta1	1.90187066623859e-06	4.69269245323534e-05	6.47500647500648e-06
Visa_madelantodolares_lag1	1.8053985668701e-06	1.2811769245321e-05	6.47500647500648e-06
mplazo_fijo_pesos_lag1	1.4522479173286e-06	1.7716410555705e-05	6.47500647500648e-06
