Feature	Gain	Cover	Frequency
ctrx_quarter	0.179791763704194	0.0244986488491072	0.00496916299559471
mcaja_ahorro	0.0620990401851365	0.0196023656111091	0.00543612334801762
mdescubierto_preacordado_delta1	0.0457935958742499	0.00453325014438307	0.00141850220264317
mcuentas_saldo	0.0342068832817244	0.0199406299027651	0.00818502202643172
Visa_status	0.0318404562983387	0.00306167113183494	0.000599118942731278
mtarjeta_visa_consumo	0.0243301395763849	0.0210752066556542	0.00320704845814978
foto_mes	0.0213799671010222	0.0183538504809205	0.0132511013215859
Visa_Finiciomora	0.0174577000144632	0.0122439405792005	0.00291629955947137
mdescubierto_preacordado	0.0163873367006483	0.0046061415044912	0.00225550660792952
mprestamos_personales	0.0153748357025613	0.0162604420703186	0.00795594713656388
ctarjeta_visa_transacciones	0.0151901011948705	0.0214293186796363	0.0040352422907489
mprestamos_personales_delta1	0.0150165376506434	0.011721088853432	0.00642290748898679
cpayroll_trx	0.01490415024971	0.0280263570924016	0.00247577092511013
ctarjeta_visa	0.0121355920900976	0.00365029427857124	0.000634361233480176
mpayroll	0.00934021806776009	0.0220947597336645	0.00319823788546256
ctrx_quarter_delta1	0.00925183590781183	0.0103919860279047	0.00963876651982379
mcuenta_corriente	0.00923830137401909	0.00472525714684758	0.00670484581497797
mrentabilidad	0.00666987590869842	0.00174294226550302	0.0047488986784141
cproductos_delta1	0.00572286883527974	0.0128209679974199	0.00287224669603524
mcaja_ahorro_lag1	0.00537480413485618	0.00391474109055861	0.00429955947136564
mactivos_margen	0.00513632432723392	0.0087146656808774	0.00751541850220264
ccaja_ahorro	0.00489482391369206	0.0087442019425236	0.0033215859030837
mpasivos_margen	0.00430626426385663	0.00292415825588697	0.00431718061674009
mcuenta_corriente_delta1	0.00425055094936441	0.00244636584774972	0.00432599118942731
cproductos	0.00421091547932805	0.00734554019552587	0.00422907488986784
Visa_delinquency	0.00415278023388666	0.0013245993360543	0.000220264317180617
Visa_mpagospesos	0.00408272404517868	0.0021443922716649	0.00318061674008811
mcuentas_saldo_delta1	0.0038555219648729	0.00986203886392609	0.00648458149779736
mrentabilidad_annual	0.00382224640967447	0.0034495205467292	0.00629955947136564
mcuenta_corriente_lag1	0.00376155308620875	0.00293218215451077	0.00509251101321586
mprestamos_personales_lag1	0.00373178040958622	0.00139184448017811	0.00207929515418502
cliente_edad_lag1	0.00368557791305846	0.00704704762422944	0.00797356828193833
Visa_mpagominimo	0.00360851924674416	0.016791952534103	0.00451101321585903
mautoservicio	0.00360042822272447	0.0154844876193589	0.0021057268722467
cliente_edad	0.00355983321583183	0.00532362924497065	0.00734801762114538
Visa_fechaalta	0.00331576730674143	0.00180460135357014	0.00439647577092511
mcuentas_saldo_lag1	0.00327325329053861	0.00164560498512277	0.00445814977973568
mrentabilidad_annual_lag1	0.00323023725781433	0.00315419109235449	0.00637885462555066
mrentabilidad_annual_delta1	0.00309852322800016	0.00239894570162211	0.00666960352422908
numero_de_cliente	0.00305888126785408	0.00822619695333783	0.00713656387665198
Visa_msaldopesos	0.00300391542555215	0.00461218925483044	0.00247577092511013
mcomisiones_mantenimiento	0.00297197292342121	0.00795017407600051	0.00381497797356828
cprestamos_personales_delta1	0.00264626152755011	0.00195699331678362	0.000828193832599119
chomebanking_transacciones	0.00256848982133662	0.00268811395230506	0.00508370044052863
mes	0.0025352967816406	0.00928073462885351	0.00491629955947137
Visa_mpagominimo_lag1	0.00243341098393148	0.00310874046209399	0.0032863436123348
mcaja_ahorro_dolares_delta1	0.00238377904548286	0.00577216301665307	0.00422026431718062
Master_fechaalta_lag1	0.00235933044233902	0.00283464613569252	0.00455506607929515
mactivos_margen_lag1	0.00234780282185903	0.00347143701904504	0.00486343612334802
Visa_Fvencimiento	0.00232121072264056	0.00118655867573467	0.00486343612334802
Master_Fvencimiento_lag1	0.00229418501300146	0.00180458574788204	0.00509251101321586
mcomisiones	0.00228189053461105	0.00118845187978696	0.00311013215859031
Visa_fechaalta_lag1	0.00227586820322676	0.00151875524177068	0.00439647577092511
Master_Fvencimiento	0.00224733011198311	0.000772410555248196	0.00466960352422908
mttarjeta_visa_debitos_automaticos_delta1	0.00219566011255265	0.00345738316056644	0.00459030837004405
ccaja_seguridad	0.00212862121259266	0.0111278834084978	0.00150660792951542
Master_Finiciomora	0.00210566845058557	0.00524176438011761	0.0019647577092511
mpayroll_delta1	0.00208742821944707	0.00922518626007712	0.00355066079295154
Visa_fultimo_cierre_lag1	0.0020761079747998	0.00247651517885307	0.00300440528634361
ccomisiones_mantenimiento_delta1	0.00207003268423568	0.00329120723925012	0.00228193832599119
ctarjeta_master	0.00204884595453336	0.000527624491389723	0.000343612334801762
Visa_Finiciomora_lag1	0.00203227186538486	0.00275007625889204	0.00185903083700441
mcaja_ahorro_delta1	0.00201834203980413	0.00166575130423702	0.00411453744493392
Master_fechaalta	0.00200698301883915	0.00263216576579946	0.00428193832599119
Visa_mfinanciacion_limite	0.00193008804680655	0.00141023110190179	0.00385903083700441
tcallcenter	0.00192488012778731	0.00134314521382508	0.000898678414096916
Visa_Fvencimiento_lag1	0.00191916145123811	0.00129536980420778	0.00459030837004405
mcaja_ahorro_dolares_lag1	0.00190483009718859	0.0043739381508938	0.00360352422907489
Visa_status_lag1	0.00189546207208961	0.000727454313186818	0.000405286343612335
canarito60	0.00189320035211823	0.00106153791902832	0.00454625550660793
mcuenta_debitos_automaticos	0.00189070094836475	0.0115062378545792	0.003215859030837
ctrx_quarter_lag1	0.00189008314309391	0.0013853554009793	0.00376211453744493
Visa_mpagospesos_delta1	0.00187738096963011	0.00318933954958495	0.00387665198237885
ccaja_ahorro_delta1	0.00183320583870668	0.0118049989997679	0.00185022026431718
canarito22	0.00181914183793884	0.000746271495845279	0.00447577092511013
canarito39	0.0018178110518956	0.000794200153319753	0.00472246696035242
Visa_mfinanciacion_limite_lag1	0.00181443667134053	0.00230224435303208	0.0034625550660793
mtransferencias_recibidas	0.00181090671240084	0.00744950224656299	0.00296916299559471
canarito35	0.00177970873079958	0.000441865227070425	0.00444933920704846
cliente_antiguedad	0.00177712566195585	0.00375647631676954	0.0039295154185022
mrentabilidad_lag1	0.00176515277053755	0.00106175749105994	0.00394713656387665
mpasivos_margen_lag1	0.0017614265251221	0.00115796546582058	0.00394713656387665
mpasivos_margen_delta1	0.00174425516710567	0.00137922767148854	0.00378854625550661
canarito50	0.00174318688863576	0.000674252415673692	0.00430837004405286
chomebanking_transacciones_delta1	0.00173692041551109	0.00172739478661603	0.00391189427312775
mpagomiscuentas	0.00173425006329689	0.0124458774810054	0.00213215859030837
Master_mfinanciacion_limite	0.00173299990278945	0.00194424557637086	0.00367400881057269
canarito47	0.00168915805419481	0.0017482798790051	0.00437885462555066
canarito48	0.00168144269087681	0.00059010248794008	0.00423788546255507
Visa_mpagominimo_delta1	0.00167747976912394	0.00277493604201266	0.00290748898678414
chomebanking_transacciones_lag1	0.00167544638990803	0.000933211253354108	0.00376211453744493
canarito64	0.00165716540439228	0.000447270569258875	0.00409691629955947
canarito32	0.00165579637984613	0.000538951646014412	0.0040352422907489
canarito8	0.0016554059762701	0.000616572934129876	0.00407929515418502
canarito36	0.00164253188960357	0.000735355395045239	0.00424669603524229
canarito68	0.00163826180582207	0.000454526355914211	0.0041057268722467
canarito25	0.0016311817842403	0.000655516226536489	0.00419383259911894
mrentabilidad_delta1	0.0016307917852945	0.000847580345819462	0.00373568281938326
canarito31	0.00162708718704919	0.000437725272101857	0.0039647577092511
mactivos_margen_delta1	0.00162195166508888	0.000857390939674242	0.00367400881057269
cmobile_app_trx	0.00161817448762638	0.00112787325153569	0.00347136563876652
Visa_mpagospesos_lag1	0.00161803924626598	0.00270984479496091	0.00370044052863436
mtarjeta_master_consumo	0.00160484460117451	0.004882055532154	0.00165638766519824
canarito19	0.00160368144014936	0.000692827944251869	0.0038942731277533
canarito17	0.0015993541938115	0.000458798803174779	0.00416740088105727
canarito78	0.00159911952141404	0.000619573517809999	0.00414977973568282
canarito3	0.00157950061233695	0.000419492444434436	0.00398237885462555
canarito63	0.00157507077068391	0.000405900124181506	0.00388546255506608
mttarjeta_visa_debitos_automaticos_lag1	0.00156642628287649	0.0013956241778368	0.00319823788546256
canarito11	0.00156426220560593	0.000655888032055558	0.00399118942731278
canarito57	0.00156355874404601	0.000416165701872947	0.00393832599118943
canarito18	0.00156018265956465	0.000518947962889433	0.00391189427312775
canarito53	0.00155787343301739	0.000753367168140673	0.00407929515418502
canarito88	0.00155730991429272	0.000657012265826542	0.00401762114537445
canarito28	0.00154988155724153	0.000687154262256477	0.00378854625550661
canarito81	0.00154052344354276	0.000439341241104986	0.00407929515418502
canarito94	0.00153305013938857	0.000881139051602803	0.00394713656387665
canarito38	0.00153246729426964	0.000524937894154245	0.00395594713656388
canarito91	0.00152537956649756	0.000406073971546981	0.00406167400881057
canarito51	0.00152447008185397	0.000594038164451372	0.00391189427312775
canarito79	0.00152218203254835	0.000563058220598713	0.00381497797356828
cliente_antiguedad_lag1	0.00152093202125142	0.00143607966142066	0.00358590308370044
canarito83	0.00151531437893106	0.000618720354841375	0.00383259911894273
canarito61	0.00151200153253154	0.00053660782771813	0.00395594713656388
canarito12	0.00151029238845078	0.000473652765282445	0.00390308370044053
canarito66	0.0015100721830027	0.000622963385379867	0.00399118942731278
canarito84	0.00151004264499549	0.000451050579031333	0.00360352422907489
canarito33	0.00150101904175044	0.000519566026166777	0.00391189427312775
canarito49	0.00150003422819577	0.000421064327368672	0.00405286343612335
canarito9	0.00149549871305155	0.000506826790854032	0.00384140969162996
canarito76	0.0014919585631037	0.000759904781029481	0.00393832599118943
canarito26	0.00149137852620819	0.000437180321473278	0.00392070484581498
canarito15	0.00149086971189876	0.000425883519911951	0.00381497797356828
canarito29	0.00148514786261054	0.000477039589743133	0.00391189427312775
canarito2	0.00148326643264918	0.000433038025651495	0.00364757709251101
canarito52	0.00148241848932802	0.000464145077833757	0.00376211453744493
canarito86	0.00147919086970233	0.000480728072154863	0.00353303964757709
canarito45	0.00147891338692822	0.000357703204928532	0.00376211453744493
canarito93	0.00147162885477359	0.000516660012956562	0.00370044052863436
canarito69	0.00146874863016309	0.000328792653346854	0.00357709251101322
canarito92	0.00146837719453766	0.000462452172788276	0.00386784140969163
canarito7	0.00146267663686258	0.000389872536300007	0.00383259911894273
canarito4	0.00145940846701625	0.000428779857595541	0.00365638766519824
canarito85	0.00145799605555758	0.000609396580426987	0.00364757709251101
canarito1	0.00145718712804745	0.000688295506227495	0.00360352422907489
canarito14	0.00145589710633547	0.000452900399270695	0.00380616740088106
canarito10	0.0014500885712156	0.00173543811432152	0.00385022026431718
canarito74	0.00144904629190563	0.000477783981065675	0.00356828193832599
canarito30	0.00144873597405979	0.000366958314315263	0.00382378854625551
canarito21	0.00144750424378769	0.0017440867086401	0.00364757709251101
canarito72	0.00143700702838754	0.000429575045432861	0.00372687224669604
canarito42	0.00143695172215327	0.00066504084615677	0.00392070484581498
Visa_fultimo_cierre	0.00143040748694515	0.0042719706628532	0.00315418502202643
canarito23	0.00142958515039712	0.000456781846015827	0.00361233480176211
canarito41	0.00142904896297667	0.000427266339934812	0.00374449339207048
canarito82	0.00142738889730847	0.000438634771604535	0.00367400881057269
canarito37	0.00142564220065518	0.000372082285947205	0.00370044052863436
canarito65	0.00142438706254882	0.000697937324565434	0.00379735682819383
canarito87	0.00141820116807659	0.000457156382530314	0.00371806167400881
canarito27	0.00141584741926319	0.000564545988874072	0.00363876651982379
canarito55	0.00141557753597247	0.000428935914476578	0.00356828193832599
canarito43	0.00141335504970525	0.000536931957860042	0.00361233480176211
canarito40	0.0014077548956729	0.000391250674616438	0.00372687224669604
canarito13	0.00140745520969802	0.000621896892654866	0.00377973568281938
canarito5	0.00140100121798189	0.000381679628074049	0.00366519823788546
canarito77	0.00139936385460818	0.00034724013725414	0.00358590308370044
canarito56	0.00139786044972293	0.00060095530767486	0.00362114537444934
canarito20	0.00139779239061865	0.00046720441692959	0.00370925110132159
canarito67	0.00139417402639277	0.000382297457266071	0.00358590308370044
Master_mfinanciacion_limite_lag1	0.00138902607745654	0.000809147203356957	0.00273127753303965
canarito80	0.00137161265101909	0.000372623179096876	0.00340969162995595
canarito6	0.00136882583835937	0.000744878063954507	0.00344493392070485
mcomisiones_mantenimiento_delta1	0.00136404573603312	0.00160839088098648	0.00239647577092511
ctarjeta_visa_transacciones_delta1	0.00136113184290219	0.00723866768365742	0.00282819383259912
Visa_msaldototal	0.0013586381265676	0.0012070560448028	0.00222026431718062
canarito54	0.0013572053087053	0.000431893504485975	0.0034273127753304
canarito59	0.00135610883601863	0.000382080772286752	0.00347136563876652
Visa_mconsumospesos	0.00135255194214314	0.00190438810275514	0.0033568281938326
canarito62	0.00135160092063809	0.000343597379508553	0.00348017621145374
mcomisiones_otras	0.00134624658022052	0.00212128641183024	0.00297797356828194
canarito24	0.00134595563027713	0.000331482371719953	0.00340969162995595
canarito58	0.00134349564328194	0.000429474622829914	0.00350660792951542
mcaja_ahorro_dolares	0.00133682452907164	0.00721224218184936	0.00308370044052863
canarito44	0.00133572503494679	0.000381197178226325	0.00345374449339207
canarito75	0.00132816353304738	0.000789312998004783	0.00355947136563877
canarito90	0.0013022179258406	0.00093553689102375	0.00340969162995595
canarito46	0.00130116111716965	0.000299510608359869	0.00337444933920705
internet	0.0012996952147883	0.000604663765367363	0.00134801762114537
mpayroll_lag1	0.00129817471589311	0.00358067948873734	0.00197356828193833
mcomisiones_mantenimiento_lag1	0.00129403063197623	0.00333816311615665	0.00303083700440529
canarito71	0.00129336273826012	0.000645177380139402	0.0033920704845815
canarito70	0.00128658441993155	0.000374071777095095	0.0033568281938326
mtransferencias_emitidas	0.00128593494609862	0.00280931225176731	0.0027488986784141
ccomisiones_mantenimiento	0.0012832664767837	0.00121928762708154	0.00102202643171806
canarito16	0.00127693635268513	0.000484877702650056	0.0033920704845815
mcomisiones_lag1	0.00126944946300855	0.000511510135882368	0.0026784140969163
canarito73	0.00126118094089349	0.000590774000699178	0.00319823788546256
canarito89	0.00126018676758948	0.00043457659044163	0.00330396475770925
mdescubierto_preacordado_lag1	0.00125487953708076	0.000372446444679103	0.000951541850220264
ccomisiones_otras	0.00124470340697095	0.00140545958473567	0.00285462555066079
Master_fultimo_cierre	0.00122391968032348	0.00180153624036971	0.00288986784140969
Visa_msaldototal_lag1	0.00120429229043555	0.00179204829411647	0.00195594713656388
Visa_cconsumos_lag1	0.00120349812730041	0.00227991386181085	0.00282819383259912
canarito34	0.00120090253074624	0.00055634051806919	0.003215859030837
Master_fultimo_cierre_lag1	0.00119160519937715	0.000946678103874685	0.00311013215859031
Visa_mlimitecompra	0.00118498155471383	0.00162676751506977	0.00281938325991189
ccallcenter_transacciones_delta1	0.00114761072415803	0.00128327414747243	0.0021409691629956
cproductos_lag1	0.00114420567143661	0.00117461213134914	0.00178854625550661
mttarjeta_visa_debitos_automaticos	0.00113928869389985	0.00127898547029624	0.0026431718061674
Visa_cconsumos_delta1	0.00112013891162502	0.00173500404210691	0.00253744493392071
tpaquete3	0.00111331808910494	0.00509631406105794	0.00155066079295154
cmobile_app_trx_delta1	0.00109206280249864	0.000808571431494374	0.00259911894273128
Visa_mconsumospesos_lag1	0.00108546441631788	0.000801854041078612	0.00266960352422908
ccallcenter_transacciones	0.00106223034153481	0.0017292996949344	0.00165638766519824
mcomisiones_otras_lag1	0.00104945306461811	0.000538026852937392	0.00241409691629956
cmobile_app_trx_lag1	0.00104270233599967	0.000809879110129017	0.00246696035242291
ctarjeta_visa_debitos_automaticos_delta1	0.00103936751006583	0.00146277865291273	0.0019647577092511
Visa_mlimitecompra_lag1	0.00103501204283449	0.00126688084029022	0.00249339207048458
ccaja_seguridad_lag1	0.00100284453752539	0.00262146884688884	0.000713656387665198
Master_status_lag1	0.000994990113595453	0.000371028199744246	0.000343612334801762
mcomisiones_delta1	0.000980753799473959	0.0012096396444968	0.00237004405286344
Master_status	0.000979477416538278	0.000766242016883038	0.000687224669603524
Master_msaldototal	0.000970356130577315	0.00494241646105622	0.00151541850220264
mtransferencias_emitidas_delta1	0.0009681233448033	0.00112582164974915	0.00205286343612335
Master_mpagominimo	0.000966477967461505	0.00515308888086239	0.00162114537444934
Master_msaldopesos	0.000965557793711427	0.00307525900446676	0.00154185022026432
cprestamos_personales	0.000948746992590183	0.00373206324647088	0.00167400881057269
Visa_mconsumospesos_delta1	0.000942132566428899	0.000795016877006655	0.00230837004405286
Visa_cconsumos	0.000941956073488778	0.0010655975827316	0.00230837004405286
ctarjeta_visa_debitos_automaticos_lag1	0.000940520289233951	0.000630619379906621	0.00205286343612335
cplazo_fijo	0.000937737489630222	0.0162874566868526	0.00118061674008811
Master_mpagospesos	0.000935505201954534	0.000951891183985698	0.00160352422907489
Visa_msaldopesos_delta1	0.00093089355729875	0.000871636045860546	0.00200881057268722
thomebanking	0.000924975212202071	0.00244397700704326	0.00127753303964758
mtransferencias_recibidas_lag1	0.000921382460323569	0.00220649518550169	0.00195594713656388
ccomisiones_otras_lag1	0.000888248000633976	0.000716714946804552	0.00224669603524229
mprestamos_prendarios	0.000879480862782686	0.00817835732631398	0.00111894273127753
ctarjeta_visa_transacciones_lag1	0.000856370375212906	0.000911043061289158	0.00197356828193833
mtarjeta_visa_consumo_delta1	0.000848319420237345	0.000752863884699331	0.00192070484581498
mtransferencias_emitidas_lag1	0.000845582967269488	0.00167856357417008	0.00218502202643172
mtarjeta_visa_consumo_lag1	0.000842549051155239	0.000574855886719726	0.00144493392070485
Visa_msaldopesos_lag1	0.000821843261168639	0.000867346354314623	0.00161233480176211
Master_mlimitecompra	0.000820183169221867	0.000928872013748457	0.00209691629955947
ctarjeta_master_transacciones	0.00080665921613652	0.00358361476261275	0.0013920704845815
ccomisiones_otras_delta1	0.000799327340353042	0.000671538898626235	0.00185903083700441
tmobile_app_delta1	0.000798656189288882	0.00117222898671884	0.00136563876651982
Master_mlimitecompra_lag1	0.000727478692257739	0.000623797509409005	0.00166519823788546
ctarjeta_debito_transacciones	0.000716755532428879	0.00203839250790365	0.00129515418502203
Visa_msaldototal_delta1	0.000711522307446488	0.000611085740107323	0.00158590308370044
Master_mpagospesos_lag1	0.000710205647826172	0.00039197844588115	0.00186784140969163
tpaquete3_delta1	0.000703705632481578	0.0037206047699808	0.000916299559471366
Visa_mconsumosdolares_lag1	0.000692313254357386	0.000379008324412912	0.00161233480176211
Visa_mconsumosdolares	0.000689891950012735	0.00205504408922397	0.00177092511013216
Visa_mconsumosdolares_delta1	0.000685171283538129	0.000660363587346794	0.00164757709251101
ctransferencias_emitidas_delta1	0.000682847859496361	0.00151021768192295	0.00167400881057269
Visa_mpagado_delta1	0.000674881635983431	0.0011560770995316	0.00174449339207048
mtransferencias_recibidas_delta1	0.000663787338352918	0.000295007431000689	0.00170925110132159
ctarjeta_visa_debitos_automaticos	0.000651364049883672	0.000576775698470233	0.00169162995594714
mautoservicio_lag1	0.00064975620022941	0.00233460001631951	0.00162995594713656
mcomisiones_otras_delta1	0.00064512269429287	0.000678779469735671	0.00163876651982379
cprestamos_personales_lag1	0.000596346937496732	0.00484447719125737	0.0012511013215859
tpaquete4	0.000573621954640245	0.00365143458620097	0.00100440528634361
ctarjeta_debito_transacciones_lag1	0.000567352156679379	0.000397604374470945	0.00125991189427313
mextraccion_autoservicio	0.000561711901252392	0.000576583826535	0.000995594713656388
Visa_madelantodolares_lag1	0.000557250914120139	3.81383510142283e-05	4.40528634361234e-05
mplazo_fijo_dolares	0.000556783132103738	0.00606625611038777	0.000951541850220264
ctarjeta_debito_transacciones_delta1	0.000553804668547616	0.000632381886321043	0.00155947136563877
tmobile_app	0.000551027433629915	0.000727432075081271	0.00110132158590308
cpayroll_trx_lag1	0.000550648845356302	0.000567549303549613	0.000422907488986784
ctransferencias_emitidas	0.000535286932537122	0.00327788450725918	0.00141850220264317
mcuenta_debitos_automaticos_delta1	0.000531047238725982	0.0016952230363629	0.00147136563876652
Master_msaldopesos_lag1	0.000526680504160096	0.00099997324537423	0.00106607929515419
Master_Finiciomora_lag1	0.00052545334138197	0.00150906457762898	0.000801762114537445
mcuenta_debitos_automaticos_lag1	0.000520231703357166	0.000453973914555343	0.00122466960352423
Master_mpagominimo_lag1	0.000499844997906232	0.00194039900833864	0.00111013215859031
mpagomiscuentas_lag1	0.000495649196770521	0.00128385444498456	0.00115418502202643
Visa_mfinanciacion_limite_delta1	0.000494438145343122	0.00215894910147107	0.00127753303964758
cpagomiscuentas_delta1	0.000490138059996479	0.00325737356124239	0.00119823788546256
ctransferencias_emitidas_lag1	0.000488184984304358	0.00130904811180216	0.00120704845814978
ctransferencias_recibidas	0.000478130378142026	0.00101444931574447	0.00110132158590308
internet_lag1	0.000472823994420367	0.000531934704415502	0.000995594713656388
ccajas_consultas	0.000471929130714582	0.00368330397624709	0.00131277533039648
ctransferencias_recibidas_delta1	0.000471079585296583	0.00101010258540853	0.0012863436123348
Master_Finiciomora_delta1	0.000461347568474494	0.000287505620672399	0.000352422907488987
mextraccion_autoservicio_delta1	0.000451549981845284	0.000373944902850812	0.00118942731277533
Master_mpagospesos_delta1	0.00044914017566851	0.000520432141856528	0.00118061674008811
mextraccion_autoservicio_lag1	0.0004481929040356	0.000165492548234265	0.000775330396475771
cextraccion_autoservicio	0.000442791638355944	0.000823509586289359	0.000916299559471366
ccallcenter_transacciones_lag1	0.000435719075906116	0.000554298981951474	0.00105726872246696
Master_mfinanciacion_limite_delta1	0.000435157287386311	0.00138415454327973	0.00107488986784141
ccuenta_debitos_automaticos_delta1	0.000422454647179291	0.00381165139748649	0.00118061674008811
mautoservicio_delta1	0.000421982533280177	0.000308725611128174	0.00118942731277533
mpagomiscuentas_delta1	0.000420395182303152	0.000820977017195464	0.00111894273127753
mplazo_fijo_dolares_delta1	0.000418668410379266	0.00411233329076697	0.00113656387665198
matm_delta1	0.00041135138357981	0.000412505153642922	0.00105726872246696
ccajas_consultas_delta1	0.000410827573066649	0.00111015595777477	0.00106607929515419
Master_mpagominimo_delta1	0.00041081458130057	0.00339043155943586	0.00107488986784141
Visa_mpagosdolares_lag1	0.000409558828534511	0.000515384872181615	0.000872246696035242
matm_other_delta1	0.000400975801820257	0.000431827180311535	0.00100440528634361
Master_mconsumospesos_lag1	0.000399137877124515	0.000674367429595016	0.00102202643171806
ccuenta_debitos_automaticos	0.000398380477209455	0.00151348520089809	0.00113656387665198
Visa_msaldodolares	0.00039785570145659	0.000528820589354425	0.00081057268722467
mcheques_emitidos_rechazados	0.000391668573782883	0.00134015344735873	0.000775330396475771
tmobile_app_lag1	0.000387296578824851	0.000455212850133889	0.000740088105726872
ctarjeta_debito	0.000386115791350126	0.0010271709946581	0.00103083700440529
Visa_Finiciomora_delta1	0.000382095052167016	0.000953362644316988	0.000704845814977974
Master_fultimo_cierre_delta1	0.00037216557310229	9.64494727840382e-05	0.000854625550660793
mcheques_depositados	0.000370197219508143	0.00504983150467159	0.000977973568281938
matm_other_lag1	0.000369298952827236	0.000405675402272814	0.000916299559471366
Master_msaldototal_lag1	0.000363319531658244	0.000505500697507427	0.000819383259911894
Visa_mpagado	0.00036215090827422	0.00194319086594038	0.000995594713656388
ctransferencias_recibidas_lag1	0.000358129699560772	0.000547027589608034	0.000907488986784141
ccuenta_debitos_automaticos_lag1	0.000357398483950118	0.00103521892604157	0.000951541850220264
cliente_vip_lag1	0.000347804321613385	0.000605828729984298	0.00041409691629956
Master_cconsumos_delta1	0.000341383677202004	0.000875844119657686	0.000766519823788546
matm_lag1	0.000340111392229958	0.000190369731697123	0.00081057268722467
matm	0.000334853686968992	0.000544622440957505	0.000907488986784141
ctarjeta_debito_lag1	0.000334626806465804	0.000787162612212545	0.000907488986784141
tcallcenter_delta1	0.000326878851750073	0.000291916802500208	0.00052863436123348
mtarjeta_master_consumo_delta1	0.00032164160047287	0.000845486842760362	0.00081057268722467
mtarjeta_master_consumo_lag1	0.000317289090874537	0.00240844636651115	0.000731277533039648
cextraccion_autoservicio_delta1	0.000316476117161589	0.000602990757574214	0.000933920704845815
tcuentas_lag1	0.000316171944519246	0.000400997597263755	0.000273127753303965
cpagomiscuentas_lag1	0.000313837884226749	0.000589536391604121	0.000863436123348018
Master_mconsumospesos	0.000312219454064176	0.00025147715868978	0.000801762114537445
cpagomiscuentas	0.000306163222231171	0.000688466310483789	0.000784140969162996
matm_other	0.000305813557006443	0.000464001271417882	0.000775330396475771
minversion2	0.000305511993806076	0.00646815813530557	0.00079295154185022
mcheques_emitidos_rechazados_lag1	0.000304885381929861	0.00204432118684266	0.000616740088105727
Visa_mlimitecompra_delta1	0.000297130598568758	0.00185668884889579	0.000740088105726872
Master_msaldototal_delta1	0.000292953400967589	0.000449746177591192	0.000775330396475771
Master_cconsumos	0.000289996499375342	0.000904167273139144	0.000766519823788546
mcaja_ahorro_adicional	0.000286260563538555	0.000555970429175812	0.000634361233480176
thomebanking_lag1	0.000285424265505441	8.65496924217464e-05	0.000511013215859031
cinversion1	0.000282688356922027	0.0111876764464099	0.000625550660792952
cextraccion_autoservicio_lag1	0.000281684134454407	0.000226668562226137	0.000625550660792952
ctarjeta_master_transacciones_lag1	0.000281083536967761	0.000347795231579986	0.000687224669603524
internet_delta1	0.000279495342687574	0.000200899669745039	0.000634361233480176
ctarjeta_master_transacciones_delta1	0.000276171030470684	0.00274958265097732	0.000775330396475771
catm_trx_other_delta1	0.000273836317295108	0.000465749342570809	0.000731277533039648
mttarjeta_master_debitos_automaticos_delta1	0.000273376993991665	0.000971674592823094	0.000907488986784141
Master_cconsumos_lag1	0.000271572070798596	0.000378546708158807	0.000748898678414097
ccaja_ahorro_lag1	0.000269874810503812	0.000317594167620579	0.000563876651982379
Visa_mpagado_lag1	0.000268934085519359	0.000249528164302519	0.000731277533039648
ccheques_emitidos_rechazados_lag1	0.00026738597053592	0.000940598986102361	0.000334801762114537
mplazo_fijo_dolares_lag1	0.000264731663179706	0.000560771597149331	0.000713656387665198
mforex_buy_delta1	0.000264421548992769	0.000954614688673541	0.000713656387665198
Visa_fultimo_cierre_delta1	0.000262811143349529	0.00028086844349349	0.000599118942731278
Master_mconsumospesos_delta1	0.000262471377580203	0.000437388579381021	0.000775330396475771
Master_mlimitecompra_delta1	0.000261647423506631	0.0010661065622491	0.000669603524229075
mcaja_ahorro_adicional_delta1	0.000261197026853844	0.000834969779405132	0.000748898678414097
ccomisiones_mantenimiento_lag1	0.000252663624131061	0.000270147257737864	0.000572687224669604
Master_status_delta1	0.000250383741189323	0.000277911633768498	0.000299559471365639
Visa_mpagosdolares	0.000248977481105642	0.000320289894183598	0.000625550660792952
Visa_mpagosdolares_delta1	0.000248857094900747	0.00051859956590252	0.000731277533039648
Visa_fechaalta_delta1	0.000238705372504829	5.83890721818875e-05	0.000255506607929515
Visa_status_delta1	0.000237901434936574	0.000126425190607229	0.000343612334801762
catm_trx_other_lag1	0.000232784957473156	0.000330838246943476	0.000616740088105727
Visa_msaldodolares_lag1	0.00023157114580063	0.000418893186011257	0.00066079295154185
ccajas_otras_lag1	0.000230867147122689	0.000264391099680845	0.000493392070484582
mprestamos_prendarios_delta1	0.000228419698787345	0.00149856780166828	0.000431718061674009
Master_msaldopesos_delta1	0.00022597239597953	0.000393409565508692	0.000722466960352423
ccheques_emitidos	0.000223976695951087	0.00470867532295308	0.000519823788546256
ccheques_emitidos_rechazados	0.000220747206664955	0.000734230302961409	0.000281938325991189
mforex_sell	0.000215822640096511	0.000790792339208566	0.000634361233480176
Visa_msaldodolares_delta1	0.00021385165108044	0.000313741357313117	0.000643171806167401
mforex_sell_lag1	0.000213532240650704	0.00065177374844392	0.000572687224669604
catm_trx	0.000212516763091968	0.00030862409612706	0.000563876651982379
mttarjeta_master_debitos_automaticos_lag1	0.000210581323703885	0.000426953055746132	0.000625550660792952
mcheques_depositados_lag1	0.000209835306291184	0.00187799420246549	0.000599118942731278
catm_trx_delta1	0.0002024347514681	0.000254105156566429	0.000616740088105727
ccaja_seguridad_delta1	0.000200737658400573	0.00221914398585187	0.000405286343612335
Master_mpagado_delta1	0.000199533045322074	0.000190677085724324	0.000563876651982379
ccajas_depositos_lag1	0.000189243281006916	0.00292331765549727	0.000458149779735683
ccajas_consultas_lag1	0.000185552889612872	0.000648868203404348	0.000563876651982379
cseguro_accidentes_personales_lag1	0.000183480803160038	0.000565545455168668	0.000449339207048458
mforex_buy_lag1	0.000182576338618951	0.00106124648280299	0.00052863436123348
catm_trx_lag1	0.000182151703125888	0.000331996110972324	0.00052863436123348
mprestamos_hipotecarios_lag1	0.000181725864193821	0.000811218624367391	0.000255506607929515
minversion2_lag1	0.000180795881370692	0.00155225729890621	0.000422907488986784
mcaja_ahorro_adicional_lag1	0.000177125826105011	0.000268176181301937	0.000449339207048458
ccajas_otras_delta1	0.000174511382342293	0.000446570654147427	0.000493392070484582
ccajas_transacciones	0.000173781649878136	0.00017920011649384	0.000370044052863436
mtarjeta_visa_descuentos	0.000168831634108434	0.00642176289274416	0.000502202643171806
ccajas_transacciones_delta1	0.000168452758164124	0.000103305753823922	0.000405286343612335
cseguro_vivienda_lag1	0.000167145921552465	0.000661153469250159	0.000422907488986784
mcheques_depositados_rechazados_lag1	0.00016453548208621	0.00147602359054847	0.000458149779735683
thomebanking_delta1	0.000157477979147575	0.00052289947917415	0.000387665198237885
mprestamos_hipotecarios	0.000157180328069601	0.00618244030226232	0.00039647577092511
ccajas_extracciones_lag1	0.000157060234711484	0.0017187276215286	0.000431718061674009
Visa_Fvencimiento_delta1	0.000156628159397244	4.7235218723589e-05	0.000325991189427313
ccheques_emitidos_rechazados_delta1	0.000155707141348603	0.00270351146052938	0.00039647577092511
cseguro_vida_lag1	0.000154740653711325	0.000498578638492186	0.000431718061674009
ccajas_transacciones_lag1	0.00015405321530966	8.61544783705223e-05	0.000361233480176211
ctarjeta_debito_delta1	0.000152652258718959	0.00390079389695821	0.000422907488986784
mttarjeta_master_debitos_automaticos	0.000147674848038965	0.000159845942107734	0.000422907488986784
ccajas_depositos	0.000146188269201874	0.00115474765096205	0.000431718061674009
catm_trx_other	0.000145992226300573	0.000466026109449326	0.00041409691629956
cpayroll_trx_delta1	0.000145594339802525	9.62288863826936e-05	0.000378854625550661
Visa_mconsumototal	0.000145492360540606	0.000188944932373263	0.000299559471365639
Master_delinquency	0.000145452870421316	0.000235609451082903	0.000220264317180617
cliente_vip_delta1	0.000145234492926401	0.000246045755002197	0.000273127753303965
Master_fechaalta_delta1	0.000144926039465381	4.06019429667058e-05	0.000334801762114537
Master_mconsumosdolares_delta1	0.000144489932182549	0.00108363830437846	0.000405286343612335
mcheques_emitidos	0.000136650000086995	0.00448007618105164	0.000370044052863436
Master_mpagosdolares_lag1	0.000136592386514743	0.000372172174710682	0.000405286343612335
mpagodeservicios_lag1	0.000135206499687859	0.000368160498498325	0.000378854625550661
ccajas_extracciones	0.000131948375023538	0.000654918294596799	0.000361233480176211
Master_Fvencimiento_delta1	0.000131425783079466	0.000100018649710217	0.000378854625550661
mforex_buy	0.000130201767458577	0.000498762629554928	0.000343612334801762
mcajeros_propios_descuentos_delta1	0.000130106685226032	0.000819012261063218	0.000370044052863436
mcajeros_propios_descuentos	0.000128855612633264	0.000316644873613236	0.000352422907488987
cforex_buy_delta1	0.000128754173973267	0.00120167567171532	0.000387665198237885
ccajas_extracciones_delta1	0.000124651789267641	0.000560414851119282	0.000334801762114537
ccajeros_propios_descuentos	0.000123840158648364	0.00411080432347502	0.00041409691629956
Visa_delinquency_lag1	0.000122890387067515	0.000102814720847742	0.000211453744493392
mforex_sell_delta1	0.000119047105367449	0.000207148109233287	0.000343612334801762
ccheques_emitidos_lag1	0.000116806271084953	0.000537986590262084	0.000255506607929515
cplazo_fijo_lag1	0.000115463819248423	0.00089039494127394	0.000237885462555066
cseguro_vivienda	0.000114554986293431	0.000524890608919291	0.000325991189427313
ctarjeta_master_debitos_automaticos_delta1	0.000114237644504669	0.000339165130001804	0.000387665198237885
Visa_mconsumototal_delta1	0.000113879794302075	2.96386349601525e-05	0.000273127753303965
tpaquete4_lag1	0.00011367247530671	0.000399047432449886	0.000343612334801762
active_quarter_lag1	0.000113138839595013	4.36310850560585e-05	0.000246696035242291
Master_mpagado_lag1	0.000108995630834108	0.000400594268254717	0.000317180616740088
mcheques_depositados_delta1	0.000107684087571509	0.00156824353171423	0.000370044052863436
mcheques_emitidos_lag1	0.000104653783964153	0.000729132626913922	0.000281938325991189
mpagodeservicios	0.000104631352219466	0.00327750091944559	0.000370044052863436
ctarjeta_master_debitos_automaticos_lag1	0.000104418433400442	0.000160361319957355	0.000299559471365639
mcheques_emitidos_rechazados_delta1	0.000104202281919294	0.000659802094688826	0.00026431718061674
mcheques_emitidos_delta1	0.000103553042204526	0.000723735165597964	0.000308370044052863
mtarjeta_visa_descuentos_lag1	0.000102241857186508	0.00203121303306314	0.000352422907488987
Master_mpagosdolares	0.000101559869099371	0.000366384571192134	0.000237885462555066
cprestamos_hipotecarios	0.0001010882416524	0.000888799493750667	0.000158590308370044
mtarjeta_visa_descuentos_delta1	9.8213708243311e-05	0.00160070242662847	0.000325991189427313
ccajas_otras	9.77233824001456e-05	0.000387239856716927	0.000273127753303965
ccajas_depositos_delta1	9.54914528694975e-05	0.000243302977289545	0.000317180616740088
minversion2_delta1	9.51854929858549e-05	0.00225730605751202	0.000308370044052863
mprestamos_prendarios_lag1	9.47596061750316e-05	0.00197998197790062	0.000229074889867841
cpagodeservicios	9.31244742897947e-05	0.000543135687051873	0.000229074889867841
minversion1_pesos_lag1	9.24003911206938e-05	0.000368825847010623	0.000290748898678414
cforex_buy	9.13718666506997e-05	0.000413124309318433	0.000273127753303965
cforex_lag1	9.04611943949701e-05	0.000156245397748467	0.000229074889867841
ccheques_depositados	8.92351852858315e-05	0.000613120331693832	0.000158590308370044
cseguro_vida	8.74575357632938e-05	0.000108565494942365	0.000299559471365639
mcajeros_propios_descuentos_lag1	8.71942568542525e-05	0.000177241056437752	0.000246696035242291
Master_mpagado	8.62032444440053e-05	0.000203876766864566	0.000281938325991189
cpagodeservicios_lag1	8.45733658835712e-05	0.000138016939673715	0.000211453744493392
cseguro_accidentes_personales	8.3700520333634e-05	7.8261199356153e-05	0.000229074889867841
cforex_sell_delta1	8.26320297439096e-05	0.000164144997066518	0.000229074889867841
Master_msaldodolares_lag1	7.88247867120163e-05	9.39610677874759e-05	0.000185022026431718
mpagodeservicios_delta1	7.76503343631772e-05	0.000189862936975958	0.00026431718061674
Master_mpagosdolares_delta1	7.75841137633173e-05	0.000189126426525908	0.000211453744493392
ctarjeta_visa_descuentos_delta1	7.7269851942269e-05	0.000118509049259788	0.000202643171806167
ctarjeta_master_descuentos_lag1	7.60250216045351e-05	0.000392809370744227	0.000167400881057269
cplazo_fijo_delta1	7.28614961049766e-05	0.00025498484920483	0.000202643171806167
mcheques_depositados_rechazados	7.1567322876826e-05	0.00044505588803165	0.000211453744493392
Master_mconsumosdolares_lag1	7.07322377390191e-05	0.000226950791095491	0.000211453744493392
cforex_delta1	7.01148807964894e-05	0.000255313270910971	0.000211453744493392
active_quarter	6.97925461791923e-05	0.000126409116748482	0.000176211453744493
cforex	6.89907798776853e-05	0.000103735768559617	0.000176211453744493
cinversion2_delta1	6.78755522560786e-05	0.00084267017211454	0.000202643171806167
cseguro_vivienda_delta1	6.7526149617959e-05	0.000348386999272875	0.000193832599118943
Visa_delinquency_delta1	6.68621968908544e-05	0.000100628285915984	0.000105726872246696
tcallcenter_lag1	6.61865545803874e-05	3.61833484370476e-05	0.000158590308370044
cpagodeservicios_delta1	6.59461272758938e-05	0.000161572711496399	0.000211453744493392
ccajeros_propios_descuentos_lag1	6.4133647202569e-05	0.00254795957956024	0.000229074889867841
cforex_sell_lag1	6.40533234721569e-05	5.38890939887689e-05	0.000149779735682819
ctarjeta_master_debitos_automaticos	6.36700587082352e-05	0.000193733303682536	0.000193832599118943
mtarjeta_master_descuentos_delta1	6.1727948843894e-05	0.000303836739187513	0.000185022026431718
Master_mconsumosdolares	6.10721494409252e-05	7.12758592756523e-05	0.000158590308370044
mtarjeta_master_descuentos_lag1	6.09973800443769e-05	0.00477227209128359	0.000237885462555066
ctarjeta_visa_delta1	6.08195990562237e-05	8.2490887031317e-06	3.52422907488987e-05
cinversion2_lag1	6.05900281850128e-05	0.00109695323352535	0.000167400881057269
Master_msaldodolares_delta1	5.96966791799159e-05	6.80439212693931e-05	0.000167400881057269
Visa_mconsumototal_lag1	5.94869353893379e-05	1.07100276886317e-05	0.000140969162995595
Visa_madelantopesos	5.53154711945528e-05	0.000227068536012233	0.000158590308370044
ccheques_depositados_rechazados	5.34334468796529e-05	0.000500939545016942	0.000140969162995595
cseguro_vida_delta1	5.22977102286446e-05	0.000155862122048642	0.000123348017621145
ctarjeta_visa_descuentos	5.13039395640719e-05	0.000258661081151399	0.000149779735682819
cliente_edad_delta1	4.98521406118911e-05	1.56999464597634e-05	0.000123348017621145
ccheques_depositados_lag1	4.91759384882763e-05	0.000634576904381258	0.000140969162995595
mcheques_depositados_rechazados_delta1	4.85732616103323e-05	9.99496725687986e-05	0.00013215859030837
cseguro_auto_lag1	4.8560001583863e-05	0.000165425677860741	0.000176211453744493
tcuentas	4.77588039545668e-05	6.30128815101084e-05	7.9295154185022e-05
ccheques_emitidos_delta1	4.747276949711e-05	0.000369004220025647	0.000149779735682819
ccheques_depositados_rechazados_lag1	4.584287351717e-05	0.000143261075104055	0.000105726872246696
ctarjeta_master_descuentos_delta1	4.40407810435707e-05	0.000123862346478412	0.000123348017621145
cliente_vip	4.34182632489293e-05	6.30522078441295e-05	0.00013215859030837
ctarjeta_visa_descuentos_lag1	4.26205919248564e-05	0.000121493324995843	0.00013215859030837
cseguro_accidentes_personales_delta1	4.20941030880168e-05	0.000183506272040712	0.00013215859030837
Master_msaldodolares	4.20022676522821e-05	0.000986292518898193	0.000149779735682819
minversion1_pesos	4.13140739408436e-05	0.000651241984621789	0.000140969162995595
active_quarter_delta1	4.1235405859807e-05	6.50630787847211e-05	0.000123348017621145
Master_mconsumototal	4.06732019594435e-05	0.000202746524903662	0.000105726872246696
ccajeros_propios_descuentos_delta1	3.7248731963707e-05	4.77070567034019e-05	0.000105726872246696
mprestamos_hipotecarios_delta1	3.70642719388527e-05	0.000307568449355291	0.000114537444933921
cforex_sell	3.62495314898524e-05	6.06345746431171e-05	0.000105726872246696
cprestamos_prendarios_lag1	3.57119421475681e-05	0.000152178399371783	7.9295154185022e-05
ctarjeta_visa_lag1	3.56644910154862e-05	7.43516623724348e-05	8.81057268722467e-05
Master_delinquency_delta1	3.48265279762337e-05	4.97600630018733e-05	0.000105726872246696
cseguro_auto	3.4242082054487e-05	0.000109172166067393	0.000114537444933921
ctarjeta_master_lag1	3.37498573856445e-05	0.00013526308192251	7.9295154185022e-05
mplazo_fijo_pesos_delta1	3.31188482289139e-05	0.000199830680109941	0.000123348017621145
Visa_cadelantosefectivo	3.31052389164674e-05	0.000263295190233768	9.69162995594714e-05
cforex_buy_lag1	3.19014103129712e-05	0.000421382683405986	0.000105726872246696
ccheques_depositados_delta1	2.97594557152936e-05	0.000155302424044806	0.000114537444933921
Master_mconsumototal_delta1	2.93167888437999e-05	7.43062498200533e-05	7.9295154185022e-05
minversion1_pesos_delta1	2.90098661094142e-05	6.86877339321078e-05	9.69162995594714e-05
Master_delinquency_lag1	2.76303547221289e-05	4.65939029709708e-06	5.2863436123348e-05
minversion1_dolares	2.68857468958411e-05	0.0012342971778996	0.000105726872246696
minversion1_dolares_lag1	2.59022293524088e-05	5.40701199707709e-05	7.9295154185022e-05
cliente_antiguedad_delta1	2.52721756804587e-05	0.00347380401178815	0.00013215859030837
mtarjeta_master_descuentos	2.48367734396826e-05	9.44529590765019e-05	8.81057268722467e-05
cinversion2	2.29061323789097e-05	2.42974321498083e-05	6.16740088105727e-05
Master_cadelantosefectivo	2.26511347029471e-05	0.000140697528719273	6.16740088105727e-05
tpaquete3_lag1	2.25330489677643e-05	6.82455467596918e-05	7.04845814977974e-05
cprestamos_hipotecarios_lag1	2.23684861992664e-05	3.57469353692299e-05	2.6431718061674e-05
Master_mconsumototal_lag1	2.21414610644097e-05	1.98425543953092e-05	7.04845814977974e-05
Master_madelantopesos_lag1	1.89429455509306e-05	1.26763443896875e-05	5.2863436123348e-05
Master_madelantopesos	1.87831362171877e-05	0.000260457607965888	6.16740088105727e-05
minversion1_dolares_delta1	1.74904044282608e-05	0.000135738275125265	6.16740088105727e-05
cprestamos_prendarios	1.49728533322144e-05	0.000231556809939274	4.40528634361234e-05
tpaquete4_delta1	1.48400807637235e-05	0.000199991418697409	3.52422907488987e-05
ccheques_depositados_rechazados_delta1	1.37436040954486e-05	6.01781082660862e-05	4.40528634361234e-05
Visa_madelantopesos_lag1	1.32332364637983e-05	1.91566844031552e-05	4.40528634361234e-05
Visa_madelantopesos_delta1	1.23865610835824e-05	2.37621570478543e-05	3.52422907488987e-05
ctarjeta_master_delta1	1.16789592555117e-05	6.85084245757973e-05	2.6431718061674e-05
Visa_cadelantosefectivo_delta1	9.40016896471981e-06	5.95218110528886e-05	3.52422907488987e-05
cinversion1_delta1	8.11974311104203e-06	0.000116319103048207	2.6431718061674e-05
tpaquete1	6.69038107962977e-06	7.32312519950356e-06	2.6431718061674e-05
Master_cadelantosefectivo_delta1	5.72236560237906e-06	1.32662394000042e-05	1.76211453744493e-05
cinversion1_lag1	5.15831384083551e-06	7.28818406383956e-05	1.76211453744493e-05
Master_cadelantosefectivo_lag1	4.96790749346601e-06	7.16777057443204e-06	1.76211453744493e-05
mpayroll2	4.92931801239759e-06	6.84309423343628e-08	8.81057268722467e-06
ccuenta_corriente	4.71720248144373e-06	0.000355811015245968	1.76211453744493e-05
mpayroll2_lag1	4.44321047676766e-06	0.000879969717393199	2.6431718061674e-05
tcuentas_delta1	4.3445507754231e-06	7.30315772157498e-05	1.76211453744493e-05
cseguro_auto_delta1	3.52670577232103e-06	2.0092245404967e-05	1.76211453744493e-05
tpaquete1_delta1	2.99662961221774e-06	1.34221402241594e-05	8.81057268722467e-06
ctarjeta_master_descuentos	2.81058550727197e-06	8.38961792450478e-07	8.81057268722467e-06
mpayroll2_delta1	2.23810608926057e-06	4.01555422585019e-05	8.81057268722467e-06
mplazo_fijo_pesos	2.2359076480829e-06	1.71901336167778e-05	8.81057268722467e-06
mcuenta_corriente_adicional	1.91303441966509e-06	4.68258815246311e-05	8.81057268722467e-06
cprestamos_prendarios_delta1	1.87865269488854e-06	7.38008596108176e-06	8.81057268722467e-06
