Feature	Gain	Cover	Frequency
ctrx_quarter_min6	0.0839855312978749	0.0275664835035914	0.00238574517259375
mcuenta_corriente_delta5	0.0455233796900869	0.000544975521004412	0.0013233430254231
ctrx_quarter_avg3	0.0451642629296505	0.00643096430706174	0.00139789756206665
mdescubierto_preacordado_delta1_avg6	0.039466307530753	0.00113758174732008	0.000130470439126221
ctrx_quarter	0.0369901005395791	0.0107833838906275	0.00285171102661597
mcaja_ahorro	0.0195690214107501	0.00687284790115522	0.00238574517259375
cpayroll_trx	0.017808991348628	0.0235662695414789	0.00106240214717066
mpayroll	0.017356317598652	0.0301023042108043	0.0018079475136062
mpasivos_margen_avg3	0.0138823301458494	0.00292049844888404	0.00162156117199732
mes	0.0108021550011845	0.00180479794108324	0.000521881756504883
mprestamos_personales	0.00909235190572928	0.0144778217851795	0.00298218146574219
mv_msaldopesos	0.00846320874086735	0.00504078347448988	0.00130470439126221
mtarjeta_visa_consumo	0.00796030555201532	0.0103780802539585	0.00210616566018042
mcuentas_saldo	0.00770608720553055	0.00922831938092865	0.00370908819801685
mprestamos_personales_min6	0.00592661850687896	0.0025479390592286	0.00100648624468799
ctarjeta_visa_transacciones	0.00558502386674781	0.0128112270953407	0.00234846790427198
mv_status01_max6	0.00523455825988128	0.00172688529110211	0.000764184000596436
mpasivos_margen_max6	0.00493707866290614	0.0027936757492675	0.00134198165958399
mv_status06_tend6	0.00471050157120882	0.00653430900608876	0.000559159024826661
mv_status04_delta3	0.00460712469036546	0.00682279631251469	0.000652352195631104
mv_msaldototal	0.00446134636930952	0.00284653608901727	0.00102512487884888
ccomisiones_mantenimiento_tend6	0.00416878230429351	0.00118016823602377	0.000987847610527101
mpasivos_margen	0.00388092650579276	0.00128699097098195	0.00177067024528443
mprestamos_personales_delta3	0.0034887827576373	0.000780002492611772	0.000745545366435548
mcaja_ahorro_dolares_delta1	0.00345112725445592	0.00913318222734942	0.00262804741668531
cproductos_delta1	0.0032634641719988	0.00532527210410237	0.00136062029374487
ccomisiones_mantenimiento_delta1_avg6_avg3	0.00323333870631098	0.000830038597508585	0.000465965854022217
mdescubierto_preacordado_tend6_avg6_avg3	0.00271292277019381	0.00256415828076623	0.000764184000596436
mtransferencias_recibidas	0.00270844493440444	0.0047173512939754	0.0014910907328711
mprestamos_personales_delta1_avg6	0.00268193131466154	0.00141311225700836	0.000465965854022217
mcaja_ahorro_avg3	0.0026230101046725	0.00171682859956159	0.00165883844031909
mv_status07_tend6	0.00248743307441782	0.0026150552818134	0.000596436293148438
mpagomiscuentas	0.00244885827750723	0.0173962051546726	0.0016401998061582
mrentabilidad_max6	0.00243564740954724	0.000801274059722421	0.00124878848877954
mpasivos_margen_avg6	0.00236352138688976	0.0036367915296211	0.00130470439126221
numero_de_cliente	0.00234156239472103	0.0137037867273941	0.00484604488183106
mv_mpagominimo	0.00232396162333383	0.00930476494619313	0.0018079475136062
mactivos_margen	0.0023104441840284	0.00398035064149237	0.00257213151420264
mv_cconsumos	0.00222114081321217	0.0031686246676712	0.00108104078133154
mactivos_margen_avg3	0.00221451723583129	0.00431048496047232	0.00190114068441065
mrentabilidad_annual_delta3_lag5_avg3	0.00220125688600798	0.000980287040079611	0.0019756952210542
ccaja_ahorro	0.0021715241661016	0.0100677809977664	0.00294490419742041
cpayroll_trx_avg3	0.00217050127479559	0.000735896274462813	0.000242302244091553
mcuentas_saldo_delta5	0.0020863074454982	0.00126988414383606	0.00186386341608887
mpasivos_margen_max6_lag3_delta5_avg6_avg3	0.0020816897564588	0.000791684590148391	0.00160292253783643
mcuentas_saldo_min6_delta3	0.00198168101324165	0.00464385383351356	0.0023111906359502
tcallcenter_tend6	0.0019356232330566	0.000990702954474234	0.000969208976366212
cproductos	0.00191283952419867	0.0134784386439807	0.00234846790427198
Visa_mpagominimo_max6_avg3	0.00187746803169786	0.0012998405427944	0.0018079475136062
chomebanking_transacciones_delta1	0.00180353757567174	0.00250108873460039	0.00236710653843286
mdescubierto_preacordado_tend6_avg3	0.00179632297551745	0.000783249433668042	0.000410049951539551
foto_mes	0.00172095047654915	0.00423525564327636	0.00143517483038843
Master_mfinanciacion_limite	0.00169363724110704	0.00321637692037059	0.00341087005144263
ctrx_quarter_tend6_lag3_lag5_avg6	0.00162939831124248	0.000487792120010441	0.00121151122045777
ctrx_quarter_delta1	0.00158615983374749	0.00138246799273564	0.00236710653843286
mcuenta_corriente_min6_lag3_lag5_avg6	0.00158368906191631	0.000585801120954529	0.00173339297696265
mcuentas_saldo_tend6	0.00158128035266348	0.000745197359310219	0.00126742712294043
ctransferencias_emitidas_avg6_lag3_lag5_avg6	0.00157322955335456	0.000926305677285147	0.00126742712294043
mv_mpagominimo_lag1	0.00156194762406115	0.00206967292544297	0.00152836800119287
mv_msaldopesos_lag1_delta5_avg6_avg3	0.00154487565861296	0.000490468485110947	0.000950570342205323
ccomisiones_mantenimiento_delta1	0.00154425782808707	0.00379313050278098	0.00119287258629688
chomebanking_transacciones_max6	0.00153401645557455	0.000969919512384085	0.00210616566018042
mprestamos_personales_tend6_avg6_avg3	0.00152802564105054	0.00346292147473763	0.00143517483038843
mcomisiones_mantenimiento	0.00150997842995785	0.00699367877904905	0.0014910907328711
ctrx_quarter_min6_delta5_tend6_avg3	0.00150468661496348	0.000884057121287956	0.00145381346454932
mcomisiones_otras_min6_lag3_lag5_tend6_avg3	0.00148261755339679	0.00124236062810836	0.00259077014836353
ctransferencias_recibidas_avg6_lag3_lag5_avg6_avg3	0.00146774676675847	0.00181714816216101	0.0019756952210542
cproductos_delta3	0.00146495647869628	0.000436095770694179	0.000615074927309327
mprestamos_personales_min6_avg3	0.00145310764604213	0.000309333457678118	0.000391411317378663
mtransferencias_recibidas_tend6	0.00144708852194469	0.00141013473309267	0.00190114068441065
mpayroll_delta1_avg3	0.00143679951089531	0.00413056347145286	0.00130470439126221
ccallcenter_transacciones_tend6	0.00143477835416841	0.00181568881931621	0.0013233430254231
mcuentas_saldo_avg3	0.00142427679844557	0.000541099552859869	0.00113695668381421
internet_avg6_avg6_avg3	0.00141230857284344	0.00607972061318652	0.00270260195332886
mcuenta_corriente	0.00141110022965067	0.000935544052970522	0.00158428390367554
cproductos_delta1_avg6	0.00140296302103106	0.00177578411502333	0.00070826809811377
ctrx_quarter_min6_delta5_avg6_avg3	0.0013983678630355	0.000791670267685458	0.00137925892790576
Visa_fultimo_cierre_avg6_delta3_avg6	0.00139552691051207	0.00151319182158025	0.00104376351300977
mactivos_margen_min6	0.00139082082433402	0.00214579759011903	0.00218072019682398
mvr_msaldopesos2_avg6_lag3_lag5_avg6_avg3	0.00136960969270868	0.00126997394954959	0.00272124058748975
mcuenta_corriente_min6_lag3_lag5_avg6_avg3	0.00136732162948327	0.00132290009521012	0.00186386341608887
ccajas_transacciones_avg6_lag3_avg6	0.00134617154911709	0.00133275936901832	0.00242302244091553
cpayroll_trx_min6	0.00134070735694335	0.00651118519613664	0.00027957951241333
ccomisiones_otras_tend6_lag3_lag5_avg6_avg3	0.00133065364500999	0.00088160604465845	0.00259077014836353
Visa_fechaalta	0.00131823153840147	0.000924081437501011	0.00249757697755908
mactivos_margen_min6_lag3_delta5_avg3	0.00131141583418813	0.00324748879370339	0.00223663609930664
mcomisiones_otras_min6_lag5	0.00130810266493942	0.00182611828198658	0.00195705658689331
mcuentas_saldo_delta1_avg3	0.0013037444178588	0.000822870398357416	0.00193841795273242
cproductos_avg6_lag3_avg6_avg3	0.00128870373428348	0.00186282559320308	0.00218072019682398
mcaja_ahorro_delta1	0.00128498493471219	0.00281630446651445	0.00143517483038843
mprestamos_personales_delta1_avg3	0.00128386238705739	0.00202500077646136	0.000540520390665772
mpasivos_margen_max6_lag3	0.001280061014494	0.00131210637746894	0.00188250205024976
cliente_edad	0.0012683173565964	0.00248961024829358	0.00244166107507642
mtransferencias_recibidas_max6_delta5_avg6_avg3	0.00126247029365902	0.00286215647676687	0.00203161112353687
mprestamos_personales_min6_delta3	0.0012570237164181	0.000564205943600313	0.000465965854022217
mrentabilidad_max6_avg6	0.00124515977183415	0.000751138084678671	0.00128606575710132
ctransferencias_emitidas_avg6_lag3_lag5_avg6_avg3	0.00124489892512194	0.000715109348530328	0.00139789756206665
mcuenta_debitos_automaticos	0.00123952566723086	0.00426318251052774	0.00106240214717066
cliente_antiguedad_lag3_lag5	0.0012389338956509	0.00371886388735028	0.00242302244091553
mcomisiones_mantenimiento_delta5_avg3	0.00122949690652617	0.000995267175026747	0.0011555953179751
Visa_mpagospesos_tend6_lag3_lag5_tend6_avg3	0.00121684091397076	0.00098844968267064	0.00216208156266309
ctransferencias_emitidas_max6	0.00120866509830104	0.0165834367378061	0.00221799746514575
mrentabilidad_annual_lag1	0.0012065284377342	0.000903231028219311	0.00169611570864087
mcomisiones_mantenimiento_avg6_delta3_lag5_avg6	0.00120249571837622	0.00141225058667082	0.00193841795273242
mautoservicio	0.00119219895560115	0.0100636356124812	0.00134198165958399
mv_msaldopesos_avg3	0.00118748453108447	0.000434255914847678	0.000689629463952882
ctrx_quarter_delta1_avg3	0.00118478610150245	0.00191540954812759	0.00227391336762842
mprestamos_personales_delta1	0.00117524891766285	0.00316297348831015	0.0011555953179751
cliente_edad_min6	0.00117116419727654	0.00199832189895312	0.00203161112353687
mv_fultimo_cierre_avg6_avg3	0.00116297647347883	0.000640867507089566	0.00167747707447998
ctarjeta_visa_transacciones_tend6_avg3	0.00116039117116058	0.00105285005660847	0.00109967941549243
canarito66	0.00115517161016421	0.00204206153946971	0.00266532468500708
Master_Fvencimiento_lag1_avg3	0.00115480030396695	0.000775384853143455	0.00223663609930664
cproductos_delta1_tend6	0.00115165680337921	0.0015773870359139	0.00126742712294043
mv_status01	0.00115078639552833	0.00162443206861928	0.000465965854022217
mrentabilidad_max6_avg6_avg3	0.00114942235078149	0.000975082953818227	0.00150972936703198
ccomisiones_otras_tend6_delta3_delta5_tend6_avg3	0.00114567294873949	0.000702797062624658	0.00212480429434131
mcuenta_corriente_min6_lag3_lag5_tend6_avg3	0.00114449727885484	0.000544600427313004	0.00137925892790576
mactivos_margen_max6_lag3_lag5_avg6_avg3	0.0011401938223221	0.000714193485089802	0.00156564526951465
mprestamos_personales_min6_delta3_tend6	0.00113928971435137	0.00161857069743735	0.000689629463952882
Visa_mfinanciacion_limite	0.00113753225434412	0.00151882325916807	0.00199433385521509
mcomisiones_otras_min6_delta3_avg6	0.00113630128758256	0.000576866226645896	0.00182658614776709
mvr_msaldopesos2_avg6_lag3_avg6_avg3	0.00112902049522487	0.00103861314135948	0.00223663609930664
mvr_msaldopesos2_avg6_avg3	0.00112794747151191	0.000815401814578248	0.00171475434280176
Master_fultimo_cierre_avg6_lag3_lag5_avg6_avg3	0.00112753185509378	0.00158204299764791	0.00206888839185864
ccomisiones_otras_tend6_avg6	0.00112693181556109	0.000699301607481821	0.0019756952210542
mttarjeta_visa_debitos_automaticos_delta1_avg3	0.00112590332757167	0.00222273631262072	0.00160292253783643
cpagomiscuentas_tend6_avg6	0.00111770118097571	0.00203732506226841	0.00199433385521509
cliente_edad_lag3	0.00111718577656994	0.00838465237929893	0.0023111906359502
mrentabilidad_max6_lag3	0.00111116874654874	0.000693873781123808	0.00134198165958399
mcomisiones_otras_min6_delta3_avg6_avg3	0.00111012033365872	0.000586182021049828	0.00201297248937598
ctrx_quarter_min6_delta5	0.00110930358592561	0.000865186308639751	0.00145381346454932
cpayroll_trx_min6_delta3_delta5_tend6	0.00110161970909196	0.0015430351892095	0.00100648624468799
mcuenta_corriente_min6	0.00109923594925077	0.000736392915542354	0.0016401998061582
tcallcenter_tend6_tend6_avg3	0.00109125013305699	0.00174723441418116	0.00173339297696265
ctrx_quarter_min6_delta3_lag5_avg6_avg3	0.00108466868445998	0.000494213615621129	0.00139789756206665
mtransferencias_recibidas_delta5	0.00108244959085996	0.00201894547138945	0.00137925892790576
Visa_mfinanciacion_limite_lag3_lag5	0.00108071077599224	0.00128930385519883	0.00201297248937598
cliente_antiguedad_lag3	0.00107951204176621	0.0026654568030618	0.00201297248937598
mcuenta_corriente_avg3	0.0010774978402854	0.000971056793359683	0.00169611570864087
mrentabilidad_max6_lag3_lag5	0.00107729028870754	0.00100016661863061	0.00195705658689331
mcuentas_saldo_min6_delta5_avg3	0.00107694262787006	0.000326162351624389	0.00100648624468799
mcuentas_saldo_delta1	0.00107330862007257	0.000599456621627159	0.00175203161112354
cliente_edad_avg6_lag3_tend6	0.00107244946784559	0.000625777050468486	0.00206888839185864
ccallcenter_transacciones_tend6_delta3_lag5_avg6	0.00106597589334276	0.00135248952944251	0.00156564526951465
mcomisiones_mantenimiento_tend6	0.00106566016341427	0.00129248808709307	0.00124878848877954
Visa_fultimo_cierre_avg6_lag3_lag5_avg6_avg3	0.001064355478561	0.0013617964206938	0.00205024975769776
mplazo_fijo_dolares	0.00106235965148263	0.00682651124972464	0.000820099903079102
chomebanking_transacciones_tend6_avg6	0.00106180306089984	0.000511668827000525	0.0016401998061582
mv_fechaalta	0.00105596063152572	0.00367806228720292	0.00208752702601953
ccaja_seguridad_avg6	0.00105535931787432	0.00300090630416425	0.000540520390665772
chomebanking_transacciones_delta1_tend6_avg3	0.00105263895562426	0.000933261749147469	0.00203161112353687
chomebanking_transacciones_tend6	0.00104566395797626	0.00234060127940665	0.00195705658689331
Master_mfinanciacion_limite_avg6_avg3	0.00104531773765896	0.000992166555348549	0.00206888839185864
Visa_mpagospesos_max6_lag3_lag5_avg6_avg3	0.00103375276130848	0.00101280793409015	0.0014910907328711
Visa_cconsumos_tend6_lag3_lag5_avg6_avg3	0.0010291475626109	0.0014825916859771	0.00190114068441065
ctransferencias_emitidas_avg6_lag3_delta5_tend6_avg3	0.00102795828242613	0.00158385227310058	0.00195705658689331
mrentabilidad_max6_lag5_tend6_avg3	0.00102443077289838	0.000628771606502261	0.00177067024528443
mvr_mpagominimo_avg6	0.00102250716319057	0.00181280148820764	0.0011555953179751
canarito98	0.00102035325257869	0.000513341845508536	0.00212480429434131
ccomisiones_otras_tend6_delta3_delta5_avg6	0.00101957929574467	0.000756777264138343	0.00205024975769776
ccomisiones_otras_tend6_lag3_lag5_tend6_avg3	0.00101714675914241	0.000662838165228783	0.00195705658689331
ctrx_quarter_min6_delta3_lag5_avg6	0.00101540040093335	0.000570023960299852	0.00111831804965332
ctarjeta_visa_transacciones_delta5_avg6	0.00100874381944973	0.000531246472549152	0.000745545366435548
Visa_mfinanciacion_limite_avg3	0.00100822702721758	0.000895044385825528	0.00175203161112354
mactivos_margen_max6_lag3_lag5_tend6	0.00100321168747478	0.00056928809537997	0.00171475434280176
Visa_cconsumos_tend6_avg6	0.00100265161948413	0.000773656480251676	0.00158428390367554
ctarjeta_visa_transacciones_tend6	0.00100262295243447	0.00305378019218976	0.00121151122045777
Visa_mpagospesos_max6_lag5_avg6_avg3	0.000998873136779661	0.000692037409119642	0.00139789756206665
chomebanking_transacciones_avg6_lag5	0.000996791656752153	0.000483781056202016	0.00128606575710132
chomebanking_transacciones_delta1_avg6_avg3	0.000988748149365365	0.000686397842566377	0.00188250205024976
mv_cconsumos_tend6	0.000987758189433174	0.000713294266673766	0.00117423395213599
ctrx_quarter_min6_delta3_delta5_tend6_avg3	0.000987536962237846	0.00108651132834335	0.00145381346454932
chomebanking_transacciones_delta1_avg6	0.000986035449950105	0.0012292753162979	0.00182658614776709
mcuentas_saldo_min6_delta5	0.000985642152318319	0.000894901161196198	0.00139789756206665
mcaja_ahorro_dolares_delta1_avg6	0.000984359235978998	0.00100289253171099	0.00108104078133154
mv_fultimo_cierre_tend6	0.000982269679025717	0.00031470283290362	0.000782822634757325
mcomisiones_otras_min6_lag3_lag5_avg6_avg3	0.000979913337936374	0.00192541514331386	0.00182658614776709
ccallcenter_transacciones_tend6_delta3_avg6	0.000979468274294407	0.00318573381737865	0.00128606575710132
ctrx_quarter_delta1_lag3_avg6_avg3	0.000978307075311415	0.000702413452874209	0.00160292253783643
mcomisiones_mantenimiento_avg6_delta3_delta5	0.00096223951449363	0.000817158832395893	0.0014910907328711
Visa_mpagominimo_max6_lag5_tend6	0.000961139581896274	0.00196449766081568	0.00167747707447998
Visa_cconsumos_max6_avg3	0.000959483333565431	0.000790995176459643	0.0018079475136062
Visa_fechaalta_lag5	0.000957662466236134	0.00061451378819926	0.00182658614776709
chomebanking_transacciones_delta1_avg3	0.000956133672764644	0.00109266031006472	0.00190114068441065
ctransferencias_recibidas_avg6_delta3_tend6_avg3	0.000955751757996492	0.000670041202803302	0.00177067024528443
mrentabilidad_annual_lag1_lag3_lag5	0.000954003812374939	0.000787819847718039	0.00186386341608887
mv_cconsumos_delta5_avg6_avg3	0.000953055075438475	0.00116312024710398	0.00126742712294043
mrentabilidad_annual_delta1	0.000950027863933417	0.000615816358138977	0.00191977931857154
Master_Fvencimiento_lag1_lag5	0.000946198774912586	0.0005452228738102	0.00182658614776709
mcuentas_saldo_min6	0.000946023112165186	0.00351954320292848	0.00160292253783643
mcuentas_saldo_min6_lag3_lag5_tend6_avg3	0.000945190090800177	0.000747387534858189	0.00154700663535376
Master_fultimo_cierre_avg6	0.000945126578329621	0.00122645533947447	0.00171475434280176
mcomisiones_otras_min6_lag5_avg6_avg3	0.000944119176560375	0.000536699072897104	0.00160292253783643
Master_fechaalta_lag3_lag5_avg6	0.000941634353560862	0.000941052007702241	0.00190114068441065
mrentabilidad_annual_delta1_avg3	0.000941245051381011	0.000570888340292537	0.00177067024528443
mcomisiones_otras_min6	0.000936927286283668	0.0025815236864321	0.00154700663535376
thomebanking_tend6_delta5_tend6	0.000933859041040629	0.00141951904306252	0.00208752702601953
Master_fultimo_cierre_avg6_lag3_tend6	0.000930758970371822	0.00117157553245116	0.00136062029374487
chomebanking_transacciones_tend6_lag3_lag5_avg6_avg3	0.000926727140687826	0.000877122339573236	0.00100648624468799
Visa_mpagominimo_max6_tend6	0.000926561327089506	0.00137965149975455	0.00136062029374487
Master_fechaalta_lag3_lag5_avg6_avg3	0.000917772961462354	0.001697163470861	0.00173339297696265
mttarjeta_visa_debitos_automaticos_delta1_avg6_avg3	0.000917712429681759	0.00161926862718513	0.00150972936703198
Visa_cconsumos_tend6	0.000917209609051267	0.001877892437115	0.0014910907328711
mcuenta_corriente_delta1_tend6	0.000916170000949936	0.000325956417833028	0.00113695668381421
cproductos_tend6	0.000912990603264983	0.00292437751377732	0.000950570342205323
Visa_cconsumos_tend6_tend6	0.000912217747406103	0.00052951074487911	0.00190114068441065
mcuentas_saldo_min6_lag3_avg3	0.00091141060376246	0.000561604287563213	0.00126742712294043
mtarjeta_master_consumo	0.000909421998124685	0.00368005930304809	0.000596436293148438
Master_mfinanciacion_limite_lag5_avg6_avg3	0.000908646606986633	0.000871597352723435	0.00173339297696265
ctrx_quarter_delta3	0.000907901784656468	0.000573123805790863	0.00167747707447998
Visa_cconsumos_tend6_lag3_tend6_avg3	0.000907280159316715	0.000570961113887981	0.00171475434280176
Visa_mpagominimo_max6_delta5_avg6_avg3	0.000905291463305737	0.00115068989765251	0.00128606575710132
Visa_mpagospesos_max6_avg3	0.000904021740067482	0.00110966765415726	0.00136062029374487
mtransferencias_emitidas_max6_lag5_avg6_avg3	0.000902110947766415	0.000777814252531766	0.00162156117199732
mcuentas_saldo_min6_lag3_lag5_tend6	0.000900332433241342	0.000517705551579986	0.00154700663535376
canarito72	0.00090015583587244	0.000437568661814721	0.00210616566018042
mcomisiones_mantenimiento_tend6_lag3_lag5_tend6_avg3	0.000900072708878252	0.00059445614659558	0.00156564526951465
canarito40	0.000899944204781221	0.000909732265110113	0.00201297248937598
mcuentas_saldo_min6_lag5_avg6_avg3	0.000899513022654613	0.000692555727440379	0.00145381346454932
Visa_cconsumos_tend6_lag3_avg6_avg3	0.000898625127062829	0.000705859360037169	0.00158428390367554
cliente_edad_min6_lag5	0.000895486915267992	0.0014330057709287	0.00152836800119287
Master_fechaalta_lag3	0.000895349930147864	0.00127243238095735	0.00184522478192798
chomebanking_transacciones_avg6_delta5_avg3	0.000895107342265596	0.000619376845005401	0.00160292253783643
mtransferencias_recibidas_max6_delta5	0.000893842956879975	0.0011918762688311	0.00177067024528443
mcuenta_corriente_min6_lag3_delta5_avg6_avg3	0.000893531482716501	0.00067601908915666	0.00162156117199732
mcaja_ahorro_max6	0.000891945187692282	0.00143135597803626	0.00169611570864087
ctrx_quarter_max6_lag3_lag5_avg6_avg3	0.000888984970177867	0.00307315267813422	0.00167747707447998
mv_fechaalta_delta3_avg6_avg3	0.000888862290705542	0.000630401270527881	0.000950570342205323
Visa_mpagominimo_max6	0.000888118657237263	0.000560676424221311	0.00147245209871021
mactivos_margen_min6_lag3_lag5_tend6	0.000884267419417774	0.000623115394924506	0.00177067024528443
mcuenta_corriente_min6_delta5	0.000882702099488161	0.000544349977758473	0.0011555953179751
mv_fultimo_cierre	0.000880983667077223	0.00130399521832575	0.00136062029374487
mcaja_ahorro_dolares_max6_lag3_delta5_avg6_avg3	0.000880554475743189	0.00180671637692908	0.00167747707447998
cliente_edad_avg6_tend6	0.000878178593193841	0.00053438464030585	0.00167747707447998
ctransferencias_recibidas_avg6_lag3_lag5_avg6	0.000876792732068715	0.00125522529657093	0.0016401998061582
mcuentas_saldo_delta1_avg6_avg3	0.000875363583613497	0.000409794309438898	0.00167747707447998
Master_fultimo_cierre_avg6_tend6_avg3	0.000874498770198643	0.000784122716813362	0.00162156117199732
mcomisiones_mantenimiento_avg6_delta3_delta5_tend6_avg3	0.000873667270546246	0.000675044387490031	0.00165883844031909
mrentabilidad_max6_tend6	0.000872990808850394	0.000521376360120354	0.00145381346454932
mcaja_ahorro_min6_delta3_avg6	0.000871626595120003	0.000800690709678096	0.00171475434280176
mrentabilidad_max6_lag3_avg3	0.000869395806223267	0.000678493004308141	0.00124878848877954
mcomisiones_otras_min6_delta3_delta5_tend6_avg3	0.000868585808985946	0.000539767176713507	0.00182658614776709
mtransferencias_recibidas_max6_lag5	0.000868218908649722	0.00116558293654127	0.00177067024528443
Visa_mconsumospesos_avg6	0.000865794062615839	0.000753931352044198	0.0016401998061582
mvr_msaldopesos2_tend6_avg3	0.000865308661539908	0.00168696974818863	0.00137925892790576
Visa_mconsumospesos_avg6_avg3	0.00086477227505832	0.00106729019599367	0.00150972936703198
ctrx_quarter_delta1_delta5_tend6_avg3	0.00086316622521683	0.000542229866150797	0.00152836800119287
canarito95	0.000862015370953225	0.000620273353766288	0.00203161112353687
mttarjeta_visa_debitos_automaticos_tend6_delta3_delta5_tend6_avg3	0.00086011241090085	0.00121184604018922	0.00190114068441065
ctrx_quarter_min6_delta3	0.000857711798800171	0.000974745795298912	0.00160292253783643
mpasivos_margen_min6_lag3_delta5_avg6_avg3	0.000852737380139657	0.000517080395427641	0.00137925892790576
mrentabilidad_annual_avg6_delta3_lag5_tend6	0.000852722146373397	0.000567092113428108	0.00147245209871021
mcaja_ahorro_max6_lag5	0.000852342811114689	0.000858705587709367	0.00150972936703198
cpayroll_trx_avg6_avg3	0.000850112266082154	0.00129453194126297	0.000782822634757325
ctransferencias_recibidas_avg6_lag3_delta5_avg6	0.000849821151997334	0.000860595378629337	0.00167747707447998
chomebanking_transacciones_max6_avg6_avg3	0.000848102392999633	0.000435720677002771	0.00136062029374487
canarito63	0.000846635318879578	0.000639494486115962	0.00190114068441065
mrentabilidad_annual_delta1_lag5_avg3	0.000844130538798956	0.000570773373495481	0.00167747707447998
mtransferencias_recibidas_max6_delta5_tend6_avg3	0.000842942743221187	0.000704029568624081	0.0016401998061582
mcuentas_saldo_min6_delta3_delta5	0.000838942164399776	0.000418498883059825	0.00137925892790576
mcomisiones_mantenimiento_delta3_delta5_tend6	0.000837746821464084	0.000698599806798104	0.0014910907328711
ctransferencias_emitidas_max6_avg6	0.00083769902895806	0.00208398648522333	0.00141653619622754
ccomisiones_mantenimiento_delta1_avg6	0.000837388185685617	0.00128308209988202	0.000615074927309327
mactivos_margen_max6_lag3_lag5_avg6	0.000835456080801019	0.000481227786864015	0.00141653619622754
Visa_mconsumospesos_avg6_tend6_avg3	0.000834986023182421	0.00069463751678237	0.00158428390367554
Visa_mpagospesos_max6_delta5	0.000833759585170333	0.00318242300587957	0.00134198165958399
ctarjeta_visa_debitos_automaticos_tend6_avg6_avg3	0.000832288690224237	0.000671584932051323	0.00126742712294043
ccomisiones_otras_tend6_delta3_delta5_avg6_avg3	0.000830907317539264	0.000675128773893258	0.00169611570864087
Visa_cconsumos_max6_lag5_tend6	0.000829865396553348	0.00139740670866835	0.00165883844031909
canarito41	0.000828577902596083	0.000434307011201925	0.00186386341608887
mcaja_ahorro_min6_delta3_tend6_avg3	0.000826889959904525	0.000768851487484452	0.00165883844031909
canarito79	0.000823370379884244	0.000367022015810671	0.00191977931857154
ctransferencias_emitidas_avg6_lag3_delta5_tend6	0.00082242294231362	0.00140713320937422	0.00154700663535376
mcomisiones_mantenimiento_avg6_delta5_avg6_avg3	0.00082200376117467	0.000571782913585461	0.00152836800119287
mrentabilidad_annual_delta1_lag5	0.000820208895985298	0.000387718361842444	0.00158428390367554
mcomisiones_otras_min6_avg6	0.000819182704144685	0.000794499534755114	0.00136062029374487
ctrx_quarter_tend6_lag3_lag5	0.000818657444564953	0.000859769320902336	0.00162156117199732
mcomisiones_mantenimiento_tend6_lag3_lag5_avg6_avg3	0.000815762570797792	0.000598367340257066	0.0014910907328711
ctrx_quarter_tend6_avg6_avg3	0.000814629679762465	0.00101053453341973	0.00167747707447998
mcuentas_saldo_min6_delta3_avg6	0.000814130327167804	0.000485146722397357	0.0013233430254231
mcuentas_saldo_delta1_avg6	0.000813904861038874	0.000831858711581854	0.00147245209871021
mactivos_margen_max6_lag3_avg6_avg3	0.000811593432754061	0.000376314971692629	0.0011555953179751
Master_Fvencimiento_lag1_lag5_avg6_avg3	0.000811099622379798	0.000424738831775498	0.0014910907328711
thomebanking_tend6_avg3	0.000810430247377614	0.000895475220994297	0.00156564526951465
ctrx_quarter_delta1_avg6	0.000809063237815889	0.000820033389415905	0.00139789756206665
ctrx_quarter_max6_lag3_delta5_tend6_avg3	0.000806280226661446	0.00112717783282683	0.00169611570864087
chomebanking_transacciones_tend6_lag3_delta5_tend6	0.000805756114008521	0.00177389896922647	0.00152836800119287
mcomisiones_otras_min6_lag3_lag5_avg6	0.00080462922681418	0.00151361104394123	0.00136062029374487
mvr_mpagominimo_avg6_lag5_avg6_avg3	0.000804556967843263	0.00215412048945747	0.00160292253783643
mcomisiones_mantenimiento_avg6_delta3	0.000804493555883011	0.00154637735528959	0.00143517483038843
mrentabilidad_min6_delta3_tend6	0.000804432567741645	0.00089222595737647	0.00162156117199732
mrentabilidad_lag1_delta3_avg6_avg3	0.000803486267151995	0.000473915201802738	0.00139789756206665
mpasivos_margen_lag3	0.000803309118841265	0.000400020583314703	0.00162156117199732
mcuenta_corriente_delta1_avg3	0.000802891257533622	0.000520714430076694	0.000820099903079102
mv_fultimo_cierre_avg3	0.00080260068807885	0.000638722234398359	0.00152836800119287
mrentabilidad_annual_tend6_delta3_delta5_avg3	0.000801812266989663	0.000262686357186126	0.00143517483038843
mrentabilidad_lag1_delta3	0.000800589835427307	0.000414759558953535	0.00152836800119287
Visa_mpagospesos_max6_lag3_lag5_tend6	0.000798705187568099	0.000450760037269603	0.0013233430254231
mrentabilidad_min6_delta5	0.000798330031472357	0.00060656249870989	0.00160292253783643
mvr_mpagominimo_min6_avg6_avg3	0.000795942023708058	0.00118294292289684	0.00145381346454932
canarito45	0.000795764318526254	0.000395682812513969	0.00184522478192798
canarito84	0.00079341452609921	0.000411948872376332	0.00160292253783643
Visa_cconsumos_max6_tend6_avg3	0.000792828168973939	0.00164059941961548	0.00165883844031909
canarito67	0.000791292853569579	0.00070508633413238	0.00195705658689331
mcuentas_saldo_delta3	0.000789932988320416	0.00106847276691963	0.00147245209871021
canarito122	0.000787984610138632	0.00060302910839496	0.00191977931857154
canarito56	0.000787885397048895	0.000418013080600881	0.00178930887944531
ccajas_transacciones_avg6_lag3_tend6_avg3	0.000787018953234503	0.0013197468308033	0.00156564526951465
canarito26	0.000785834465985423	0.000411585391492708	0.00173339297696265
chomebanking_transacciones_tend6_lag3_delta5_avg6_avg3	0.000785821395342438	0.000477582526500771	0.00137925892790576
mrentabilidad_min6_avg6_avg3	0.000784717033549586	0.000687628800191429	0.00126742712294043
mactivos_margen_max6_delta3	0.000783875514425701	0.000488007731141621	0.00141653619622754
canarito6	0.000782225931955422	0.000385218124326654	0.00175203161112354
canarito62	0.000781670845393138	0.000491868989729639	0.00173339297696265
ctrx_quarter_delta1_delta5_avg3	0.000780322211716172	0.000338369735166415	0.00158428390367554
mcomisiones_mantenimiento_delta5	0.000780121629777164	0.000804435840188279	0.00111831804965332
canarito77	0.000779197138584583	0.000559495788763321	0.00175203161112354
canarito57	0.000777763337965482	0.000494542258081403	0.00184522478192798
Master_fultimo_cierre_avg6_avg6_avg3	0.000777642701501359	0.00148428793010068	0.00145381346454932
mpasivos_margen_max6_tend6	0.000777270348887593	0.000918747287792452	0.00150972936703198
mactivos_margen_delta1	0.000776918635696533	0.0010635768071581	0.00147245209871021
Master_fultimo_cierre_avg6_lag3_avg6_avg3	0.000775808088646857	0.000690879612183626	0.00137925892790576
mpayroll_lag3	0.000774230118763914	0.00319674740428053	0.00108104078133154
mvr_msaldopesos2_avg6_delta5_avg6_avg3	0.000773463744911117	0.000493185495038696	0.00156564526951465
canarito17	0.000772694650872704	0.000621985855820763	0.00190114068441065
canarito34	0.000772554069377233	0.000541161874928307	0.00169611570864087
Master_Fvencimiento_lag1	0.000771763638560134	0.000508304209492049	0.00156564526951465
ccomisiones_otras_tend6_avg3	0.000770609151771905	0.000631395713967742	0.00160292253783643
canarito90	0.000769076626221816	0.000379797652746904	0.00178930887944531
ccomisiones_otras_tend6	0.000768753073607938	0.00123935755601554	0.00143517483038843
mactivos_margen_max6_lag3_avg3	0.000768284146084736	0.00116632654333301	0.00113695668381421
Visa_mpagospesos_tend6_lag3_lag5_avg6_avg3	0.000767672217359395	0.00151816094203081	0.00136062029374487
thomebanking_tend6_avg6_avg3	0.000767531168218457	0.00169299408577312	0.00169611570864087
cliente_edad_avg6_lag3	0.000766617182982535	0.000734908024520436	0.00156564526951465
ctrx_quarter_delta1_avg6_avg3	0.000765837676420924	0.000615841132128915	0.00139789756206665
mcuenta_debitos_automaticos_delta5	0.000765610207832191	0.00356461947762095	0.00113695668381421
ctrx_quarter_max6_lag3_delta5_avg6_avg3	0.000764277874134022	0.00075887105338171	0.00156564526951465
ccajas_transacciones_tend6	0.000764204408178762	0.00165172642494005	0.00109967941549243
canarito15	0.000763097950301381	0.000452581312623651	0.00171475434280176
canarito75	0.000762609003439975	0.000609952277301896	0.0016401998061582
mcaja_ahorro_avg6_avg3	0.000761770373437435	0.00232756048335936	0.00145381346454932
canarito106	0.000760091186570457	0.000520658688599333	0.00182658614776709
mcuentas_saldo_lag1_delta3_delta5_avg6	0.000758909061361333	0.00132292564338724	0.00134198165958399
canarito82	0.00075876860648398	0.000333734676486423	0.00167747707447998
mrentabilidad_lag1	0.000758654186070513	0.000250671746253306	0.00126742712294043
ctrx_quarter_min6_delta3_avg3	0.000757154445241014	0.000544963134009443	0.00124878848877954
canarito23	0.000756219255869405	0.000531607243777627	0.0018079475136062
canarito85	0.000755725049478807	0.00040649472365401	0.0018079475136062
canarito112	0.000753929546321559	0.000384268196649963	0.0018079475136062
canarito2	0.000752904285611843	0.000501926455457345	0.00167747707447998
cliente_edad_min6_lag5_avg6_avg3	0.000752247894274412	0.000823890777067994	0.00143517483038843
mactivos_margen_delta1_lag5_avg6_avg3	0.000751875722502687	0.000951861209187133	0.00128606575710132
internet_avg6_delta5_avg6_avg3	0.000750823418639809	0.00388695695745504	0.00167747707447998
mvr_msaldopesos2_avg6_lag3_lag5_tend6_avg3	0.000750526529946353	0.00045656527988058	0.00147245209871021
canarito48	0.000749858139773007	0.000665146017228959	0.0016401998061582
ccomisiones_otras_tend6_lag3_lag5	0.000749721863676088	0.000340344686676798	0.00136062029374487
ccallcenter_transacciones_delta1_avg6_avg3	0.000748934621120421	0.00167328637677732	0.00150972936703198
canarito21	0.000748531739816819	0.000380572227026065	0.00175203161112354
mcomisiones_mantenimiento_tend6_lag3_lag5_avg6	0.000748014395208341	0.000816750835749099	0.0014910907328711
canarito14	0.000747907216700933	0.000438937811852397	0.00177067024528443
mrentabilidad_annual_lag1_avg3	0.000746597857018749	0.000807809747942981	0.00136062029374487
mcuenta_corriente_min6_delta3_avg6	0.000746119638173873	0.000895969539512281	0.00121151122045777
Visa_mpagospesos_max6_lag5_tend6_avg3	0.000744808398155254	0.000706955609091933	0.0014910907328711
mcomisiones_otras_min6_delta3_delta5_avg6	0.000744648780142123	0.000518056645468641	0.00160292253783643
Visa_mpagominimo_max6_delta5	0.000744494083786724	0.00215335791507969	0.00137925892790576
mrentabilidad_annual_tend6_delta3_delta5_avg6_avg3	0.000742545997859449	0.000838345626009723	0.0014910907328711
mcuentas_saldo_min6_delta3_delta5_tend6	0.000742456016368564	0.000864946697705818	0.00139789756206665
Visa_mpagospesos_max6_delta3_tend6_avg3	0.000742399833117014	0.000669091662220203	0.00136062029374487
mrentabilidad_annual_max6_lag3_lag5_tend6	0.000740938077244825	0.000323670243074047	0.00123014985461865
ccomisiones_otras_tend6_lag3_lag5_avg6	0.000740220312508408	0.000325680420101373	0.00147245209871021
canarito31	0.000739457227092631	0.000566244765553504	0.00188250205024976
Visa_cconsumos_tend6_avg3	0.000739157730964889	0.000884480214584869	0.00139789756206665
mcaja_ahorro_min6_delta3_avg3	0.000738511488251338	0.000685962362274495	0.00126742712294043
canarito27	0.000738104333490613	0.000408386062948351	0.00171475434280176
Visa_cconsumos_tend6_tend6_avg3	0.000737563601970586	0.000987637173219387	0.0014910907328711
thomebanking_tend6	0.000736903838373794	0.00172106920987054	0.00109967941549243
ccomisiones_otras_tend6_tend6	0.000736724542049806	0.000502104905603618	0.00150972936703198
mcuenta_corriente_delta3_tend6_avg3	0.000736482533034207	0.000708535725137676	0.00121151122045777
Visa_mpagospesos_max6_avg6_avg3	0.000736301780984392	0.000384383937634206	0.00119287258629688
tcallcenter_tend6_avg6_avg3	0.000735793140606479	0.000963914529479232	0.00137925892790576
canarito68	0.000735656345652611	0.000473459592644032	0.00178930887944531
mcuentas_saldo_lag1_lag3	0.000735547784339553	0.00102374023133754	0.0013233430254231
mttarjeta_visa_debitos_automaticos_tend6_delta5_tend6_avg3	0.000733930658664239	0.000673978718829097	0.00147245209871021
mvr_msaldopesos2_tend6	0.000733534165407278	0.00185682641670212	0.00126742712294043
canarito38	0.000732508228046131	0.000517809292662852	0.00177067024528443
ctrx_quarter_max6_lag3_delta5_tend6	0.000732292558659384	0.000560299007968347	0.00147245209871021
mcuentas_saldo_min6_delta5_avg6_avg3	0.000731785315384257	0.000718244419538284	0.00124878848877954
cproductos_avg6_delta3_avg6_avg3	0.00073128419137917	0.0013485098202151	0.00147245209871021
canarito118	0.00072975960250903	0.000539423824696708	0.00188250205024976
ccomisiones_mantenimiento_tend6_avg6_avg3	0.000729609032049005	0.00130831866666355	0.00137925892790576
canarito37	0.000729426374033105	0.00050100246305137	0.00177067024528443
chomebanking_transacciones_delta1_delta5_tend6	0.000728506258816245	0.000381989376669246	0.00160292253783643
canarito25	0.000728143348624324	0.000309302877284288	0.00167747707447998
mactivos_margen_delta1_avg3	0.000727670607065025	0.000627690841191209	0.00134198165958399
mactivos_margen_max6_lag3_lag5_tend6_avg3	0.000727009512543496	0.000463564706225295	0.00141653619622754
canarito33	0.000726791796084143	0.000475354028687115	0.00158428390367554
canarito22	0.000723666256668579	0.000450765456579902	0.00173339297696265
chomebanking_transacciones_max6_lag3_lag5_tend6_avg3	0.000722712052296739	0.000665482788654681	0.00139789756206665
mrentabilidad_annual_delta1_delta5_tend6_avg3	0.000722659564113808	0.000234950327075989	0.00137925892790576
Visa_fultimo_cierre_tend6_delta3_lag5_tend6_avg3	0.000721558953717425	0.00052754856745729	0.00111831804965332
canarito16	0.000721273804359684	0.000294750093663585	0.00167747707447998
ctrx_quarter_min6_delta3_avg6_avg3	0.000721120896915554	0.000702396033662534	0.00121151122045777
cproductos_delta1_avg3	0.000720715755660244	0.0025814915576639	0.000298218146574219
canarito58	0.000720005090001972	0.000480331278103128	0.00158428390367554
canarito81	0.000719518174338089	0.000353395160063907	0.00154700663535376
mpasivos_margen_delta5_avg3	0.000719036662465809	0.000690607098294306	0.00141653619622754
ccajas_transacciones_tend6_tend6_avg3	0.000719003257373819	0.00115780583916865	0.00154700663535376
Visa_mpagospesos_max6	0.000717286894557063	0.0031528649262282	0.00139789756206665
canarito93	0.000716741589053147	0.000836439190065263	0.00169611570864087
canarito44	0.000715853366874601	0.000437517565460473	0.0016401998061582
canarito65	0.000715594994284246	0.000349996091225674	0.00167747707447998
mrentabilidad_max6_avg3	0.000714125642376924	0.00110229274702755	0.00117423395213599
canarito101	0.000713773984557382	0.000511891018722782	0.0016401998061582
mprestamos_personales_delta5	0.000711532683679107	0.000729567294220799	0.000615074927309327
chomebanking_transacciones_max6_lag3_lag5_avg6_avg3	0.000711247722144618	0.000352502135145355	0.00139789756206665
mcuenta_corriente_delta3_delta5_tend6_avg3	0.000710478064732085	0.000404661448398586	0.00130470439126221
canarito64	0.000709898615466735	0.000511142379714339	0.00160292253783643
canarito47	0.000709297727573533	0.00050850743362826	0.00178930887944531
cliente_edad_min6_avg6_avg3	0.000707622664641452	0.000861285953598863	0.00130470439126221
canarito104	0.000706894350244087	0.000407664520491402	0.00154700663535376
canarito105	0.00070647448485088	0.000313455617347671	0.00169611570864087
Visa_mconsumospesos_avg6_avg6_avg3	0.00070620432386507	0.000718782479632253	0.00141653619622754
canarito4	0.000705447446753674	0.000287378283282612	0.00171475434280176
canarito83	0.000704168197127782	0.000313887226703625	0.00160292253783643
mrentabilidad_lag1_delta3_avg3	0.000703040721886001	0.000528092821048744	0.00139789756206665
mactivos_margen_lag1_avg3	0.000700099532951706	0.000838935556645125	0.00113695668381421
canarito28	0.000698018822770007	0.000319804339362917	0.00156564526951465
mprestamos_personales_tend6	0.000694285112863332	0.00072249354590627	0.000354134049056885
Visa_mconsumospesos_avg6_lag5_tend6	0.00069425413541555	0.00065288405349035	0.00134198165958399
Visa_mpagominimo_delta1_tend6	0.000694203001013649	0.000854696459368906	0.00124878848877954
canarito108	0.000693329136889799	0.000468416150223653	0.00156564526951465
mvr_msaldopesos2_tend6_delta3_tend6_avg3	0.000693084834594385	0.000672764406228535	0.00141653619622754
canarito19	0.000693053114651837	0.000334241381999377	0.00160292253783643
mv_fechaalta_tend6	0.000690200452534562	0.000383734781679107	0.00042868858570044
mvr_msaldopesos2_tend6_delta3_avg6	0.000689723415761627	0.000569116225824774	0.00137925892790576
chomebanking_transacciones_delta1_lag5_tend6_avg3	0.000686743879946859	0.000779676559806648	0.00137925892790576
canarito30	0.000685755776729748	0.000346791343371017	0.0014910907328711
mcuentas_saldo_delta1_tend6	0.000685657296141126	0.000471495479754247	0.00136062029374487
Visa_cconsumos_max6_lag3_lag5	0.00068522216723979	0.000545377711247314	0.00126742712294043
Visa_cconsumos_max6_lag3_lag5_avg3	0.000684514885125575	0.000505893777689785	0.00123014985461865
mvr_mpagominimo_avg6_delta5_avg6_avg3	0.00068350744663325	0.000665101501465789	0.00111831804965332
Visa_mpagospesos_max6_lag3_lag5_tend6_avg3	0.000683059801569179	0.000475491834006146	0.0013233430254231
mcuenta_corriente_delta3_tend6	0.000682502811814167	0.000726928864292386	0.00137925892790576
ccallcenter_transacciones_tend6_delta3_avg6_avg3	0.000682484363343946	0.000704446468423509	0.00130470439126221
canarito109	0.000680881600983145	0.000424978055615838	0.00158428390367554
ctrx_quarter_delta1_lag3_delta5_avg6	0.000680704502401586	0.000989328772219852	0.00136062029374487
ctrx_quarter_min6_delta5_avg6	0.000680597593483661	0.000973372000138123	0.00108104078133154
mcuentas_saldo_delta3_avg3	0.000680576956356148	0.000566656246042633	0.00126742712294043
mcuentas_saldo_min6_lag3	0.000679824479893792	0.000734763251516735	0.00121151122045777
mcomisiones_mantenimiento_delta3	0.000679536190712745	0.00225804660306085	0.00102512487884888
mcuentas_saldo_lag1_delta3	0.000678892313099408	0.000470596648431804	0.00128606575710132
mactivos_margen_lag1	0.000678696445677011	0.00059391111881694	0.00121151122045777
canarito114	0.0006782919861895	0.000579981168787026	0.00152836800119287
mcuentas_saldo_min6_tend6	0.000676205363113818	0.000542018513049137	0.00130470439126221
mactivos_margen_delta1_lag5_avg3	0.000675712313787127	0.000263082353931544	0.00123014985461865
canarito92	0.000675231477514315	0.000384085875567762	0.00160292253783643
canarito121	0.000674056664166804	0.000569509512915042	0.00154700663535376
mactivos_margen_tend6_tend6	0.000673956918544596	0.00124974559967149	0.00130470439126221
tcallcenter_tend6_delta5_avg6_avg3	0.000673808837220811	0.000902612452658042	0.00139789756206665
canarito88	0.000672883399835132	0.000231103390950905	0.00156564526951465
ctarjeta_visa_transacciones_tend6_lag5_avg6	0.000672354717932153	0.000463711801790553	0.00111831804965332
canarito87	0.000672054415235523	0.000373049837237499	0.00156564526951465
canarito13	0.000669604626627757	0.00054995354460761	0.00162156117199732
mvr_msaldopesos2_tend6_delta3	0.000668303261674765	0.00110244681027747	0.00128606575710132
ctrx_quarter_delta1_lag3_tend6	0.000668087683426286	0.00043955019391618	0.00137925892790576
canarito110	0.000667934605851013	0.000428394156572154	0.00145381346454932
mcuenta_corriente_delta1_avg6	0.000666668483578487	0.00052217261164071	0.00102512487884888
mtarjeta_master_consumo_tend6	0.000666417482572566	0.00350962586508136	0.000689629463952882
mpasivos_margen_lag5	0.000666336284878919	0.000704630724973674	0.00124878848877954
canarito20	0.000665970019306865	0.000438919231359943	0.00156564526951465
mcuentas_saldo_lag1_delta3_avg6	0.000664496003090268	0.000397681376733511	0.00128606575710132
cliente_edad_avg6_lag3_avg6	0.000663675254310693	0.000438310333138494	0.00126742712294043
cproductos_avg6_delta3	0.00066313045432292	0.000925175363994218	0.000969208976366212
ccallcenter_transacciones_tend6_delta3	0.000661358089861718	0.000617841631816421	0.00126742712294043
mrentabilidad_avg6	0.000660458301634488	0.000728567818564232	0.000969208976366212
chomebanking_transacciones_delta1_lag5_avg3	0.000660296844120221	0.000407210072613474	0.00145381346454932
ctrx_quarter_tend6_lag3_lag5_tend6_avg3	0.000659225885028532	0.000474816742780331	0.00128606575710132
Visa_mpagominimo_max6_delta5_tend6_avg3	0.000659214294545612	0.000762461346454779	0.00128606575710132
Visa_fultimo_cierre_tend6_delta3_avg3	0.000658874599508336	0.000595648781954946	0.00121151122045777
canarito3	0.000657012777529566	0.000593584798918224	0.00162156117199732
mcuenta_corriente_min6_delta3_avg6_avg3	0.000656910334864933	0.00121036966522635	0.00124878848877954
Visa_mpagospesos_tend6_lag3_lag5_avg6	0.000656901101401235	0.000377477800845352	0.00117423395213599
canarito61	0.00065622736275999	0.000407890196055995	0.00143517483038843
ccomisiones_otras_tend6_lag3_lag5_avg3	0.000656176312515146	0.000465463013204306	0.0011555953179751
chomebanking_transacciones_tend6_lag3_lag5_tend6_avg3	0.000654384020236539	0.000537896740473176	0.00117423395213599
chomebanking_transacciones_max6_lag3_lag5_tend6	0.000654362613071951	0.000584859709336879	0.00100648624468799
mrentabilidad_annual_delta3	0.00065278026386613	0.000313748260103816	0.00139789756206665
canarito86	0.000652332538661588	0.000192260097289433	0.00143517483038843
canarito59	0.00065174585829671	0.000331755079852928	0.00143517483038843
mrentabilidad_lag1_lag3_avg3	0.000651327038076777	0.000216454995212785	0.00102512487884888
canarito71	0.000651114559390103	0.000381017771751359	0.00154700663535376
canarito76	0.000650187682918742	0.0003582500879046	0.00156564526951465
canarito97	0.000650170495561153	0.000452761698237888	0.00152836800119287
canarito60	0.000649909211040977	0.000369524962981611	0.00150972936703198
Visa_fultimo_cierre_avg6_tend6_avg3	0.000649676939761989	0.000915028479646579	0.0011555953179751
mpasivos_margen_delta5	0.000649208533151846	0.000757960996345076	0.0013233430254231
canarito89	0.000649047320553742	0.000306295934255544	0.00147245209871021
thomebanking_tend6_tend6	0.000647786014933892	0.000631790162338788	0.0013233430254231
canarito43	0.000647669030120998	0.000420363899989857	0.0014910907328711
chomebanking_transacciones_delta1_lag5_avg6_avg3	0.000647456105019388	0.000322535671753598	0.00130470439126221
mcuentas_saldo_delta5_avg3	0.000646570622248694	0.000452191122282125	0.00113695668381421
cpagomiscuentas_tend6	0.000646215712715211	0.00182894600068187	0.0013233430254231
canarito107	0.000645798915755262	0.00038388807074185	0.00160292253783643
mcuenta_corriente_min6_delta5_tend6_avg3	0.000645763880933165	0.00112804530956826	0.00136062029374487
Visa_mpagospesos_tend6_lag3_lag5_tend6	0.000643918596868146	0.000421442342739352	0.00145381346454932
Visa_mpagospesos_tend6_lag5_avg6_avg3	0.000641909343965759	0.000303896728167471	0.00128606575710132
Visa_mpagospesos_max6_delta3_avg6	0.00064076646147942	0.000881249918553089	0.00123014985461865
canarito35	0.000639507461667311	0.000201434602531999	0.0013233430254231
ctrx_quarter_delta1_lag3	0.000639408370748756	0.000446887552967395	0.00126742712294043
ccomisiones_mantenimiento_delta1_tend6	0.000639392607558099	0.00121208642531034	0.00111831804965332
ctrx_quarter_tend6_lag3_delta5_tend6_avg3	0.000639288566005007	0.00070122043042125	0.00124878848877954
mrentabilidad_lag1_avg3	0.000639154240343528	0.00175191205315636	0.000801461268918214
ccajas_transacciones_avg6_delta3_avg6	0.000638876485139614	0.000508204726438703	0.0013233430254231
mrentabilidad_annual_delta1_delta5_avg3	0.000637961205032603	0.000234111108166834	0.00085737717140088
mvr_mpagominimo_avg6_delta3_delta5_tend6_avg3	0.000636778142715518	0.000598681660254407	0.00102512487884888
ctransferencias_emitidas_max6_avg6_avg3	0.00063619956313685	0.000697667298333088	0.00111831804965332
mcuenta_corriente_delta1	0.000635403813784987	0.000814778980987459	0.0013233430254231
canarito74	0.000634524727285375	0.000327605823631879	0.0014910907328711
mv_cconsumos_delta3	0.000634385905485285	0.000771860753074753	0.000950570342205323
mcomisiones_mantenimiento_max6_avg6_avg3	0.000632935304248527	0.000716748689895767	0.00109967941549243
canarito111	0.000632351086242644	0.000310430480920067	0.00147245209871021
ctransferencias_emitidas_max6_tend6_avg3	0.000631501503055628	0.0016081722022544	0.0013233430254231
mv_cconsumos_delta3_avg6	0.000631395824552136	0.000494278647344717	0.000969208976366212
mactivos_margen_delta5	0.000630719749022418	0.000384126907488597	0.00113695668381421
canarito11	0.000630614933128765	0.000466031266598513	0.00165883844031909
Visa_mpagospesos_max6_delta3	0.000630102508743524	0.000704637692658344	0.00113695668381421
Visa_mconsumospesos_avg6_lag5_tend6_avg3	0.000627868860802027	0.000772697262328758	0.00136062029374487
canarito1	0.000627853957304402	0.000340229332786148	0.00156564526951465
canarito91	0.000627362427634212	0.000504315597112005	0.00150972936703198
cliente_edad_min6_lag5_avg6	0.000626273354883505	0.000931087831530396	0.0013233430254231
mcuentas_saldo_avg6_delta3_delta5_avg3	0.000625356823896595	0.000554004479056091	0.00111831804965332
mcomisiones_mantenimiento_avg6_delta3_delta5_avg6	0.000623843027212742	0.000600501774327675	0.00121151122045777
canarito116	0.000622795488647608	0.000302064614192826	0.00147245209871021
mcuenta_corriente_min6_lag3_lag5_tend6	0.000620750492904062	0.000411035718590955	0.00134198165958399
ccajas_transacciones_tend6_avg6	0.000620415004428612	0.00279489161024244	0.00145381346454932
mvr_mpagominimo_min6	0.000620172453843222	0.00226793955401163	0.00108104078133154
mdescubierto_preacordado_tend6	0.000619089350218713	0.00154568561903929	0.00042868858570044
canarito99	0.000618230597259592	0.000319438923011329	0.0014910907328711
mcomisiones_otras_min6_avg3	0.000617085487384589	0.00104196343640502	0.00123014985461865
canarito123	0.000616758594883126	0.000460311184577948	0.00128606575710132
canarito8	0.000616580086383956	0.000339555402841112	0.00152836800119287
internet_avg6_delta5_tend6_avg3	0.000615240912725311	0.00148930853399909	0.00143517483038843
mcomisiones_mantenimiento_delta3_delta5_tend6_avg3	0.000612661490403285	0.000494923545270295	0.00130470439126221
internet_avg6_delta5_avg6	0.000609626441580986	0.0013020078798204	0.00119287258629688
mv_status06_tend6_avg6_avg3	0.000606887691587677	0.000492295179775293	0.000391411317378663
canarito18	0.000605680863126304	0.000287397637962252	0.00139789756206665
mcuentas_saldo_lag1_lag3_avg3	0.000605283231932041	0.00047716098157823	0.00111831804965332
mrentabilidad_annual_tend6_delta3_avg6	0.000604957135958	0.000351228597225097	0.00119287258629688
canarito36	0.000604922532488639	0.000348564619119559	0.00141653619622754
chomebanking_transacciones_tend6_lag3_lag5_avg6	0.000604627719031713	0.00037011450652342	0.000950570342205323
canarito52	0.00060170947236324	0.000308309595125205	0.00123014985461865
mrentabilidad_annual_delta3_lag5	0.00060081655775931	0.000312381045534104	0.00123014985461865
ctrx_quarter_min6_delta3_lag5_tend6_avg3	0.000599044271286836	0.000479288060870576	0.00128606575710132
mrentabilidad_annual_min6_delta5_avg6_avg3	0.000598800117461685	0.000376489550902975	0.00117423395213599
mactivos_margen_tend6_delta5_avg6_avg3	0.000598343533866149	0.000487770055675652	0.00119287258629688
canarito73	0.00059756533652058	0.000281542073184213	0.00139789756206665
ccajas_transacciones_avg6_delta3_tend6	0.000597174642163043	0.000786378311178512	0.00130470439126221
Visa_cconsumos_max6_lag3_lag5_tend6	0.000596506673826947	0.000415154781511767	0.00117423395213599
mcuentas_saldo_min6_avg3	0.000596286038600013	0.000822600594123246	0.00102512487884888
canarito50	0.000595676549377375	0.000549273421165089	0.00136062029374487
mcuenta_corriente_min6_lag3_delta5_avg3	0.000595242218485773	0.000648831570667498	0.00109967941549243
Visa_cconsumos_max6_lag5_tend6_avg3	0.000595189563088507	0.000494965351378315	0.00128606575710132
mcomisiones_otras_min6_lag3_lag5_avg3	0.000594997918437734	0.00126261646163155	0.00117423395213599
mcomisiones_mantenimiento_tend6_avg6	0.000594990241975233	0.00257474529052887	0.00119287258629688
mrentabilidad_annual_delta1_tend6_avg3	0.00059474968199115	0.000777112064754456	0.00128606575710132
ctarjeta_visa_transacciones_delta5_avg6_avg3	0.00059240717058407	0.00115350213260409	0.000969208976366212
mv_msaldototal_avg3	0.000592159533852153	0.000151796429848568	0.000447327219861329
canarito51	0.000592085062411323	0.000299500893327819	0.00136062029374487
ctrx_quarter_tend6_lag3_lag5_tend6	0.000590162053852671	0.000520862299829137	0.00121151122045777
mrentabilidad_annual_max6_lag3_delta5_tend6	0.000590014927042057	0.0011225450967084	0.00119287258629688
canarito39	0.00058946027867027	0.000317866935931034	0.0013233430254231
mactivos_margen_lag1_tend6	0.000587730386267667	0.000349406547683864	0.00106240214717066
mactivos_margen_min6_delta5_tend6_avg3	0.000587590734468598	0.000345905286137135	0.00124878848877954
canarito10	0.000586783521443199	0.00023130855055508	0.00136062029374487
canarito119	0.000585837064493561	0.000256578794479185	0.00143517483038843
mcaja_ahorro_min6_delta3_tend6	0.000585549597517402	0.000587623557589355	0.00139789756206665
ccajas_transacciones_tend6_avg6_avg3	0.000585215111419449	0.00179722019691091	0.00134198165958399
canarito24	0.000585200301785632	0.000287262929391963	0.00137925892790576
canarito120	0.000585092060699741	0.000263301835998652	0.00134198165958399
mpasivos_margen_max6_lag3_tend6_avg3	0.000584739028394622	0.000522809767694432	0.00113695668381421
mcomisiones_mantenimiento_avg6_tend6	0.000583655599809111	0.00354521602418908	0.00137925892790576
cliente_edad_min6_lag5_avg3	0.000582526080459349	0.000639518098825122	0.000987847610527101
canarito117	0.000580818546291717	0.000577115127826056	0.00150972936703198
Visa_mpagospesos_max6_delta5_tend6_avg3	0.000579013233003663	0.000403977066926545	0.00123014985461865
mactivos_margen_max6_lag3	0.000578812036144338	0.000413487569407647	0.000969208976366212
canarito9	0.000578521635673112	0.000290920189656583	0.00141653619622754
canarito29	0.000578037166062794	0.000343394210000748	0.00152836800119287
canarito69	0.000576365532148272	0.000330856248530484	0.00124878848877954
mactivos_margen_delta1_lag5	0.000575629043901069	0.000189890697408004	0.00102512487884888
ctrx_quarter_delta3_tend6	0.000575316240056087	0.00107898313215089	0.00113695668381421
chomebanking_transacciones_delta1_lag5_tend6	0.000571577036797487	0.000504846689521305	0.0011555953179751
canarito96	0.00057155481168368	0.000368858387814837	0.00139789756206665
mcuenta_corriente_delta5_avg3	0.000570149279707074	0.000330568637991046	0.00104376351300977
canarito115	0.00056938322612926	0.000224982279968216	0.00126742712294043
mrentabilidad_lag1_delta3_tend6_avg3	0.000568707553501455	0.000854874909515179	0.00119287258629688
Visa_mpagospesos_tend6_lag5_tend6	0.000567448925223628	0.000387428428741449	0.00119287258629688
mrentabilidad_annual_min6_delta5_avg6	0.000567326817588944	0.000510265999820276	0.0011555953179751
canarito94	0.00056417752685221	0.000384204326207154	0.00136062029374487
ctarjeta_visa_transacciones_tend6_lag5_avg3	0.000563437452462397	0.000888256312582474	0.00119287258629688
mdescubierto_preacordado_delta1_avg3	0.000562727124914666	0.000950446769199101	0.000205024975769776
tcallcenter_tend6_avg6	0.000562715990457801	0.00100110377221874	0.00109967941549243
mv_status04	0.000562332513237371	0.000715232831386426	0.000335495414895996
chomebanking_transacciones_avg6_lag3_lag5	0.000560376360091075	0.000365542931192645	0.00102512487884888
mactivos_margen_lag5	0.000559428813068461	0.000244749988470901	0.00119287258629688
mtransferencias_emitidas_max6_delta5_avg6_avg3	0.000555351552009884	0.000585265770515709	0.00100648624468799
mpasivos_margen_lag5_tend6_avg3	0.000554402682621688	0.000233814594474762	0.00109967941549243
mtransferencias_emitidas_max6_delta5	0.00055357164769795	0.00121947604199658	0.00106240214717066
Visa_mpagospesos_max6_tend6_avg3	0.000552799906011567	0.000770447861461092	0.00108104078133154
Visa_fultimo_cierre_tend6_delta3_lag5_tend6	0.000551979157997056	0.000617091444433606	0.00108104078133154
mtransferencias_emitidas_max6_delta3	0.000550966959466802	0.0012501578543478	0.00121151122045777
mcuenta_corriente_min6_lag3_delta5	0.000549169230355386	0.000503536377709732	0.00119287258629688
mpayroll_avg6_avg6_avg3	0.000549119313266193	0.00137733784135048	0.00104376351300977
mcuenta_debitos_automaticos_delta5_avg3	0.000546571258000871	0.00243954588556449	0.000745545366435548
canarito42	0.00054525772384174	0.000464890114686986	0.00145381346454932
canarito103	0.000544616336990403	0.000219806064445513	0.00119287258629688
mactivos_margen_delta1_lag5_avg6	0.000544004454933976	0.000215590615220099	0.00100648624468799
canarito49	0.000542749394867568	0.000345842576975105	0.00143517483038843
mactivos_margen_max6_delta3_avg6	0.000542307898576323	0.000618023178711436	0.00106240214717066
canarito32	0.000541702713700274	0.000336379687005914	0.00124878848877954
Visa_mpagospesos_max6_delta3_avg3	0.00053964962042204	0.00122503393180177	0.000950570342205323
canarito53	0.000539592622855326	0.000350519441763117	0.00137925892790576
ccomisiones_mantenimiento_tend6_avg3	0.000538923522606808	0.000509768584553549	0.000615074927309327
Visa_fultimo_cierre_avg6_delta3_delta5_tend6_avg3	0.000536058717391207	0.000499864020794993	0.00102512487884888
mtarjeta_visa_consumo_delta5	0.000535471529693159	0.000879353159948449	0.000838738537239991
mplazo_fijo_dolares_delta3_avg6	0.000535015673769271	0.00142304120766326	0.000838738537239991
mcuenta_corriente_min6_lag3_delta5_tend6_avg3	0.000533847471197706	0.000342455120944654	0.00104376351300977
ctrx_quarter_delta1_delta5_avg6_avg3	0.000533753261771015	0.000411793647845626	0.00121151122045777
tcallcenter_tend6_delta5_avg6	0.000533526763666167	0.000590557727022655	0.00109967941549243
mcomisiones_mantenimiento_max6	0.000533497325623106	0.00130346335172927	0.000652352195631104
chomebanking_transacciones_delta1_lag5	0.00053284055840009	0.000266811613604422	0.00106240214717066
canarito100	0.000529581091108593	0.000340707780466829	0.00130470439126221
canarito12	0.000528846358396735	0.000411701132476951	0.00126742712294043
mpasivos_margen_lag3_lag5	0.000528092183874479	0.000283529798783157	0.00106240214717066
canarito102	0.00052722190876223	0.000535418180198582	0.00143517483038843
chomebanking_transacciones_delta1_delta5	0.000525099003570791	0.000349440224826436	0.00111831804965332
Master_mpagominimo_tend6	0.000524502799113469	0.00257102803075737	0.00102512487884888
ccajas_transacciones_avg6_delta3	0.000523033340192798	0.00366034927149073	0.00121151122045777
thomebanking_tend6_delta5_tend6_avg3	0.000521754746226891	0.00076551938583777	0.00100648624468799
mpayroll_delta1	0.000521468670185188	0.00394545337991574	0.00134198165958399
ccajas_transacciones_tend6_avg3	0.000516082209677552	0.00225824905300988	0.0011555953179751
canarito54	0.000515384725931283	0.000333045262797676	0.00141653619622754
ccaja_seguridad	0.000514699218594985	0.00432000978541635	0.000391411317378663
mcaja_ahorro_delta1_tend6	0.000513669190148882	0.000739654953248742	0.000913293073883546
mcaja_ahorro_avg6	0.000508821761332163	0.000444291703334188	0.000969208976366212
ctrx_quarter_lag1_lag3_lag5_tend6_avg3	0.000508317409043226	0.000300969526418841	0.00106240214717066
mcaja_ahorro_delta5_tend6	0.000507726297809273	0.000799426849097658	0.00102512487884888
mdescubierto_preacordado_delta1_tend6	0.000507200585694092	0.00152422205350662	0.000503243122343995
mactivos_margen_min6_tend6	0.000503397736174341	0.00034648863618146	0.000894654439722657
ccajas_transacciones_tend6_tend6	0.000503312767957622	0.000484676016588532	0.00102512487884888
mactivos_margen_min6_delta3_delta5_avg6_avg3	0.000502634395131502	0.000232014996361911	0.000894654439722657
mcomisiones_mantenimiento_avg6	0.000501305977988027	0.00290811648613167	0.00108104078133154
mprestamos_personales_min6_delta5	0.000500582504151593	0.00105792098267394	0.000633713561470215
canarito113	0.000496755450297056	0.000300381531251402	0.00121151122045777
ccomisiones_mantenimiento_tend6_avg6	0.00049455979113819	0.000895873540301271	0.000894654439722657
mpayroll_avg3	0.000494143819443385	0.0014996284491827	0.000670990829791993
mcaja_ahorro_max6_tend6_avg3	0.000494077289464154	0.000317354424014189	0.00102512487884888
canarito7	0.000493989330037841	0.000286792223583138	0.0011555953179751
mcuenta_corriente_lag1_delta5	0.000491886384318336	0.000156227490205163	0.000670990829791993
canarito80	0.000490314245563143	0.000233698466396927	0.00124878848877954
mdescubierto_preacordado_delta1	0.000489684861420859	0.00194373589596672	0.000372772683217774
Visa_mpagospesos_max6_delta5_avg6	0.000488248625220009	0.00105277070242195	0.00085737717140088
mv_cconsumos_tend6_avg3	0.000487983214804459	0.000591327269085109	0.00085737717140088
mrentabilidad_annual_delta3_tend6_avg3	0.000485724677030691	0.000221885144132354	0.000969208976366212
canarito46	0.000482721010948912	0.000373222480979881	0.00123014985461865
mcomisiones_mantenimiento_avg6_avg6_avg3	0.000479461149362474	0.000406751366706026	0.000950570342205323
mcaja_ahorro_delta1_tend6_avg3	0.000478610141243463	0.000224339317510603	0.000969208976366212
Visa_mpagospesos_tend6_lag5_avg3	0.000477081063072473	0.00025123690289877	0.00100648624468799
ccaja_ahorro_delta3_avg6_avg3	0.000476314740574608	0.00691400678868872	0.00111831804965332
canarito70	0.000475744171839295	0.00031588191998724	0.00113695668381421
mpasivos_margen_max6_lag3_delta5_avg3	0.000475522251734923	0.000293667005790976	0.000987847610527101
mttarjeta_visa_debitos_automaticos_delta1_tend6	0.000473425728729029	0.00113805709825202	0.000894654439722657
ctarjeta_visa_transacciones_delta3_avg6	0.000468681110859702	0.00060601747093125	0.000876015805561768
internet_avg6_tend6	0.000463302527739543	0.00187675438195221	0.00102512487884888
mttarjeta_visa_debitos_automaticos_delta1_avg6	0.000454314075265527	0.00065899703550759	0.000931931708044434
Visa_fultimo_cierre_avg6_delta5_avg3	0.000451352616147616	0.000548293300188161	0.000615074927309327
mcuenta_debitos_automaticos_tend6	0.000451249829777909	0.00103344234514707	0.000820099903079102
mcomisiones_mantenimiento_avg3	0.00045053835080862	0.00176699128406325	0.000652352195631104
Visa_fultimo_cierre_avg6_delta5	0.000449161486933632	0.000663858543939361	0.000615074927309327
canarito5	0.000446756954357306	0.000571687301468043	0.00117423395213599
Visa_fultimo_cierre_avg6_delta5_avg6	0.000438381591689125	0.00044742638724855	0.000689629463952882
Visa_mpagominimo_delta1_avg6	0.000438007922304309	0.00167942258441013	0.000969208976366212
mrentabilidad_lag1_lag3	0.000437365633920495	0.000184448161493465	0.000820099903079102
mcaja_ahorro_max6_lag5_avg6_avg3	0.000435569111028357	0.000403039913338415	0.000950570342205323
cproductos_avg6_delta3_avg6	0.000433733766963786	0.000504002051301851	0.00104376351300977
Visa_mpagominimo_delta1	0.000432223153616263	0.000746787926882967	0.000987847610527101
Visa_fultimo_cierre_avg6_delta5_avg6_avg3	0.000429836158796911	0.000526554124017429	0.000950570342205323
mcomisiones_mantenimiento_tend6_lag3_tend6_avg3	0.000427720416518656	0.000356468296097017	0.000894654439722657
mpasivos_margen_lag3_lag5_tend6	0.000425272532346848	0.000294064163817172	0.000950570342205323
Visa_fultimo_cierre_avg6_delta3_delta5_avg6_avg3	0.000422376324785958	0.000634743299358135	0.000969208976366212
mdescubierto_preacordado_tend6_avg6	0.000419473563876753	0.000218798072729904	0.000316856780735108
mcuentas_saldo_min6_avg6	0.000418684857323002	0.000489373010243369	0.000801461268918214
mv_cconsumos_delta3_avg3	0.000417985999904035	0.000195450909774749	0.000465965854022217
ctarjeta_visa_transacciones_tend6_lag5_tend6_avg3	0.000417827755372335	0.000335955045334631	0.000876015805561768
mcuenta_corriente_delta3	0.000417485350716892	0.00059084766012365	0.000913293073883546
cpayroll_trx_min6_delta3_delta5_tend6_avg3	0.000412996914676702	0.000580600905629073	0.000577797658987549
Visa_mpagominimo_delta1_delta3	0.000411176109317602	0.000522838799713891	0.00100648624468799
canarito55	0.00040657864647063	0.000259834638688089	0.00104376351300977
cpayroll_trx_min6_delta3	0.000406402443301036	0.00149936716100757	0.000410049951539551
ctarjeta_visa_transacciones_delta3	0.000405825451134864	0.00142112625565976	0.000764184000596436
ctarjeta_visa_transacciones_delta5	0.00040476397941254	0.0012810235361556	0.000876015805561768
mcuenta_debitos_automaticos_tend6_tend6_avg3	0.000403188506507744	0.00105141393937924	0.000913293073883546
mplazo_fijo_dolares_delta5	0.000401012831637581	0.00201896211641394	0.000615074927309327
mpayroll_avg6	0.000400274634763029	0.00123475617447812	0.000670990829791993
Visa_mpagominimo_delta1_avg6_avg3	0.000394546306196825	0.000317457003816276	0.00085737717140088
mcuenta_corriente_min6_lag3_tend6	0.000386341402979067	0.000327646855552714	0.000820099903079102
mprestamos_personales_delta3_avg6	0.000381135432104241	0.00192498121139635	0.000726906732274659
Master_fechaalta_tend6	0.000379025531855901	0.000786965145065172	0.000633713561470215
mcuenta_debitos_automaticos_delta5_avg6	0.000374703725068058	0.00063849578464658	0.000782822634757325
Visa_fultimo_cierre_avg6_lag3_delta5_avg3	0.000370791097544154	0.000565425288417581	0.000801461268918214
thomebanking_max6_avg6_avg3	0.00036992374430756	0.000178533758489323	0.00042868858570044
Visa_mpagominimo_delta1_avg3	0.000368160318377822	0.00142975457184291	0.000801461268918214
cpayroll_trx_min6_avg3	0.000360413574500867	0.00231268137983994	0.000410049951539551
mtarjeta_visa_consumo_delta3	0.000358554974589801	0.000312365561790393	0.000745545366435548
thomebanking_max6_avg6	0.000356838905366416	0.000359398594594389	0.000521881756504883
mdescubierto_preacordado	0.000353285917385154	0.000791386140988355	0.000372772683217774
canarito78	0.000348830786978613	0.000186745561966636	0.000876015805561768
chomebanking_transacciones_tend6_lag3_lag5_avg3	0.000345802965430522	0.000220845023648544	0.000540520390665772
mplazo_fijo_dolares_delta3	0.000321913878200739	0.00269216277712154	0.000615074927309327
Visa_mpagospesos_max6_delta5_avg3	0.00031944190101098	0.000151108951627784	0.000615074927309327
cpayroll_trx_min6_delta3_tend6	0.000311486943680036	0.00105501197432417	0.000521881756504883
Visa_fechaalta_tend6	0.000286765529572234	0.000374148408853819	0.000503243122343995
mprestamos_personales_min6_delta5_tend6	0.000283765521166563	0.000378263987932295	0.000540520390665772
mtarjeta_master_consumo_delta5	0.000280146459375575	0.00262523003689972	0.000372772683217774
ccaja_ahorro_delta3	0.00027630857211692	0.00273706369841648	0.000335495414895996
mprestamos_personales_delta1_tend6	0.000267572932320753	0.000271073514060971	0.000391411317378663
mdescubierto_preacordado_delta3_avg6	0.000254995384471245	7.16823786052767e-05	0.000111831804965332
mv_Finiciomora	0.000252072008382304	0.00186272069083943	0.000410049951539551
thomebanking_max6	0.000245680814027594	6.43539227066959e-05	0.000111831804965332
ccaja_seguridad_lag5_avg6_avg3	0.000240601765001485	0.000129207583241676	7.45545366435548e-05
mprestamos_personales_delta5_tend6	0.00020931174796298	0.00028528371985206	0.000447327219861329
ccaja_seguridad_avg6_lag3_lag5	0.00016124859284232	0.000588478260242221	0.000130470439126221
mv_Finiciomora_lag1_tend6_avg3	0.000125516169561828	0.000984763777480154	0.000242302244091553
mv_Finiciomora_avg3	0.000105277606525858	0.000420497060185774	0.00014910907328711
mv_fechaalta_delta3	9.08952659188232e-05	0.000224241769925221	0.000167747707447998
mv_Finiciomora_lag1	5.18733620711581e-05	8.61650982856858e-05	3.72772683217774e-05
Visa_Finiciomora	5.0298945624332e-05	0.000729875033627062	0.000186386341608887
