Feature	Gain	Cover	Frequency
mdescubierto_preacordado_delta1	0.0670183571203656	0.00163652210974843	0.000204299221747652
ctrx_quarter	0.034439969680108	0.00311596838768367	0.0024835124143699
mv_status01_max6	0.0293665798110319	0.00184316870668572	0.000482018476310867
mcuenta_corriente_delta1_avg3	0.0257920722192503	0.00228418729706337	0.00162162507262199
mtarjeta_visa_consumo	0.0201311206574073	0.00406350447961741	0.00172377468349582
mcaja_ahorro_avg6	0.0192617086743414	0.00216556153749039	0.00184826952174829
mv_Finiciomora	0.017698771400108	0.00341437064687527	0.000526708931068166
ctarjeta_visa_transacciones	0.0131823133001209	0.00731200158216668	0.00197914871068038
mcuenta_corriente_delta1	0.0111060790498648	0.00283941208637119	0.0017173903328162
mv_msaldopesos_avg3	0.0100464769713681	0.00254235001434393	0.00140774932485492
mv_status01	0.0098434082486491	0.00270947858911262	0.000462865424272024
mcaja_ahorro	0.00980735124777637	0.00446320091812868	0.00184826952174829
mpayroll	0.00948550240318722	0.0037217191830427	0.000746969029514853
mv_msaldopesos	0.00945994615232157	0.00295493709846785	0.00150989893572874
mcuentas_saldo	0.00897661659093982	0.00708446257192833	0.00254097157048642
mcuentas_saldo_avg3	0.00892561142419499	0.0022654412295579	0.00157693461786469
mv_cconsumos	0.00802121345772571	0.00313892611486525	0.00139178844815588
mpasivos_margen_avg3	0.00705414302492621	0.00122162052699862	0.00147159283165106
mpasivos_margen_avg6	0.00697114905575988	0.00164824239951978	0.00200787828873864
mprestamos_personales_tend6	0.00618170109541306	0.00101445700786903	0.000769314256893503
cpayroll_trx	0.00582258961814537	0.00333941500051134	0.000242605325825337
mv_status07_tend6	0.00579928868597553	0.0021744616380598	0.000322409709320514
mv_msaldototal_avg3	0.00551978981557116	0.00228849236307434	0.00143328672757337
ctrx_quarter_min6	0.00509844812715875	0.00592097435506808	0.00191849737922405
cpayroll_trx_avg6_avg3	0.00491195163270563	0.00303735635918046	0.000727815977476011
mprestamos_personales	0.00475681450763653	0.00495686259386816	0.00166631552737929
mv_Finiciomora_avg3	0.00474648768631033	0.00336979843310472	0.000440520196893375
cproductos_delta3	0.00462492625317242	0.00141689540710718	0.000335178410679742
mprestamos_personales_min6	0.00455713900613354	0.00264288771127469	0.00106937873883537
cpayroll_trx_min6_avg3	0.00441015198369854	0.00218492323684579	0.000379868865437041
foto_mes	0.00432753078556055	0.00977824200425028	0.00181315559301041
mprestamos_personales_min6_avg3	0.00428670024360451	0.00220799772641003	0.00105022568679652
cpayroll_trx_min6	0.00419933814320873	0.00115142653238116	0.000191530520388424
mautoservicio	0.00378768122579559	0.00313257394840551	0.00107257091417517
mcaja_ahorro_avg3	0.00375942758975469	0.00212577065311513	0.00183550082038906
mv_Finiciomora_lag1	0.00366802535237396	0.00385860480077458	0.000427751495534147
cpayroll_trx_avg3	0.00363277649763252	0.00132766303726074	0.000354331462718584
mpayroll_delta1_avg3	0.00353856016001672	0.00323649504027475	0.00107895526485479
mcaja_ahorro_max6	0.00353110410670322	0.00195637711311242	0.00193765043126289
mv_fechaalta	0.00345690765035078	0.0025908318305242	0.00348266329572951
mcaja_ahorro_avg6_avg3	0.00345174662580825	0.00168385994385085	0.00170462163145697
ctarjeta_visa_transacciones_tend6	0.00342434725910016	0.00120181556271173	0.00151947546174816
mdescubierto_preacordado	0.00331832174003218	0.00201585593154733	0.000233028799805916
mcuentas_saldo_delta3	0.00321707787041129	0.00149342381901656	0.00194722695728231
mcuenta_corriente	0.00321352375694935	0.00258581061951878	0.00220260098446687
mcuentas_saldo_min6	0.00315192633802555	0.00290748841241994	0.00173654338485504
mprestamos_personales_delta1	0.00313543434382847	0.0060714508177261	0.000948076075922698
ctrx_quarter_delta1	0.00303318788780174	0.00394275705166326	0.0024867045897097
mactivos_margen_avg3	0.00279449181759791	0.00186029229669081	0.00167589205339871
mprestamos_personales_delta1_avg3	0.00258550288337205	0.00190563765278345	0.000778890782912924
ccaja_ahorro	0.0025411612534999	0.00479178717283584	0.000472441950291446
cproductos	0.0025336357363736	0.00358313939474325	0.00128644666194225
mcaja_ahorro_delta1	0.0025277021265406	0.00204184873071305	0.00142371020155395
Visa_mpagospesos_max6	0.00245573652588068	0.00307138945994219	0.00247074371301067
ccaja_ahorro_delta3	0.00238792469261162	0.00474200470335194	0.000229836624466109
mv_msaldototal	0.00237573355596122	0.00324655813988752	0.00168546857941813
mactivos_margen	0.00235484768481093	0.00327075661246728	0.00299745264407883
mv_mpagominimo	0.00231932168693383	0.0028078980639292	0.00164077812466083
Master_mfinanciacion_limite	0.00225638965391104	0.00348200599359966	0.00363269553670044
cproductos_delta1_avg3	0.00223548521089638	0.00145531789135516	0.000386253216116655
ctrx_quarter_delta1_avg6	0.00215550253880125	0.000920114395477199	0.00160247202058315
mv_mpagominimo_lag1	0.00211939111068031	0.00221762140019704	0.00151947546174816
mcuenta_debitos_automaticos	0.00208931281009286	0.00405186143622431	0.00112683789495189
mpagomiscuentas	0.00192847059239441	0.00734708316948363	0.000823581237670223
Visa_mfinanciacion_limite	0.0019076423757307	0.00286557648463422	0.00293360913728269
mprestamos_personales_delta3	0.00190329929205156	0.00121034844835542	0.000689509873398326
mcuentas_saldo_delta5	0.00189851769267301	0.00095892107599757	0.00190892085320462
mactivos_margen_min6	0.00188993222895933	0.00205221526252776	0.00212598877631151
Master_mfinanciacion_limite_avg6_avg3	0.00188542294532212	0.00246175307890454	0.00337732150951587
Master_fechaalta_lag3	0.00186263555064388	0.00191191093008482	0.00295595436466134
mcomisiones_mantenimiento_avg6_delta3	0.00186214711441627	0.00129672159511577	0.00150032240970932
mcuentas_saldo_delta1	0.0018600104617004	0.00288537869905004	0.0022121775104863
Visa_fechaalta	0.00183857035474205	0.00171963176666275	0.00274207861689427
ctrx_quarter_delta1_avg6_avg3	0.00181399436582551	0.00100992627386724	0.00191849737922405
Visa_mpagominimo_delta1	0.0017536683206447	0.00313584829488538	0.0015354363384472
mcuenta_corriente_min6	0.00172936099828788	0.00322589314449525	0.00249308894038932
mrentabilidad_max6_avg6_avg3	0.00172645830946248	0.000873187256404757	0.00143009455223357
cproductos_tend6	0.00170305003424389	0.00192820718388017	0.000798043834951766
mpasivos_margen	0.00169427104509483	0.00310760952959485	0.00239732368019511
mcuentas_saldo_min6_tend6	0.00169259772457971	0.00105957949941084	0.00177165731359292
ctrx_quarter_min6_delta5	0.00166152592730752	0.00132142054423032	0.0015801267932045
ctrx_quarter_delta1_avg3	0.00164490139097076	0.00113930199370618	0.00194722695728231
mpayroll_lag3	0.00164181098738865	0.00153274817169407	0.000497979353009902
Master_Fvencimiento_lag1_avg3	0.00156303529939683	0.00155357889145909	0.0031187553069915
mrentabilidad_max6	0.0015569526182587	0.00154908492359063	0.00213556530233093
mpasivos_margen_lag5	0.00154917924920116	0.000657808247464422	0.0013119840646607
mcuentas_saldo_min6_delta3	0.00154406948351902	0.00113424476653226	0.00117791270038881
mactivos_margen_lag1	0.00153926444015328	0.00125608178625725	0.00208129832155421
mcuentas_saldo_lag1_delta3	0.00153099700104296	0.00148702952953179	0.0019887252366998
mdescubierto_preacordado_delta1_avg6_avg3	0.00150920458181851	0.00108084337743835	0.000204299221747652
mcomisiones_mantenimiento	0.00147857992259852	0.00283013844974386	0.00159927984524334
Visa_mpagominimo_delta1_avg3	0.00146320173502767	0.00144361851131773	0.0015833189685443
mcuenta_corriente_delta1_avg6	0.00145297034140128	0.00184120945926076	0.00181953994369003
numero_de_cliente	0.00144866497187003	0.00301421389066062	0.00271334903883601
mcuenta_corriente_avg3	0.00144132646479125	0.00138664345049232	0.00158651114388411
ctrx_quarter_delta3	0.0014411499552298	0.00125923292422812	0.00205895309417556
Visa_mfinanciacion_limite_avg3	0.00144068309905362	0.00175479726075995	0.00258566202524372
cliente_antiguedad_lag3	0.00141789199334814	0.00320493102017694	0.00257927767456411
mcuentas_saldo_tend6	0.00141146713346578	0.00155037729156844	0.00180996341767061
mrentabilidad_annual_lag1	0.00140042273812774	0.00150531042241874	0.00251224199242816
Master_Fvencimiento_lag1	0.00139182737313105	0.00163692923351728	0.00249947329106893
mrentabilidad_annual_delta1_avg3	0.00139178723466398	0.00147907627742584	0.00262396812932141
cliente_edad	0.00136992008582797	0.00219756651905625	0.0024420141349524
mprestamos_personales_delta3_avg6	0.00134481052143414	0.000979265443565573	0.00051074805436913
mrentabilidad_annual_delta1	0.00133700561349758	0.00208929007781933	0.00265269770737967
mcuentas_saldo_delta1_avg3	0.00133332987659888	0.00125924519151011	0.0022600601405834
mpasivos_margen_delta5	0.0013268691134756	0.00115929323497362	0.00188019127514636
mvr_msaldopesos2_avg6_avg3	0.00131848818185971	0.00180907434093931	0.00168227640407832
mtransferencias_recibidas	0.00128524900216315	0.00176464583471664	0.000558630684466236
mv_status06_tend6	0.00127700366395405	0.00256998907560916	0.000357523638058391
Visa_Finiciomora	0.00127323083962931	0.00365088602196446	0.000411790618835111
ctrx_quarter_avg3	0.00126941760856509	0.00172365861357537	0.0014907458836899
Visa_mpagominimo_delta1_tend6	0.0012505789155489	0.00183733217676427	0.00200468611339884
mv_fultimo_cierre_avg6_avg3	0.00124690482282071	0.00165132482642651	0.00256012462252527
Visa_mpagospesos_max6_avg6_avg3	0.00124621049550536	0.00151973196054008	0.00203022351611729
mprestamos_personales_delta1_tend6	0.00122990826628635	0.0023487540198053	0.000839542114369258
mdescubierto_preacordado_tend6_avg6	0.00122827475024875	0.00106032453590782	0.000379868865437041
cpayroll_trx_min6_delta3	0.00121396965739385	0.000920481860391194	0.000175569643689389
Visa_mpagominimo_delta1_avg6	0.00120497149867383	0.00133394536770908	0.00154501286446662
cproductos_delta1	0.00120341709484122	0.00432392693023443	0.000408598443495304
Visa_mpagominimo_max6	0.00119804433240585	0.00173261239019957	0.00175250426155408
mcuenta_corriente_delta3	0.00118953719680735	0.00313838044402085	0.00154182068912681
mactivos_margen_max6_lag3	0.00118257635381031	0.00172628565111907	0.00181953994369003
mactivos_margen_delta1	0.00117921416592384	0.00127631683752206	0.00211641225029208
mrentabilidad_avg6	0.00116909990889419	0.000988493832314382	0.00166631552737929
internet_avg6_avg6_avg3	0.00116122407774498	0.00164861172148956	0.00173654338485504
Master_mpagominimo_tend6	0.00115468720913526	0.00267088068451793	0.00181315559301041
cliente_edad_lag3	0.00114980628350773	0.00168660058321111	0.0021706792310688
mv_status04	0.0011490558720969	0.000852142082408862	0.000427751495534147
Visa_mpagominimo_max6_avg3	0.00114843691415133	0.00139637269075834	0.00175888861223369
mpasivos_margen_lag3	0.00114244669595428	0.000937769924827636	0.00159289549456373
mprestamos_personales_delta1_avg6	0.00113975649047762	0.00140550849456234	0.000791659484272152
mrentabilidad_min6_avg6_avg3	0.00113725711092593	0.0018726708948826	0.00193765043126289
mtarjeta_visa_consumo_delta3	0.00112880571987277	0.0016556479808751	0.00145563195495202
mttarjeta_visa_debitos_automaticos_delta1_avg3	0.00112521262815129	0.00192296830450887	0.00157055026718508
Master_fultimo_cierre_avg6	0.00112157804866029	0.00123007641625235	0.00240370803087472
Visa_mpagospesos_max6_avg3	0.00112057773662919	0.00162211655302065	0.0020781061462144
mrentabilidad_max6_avg6	0.00112009747855716	0.00104153939880559	0.00150032240970932
Master_fultimo_cierre_avg6_avg6_avg3	0.00111773210800361	0.00145906268006372	0.0022121775104863
ctrx_quarter_min6_delta5_avg6	0.0011152742177538	0.000783070178038526	0.00141413367553453
ccomisiones_mantenimiento_tend6_avg6	0.00109781695845287	0.00127104919164235	0.0005873602625245
Visa_fechaalta_lag5	0.00109760963070683	0.00151604320491866	0.00212918095165131
chomebanking_transacciones_max6	0.00109679008275128	0.00173580315131268	0.00178442601495215
mrentabilidad_annual_lag1_avg3	0.00109254266202326	0.00132222063171763	0.00190572867786482
mv_fechaalta_delta3_avg6_avg3	0.001087503211708	0.00102016431170648	0.0013534823440782
mcuentas_saldo_delta1_avg6	0.00107678883414731	0.0011699516102479	0.00146201630563164
mactivos_margen_lag1_avg3	0.00107649853165744	0.00184658947487193	0.00148755370835009
mcomisiones_mantenimiento_tend6	0.00106874164026314	0.00110385256649281	0.00113322224563151
mvr_mpagominimo_avg6	0.0010655658650379	0.00134121099134071	0.00165354682602006
mcomisiones_otras_min6	0.0010617360125767	0.00130848140089152	0.00189295997650559
Visa_cconsumos_tend6	0.001058826540329	0.00115355182559238	0.00198553306135999
ctrx_quarter_min6_delta5_avg6_avg3	0.00105834089139715	0.00118492164050992	0.00143328672757337
Master_mfinanciacion_limite_lag5_avg6_avg3	0.00105413487543608	0.00129241974323982	0.00178761819029196
chomebanking_transacciones_max6_avg6_avg3	0.00105342861884128	0.00132023502838552	0.00181634776835022
Visa_mpagominimo_delta1_avg6_avg3	0.00105270450643305	0.00152452057530809	0.00179719471631138
mrentabilidad_lag1	0.00105046009262573	0.00139885055672463	0.00210683572427266
Visa_fultimo_cierre_avg6_delta3_avg6	0.00104796459119764	0.000736695745194906	0.00174931208621427
mvr_mpagominimo_min6	0.00104687563011783	0.00161150349705012	0.00154820503980643
ccajas_transacciones_avg6_lag3_avg6	0.00103955972875839	0.00317921351167544	0.0018514616970881
cliente_edad_min6	0.00103934330174306	0.0015176393265119	0.0018961521518454
mcuentas_saldo_min6_lag3_avg3	0.00102467873949669	0.000959216562143486	0.00131836841534032
mcomisiones_otras_min6_avg6	0.00102282514204981	0.000958952110256792	0.00181315559301041
ctarjeta_visa_transacciones_delta3	0.00101718388596124	0.00162588569773011	0.00119387357708784
ctrx_quarter_tend6_avg6_avg3	0.00101449039094784	0.00169954124433588	0.00199830176271922
mrentabilidad_max6_avg3	0.00101040365523213	0.00134777382649453	0.00169185293009774
Visa_fultimo_cierre_avg6_tend6_avg3	0.00100969536192273	0.000869571515217144	0.00182592429436964
Visa_mconsumospesos_avg6_avg3	0.00100717008147894	0.00247780782616596	0.0020334156914571
Master_fultimo_cierre_avg6_lag3_avg6_avg3	0.00100653385691044	0.00129885385228619	0.00193765043126289
mcuentas_saldo_lag1_lag3	0.00100261694256047	0.00155743263934473	0.00197276436000077
Master_fultimo_cierre_avg6_tend6_avg3	0.0010025390362028	0.000575607244375778	0.00158970331922392
Visa_mpagominimo_max6_tend6	0.00100017176521557	0.00118106714265945	0.0018961521518454
mttarjeta_visa_debitos_automaticos_delta1_avg6	0.000997362629636673	0.0014287499048718	0.00114918312233054
Master_fechaalta_lag3_lag5_avg6	0.000995262912794876	0.00152480049075548	0.00193126608058327
ccomisiones_otras_tend6_avg6	0.000992929946918349	0.000990269981181199	0.00192488172990366
chomebanking_transacciones_delta1_avg3	0.000990574358037055	0.0016399357889813	0.00201426263941826
Visa_cconsumos_max6_avg3	0.000990359450920572	0.00183714766755798	0.00198234088602019
ctrx_quarter_delta1_lag3_avg6_avg3	0.000989246226148107	0.0011957471686614	0.00160566419592295
Visa_cconsumos_tend6_tend6_avg3	0.000989104422605542	0.00119221337006042	0.00205895309417556
Visa_mconsumospesos_avg6_tend6_avg3	0.000985623335275548	0.00162200509396077	0.00202703134077749
mcaja_ahorro_dolares_delta1	0.000980329226998713	0.00523977036524445	0.00111087701825286
mactivos_margen_max6_lag3_avg3	0.000976800699477691	0.00121745188316282	0.00163439377398122
mtarjeta_master_consumo	0.000974100869371939	0.00311661839292198	0.00106299438815575
mactivos_margen_lag5	0.000973328729387328	0.000821766220889083	0.00159289549456373
mactivos_margen_delta1_avg3	0.000966901567774204	0.00122807561720413	0.0019440347819425
mactivos_margen_delta5	0.000966329901601795	0.00118609862104062	0.00180357906699099
canarito119	0.000961991233229541	0.0010850479124485	0.00219302445844745
mactivos_margen_tend6_tend6	0.000960661557098201	0.0017033111925791	0.00191849737922405
mpayroll_avg6	0.000960037118824171	0.00116655926930029	0.000673548996699291
Visa_cconsumos_tend6_avg6	0.000952979895060551	0.000929803316205057	0.00190892085320462
mcomisiones_mantenimiento_max6	0.000943729699158807	0.00167310035903615	0.0014013649741753
ctrx_quarter_min6_delta3	0.000942943146777274	0.000952001739701433	0.00127687013592283
mv_fultimo_cierre_avg3	0.000941456458375204	0.00101725748370953	0.0017620807875735
mpasivos_margen_max6	0.00094003769646236	0.00119039468747354	0.00155458939048604
mrentabilidad_annual_lag1_lag3_lag5	0.000935082383954204	0.00111600922866166	0.00181634776835022
cliente_edad_min6_avg6_avg3	0.000934879231893039	0.00111193434828684	0.00173335120951524
Visa_mfinanciacion_limite_lag3_lag5	0.00092719107178779	0.00151164364333819	0.00175888861223369
ccomisiones_mantenimiento_tend6	0.000924177259349994	0.00132594738555747	0.000469249774951639
cliente_edad_avg6_lag3	0.00092414807007622	0.00112289986987462	0.00177484948893273
mcomisiones_otras_min6_avg3	0.000922138820666162	0.00148428947942962	0.00187699909980655
mv_fultimo_cierre_tend6	0.000919643164446988	0.000930987296407564	0.00177484948893273
mcuentas_saldo_delta1_tend6	0.00091752289341902	0.00135066058400393	0.00180357906699099
mvr_msaldopesos2_tend6_avg3	0.000916125203593522	0.00189872438763123	0.00169185293009774
canarito106	0.000915254872399679	0.00112491425757144	0.00218983228310765
ccaja_seguridad_avg6	0.000911458004826642	0.00309263776727117	0.000197914871068038
canarito30	0.000910876646415789	0.00082728389076052	0.00218664010776784
canarito115	0.000909731969301734	0.000803364851507902	0.00213875747767073
mes	0.000908090774099062	0.000638009265039923	0.000928923023883856
mrentabilidad_annual_delta1_lag5	0.000906578182976498	0.000938614706647993	0.0019408426066027
Master_Fvencimiento_lag1_lag5	0.000904838911833679	0.00126042236846016	0.00186103822310752
canarito68	0.000903958613111489	0.00109261516479519	0.00206533744485517
canarito107	0.000902677476810043	0.0012998056112337	0.00212598877631151
mcomisiones_mantenimiento_avg6_tend6	0.000900099373006189	0.00153065489483888	0.00159289549456373
canarito102	0.00089588545445805	0.00145182130529516	0.00218983228310765
Visa_mpagospesos_max6_delta3	0.000893837761615181	0.000780428266192212	0.00138221192213646
ctrx_quarter_delta1_lag3	0.000892258579497235	0.00147124400179067	0.00189295997650559
mcaja_ahorro_max6_lag5	0.000889379865828998	0.00122567697966601	0.00177165731359292
mvr_mpagominimo_min6_avg6_avg3	0.000885106932457709	0.000865308125823563	0.00148755370835009
ccomisiones_otras_tend6_avg3	0.000884856187991584	0.00132269948426628	0.00179400254097157
mrentabilidad_annual_delta3	0.000882353920031929	0.00113256029193866	0.00190253650252501
canarito56	0.000881773367297365	0.00091321670102351	0.00209725919825324
mcuenta_corriente_delta5	0.000878981478438195	0.000971286835505597	0.00137582757145685
ctrx_quarter_min6_delta3_avg6_avg3	0.000878804065332885	0.000848313958321834	0.00136305887009762
chomebanking_transacciones_delta1	0.000877041701036718	0.00218856467325724	0.0015833189685443
mcomisiones_mantenimiento_avg6_avg6_avg3	0.000874020145040119	0.00115848000524535	0.00163758594932102
ccaja_ahorro_delta3_avg6_avg3	0.000872919286419192	0.002399837035455	0.000261758377864179
canarito43	0.000871858247587721	0.00103121768631806	0.00199830176271922
mcomisiones_otras_min6_lag5_avg6_avg3	0.000871253969963229	0.00136826965124706	0.00157693461786469
canarito49	0.000871036952851912	0.00111035706509606	0.00200787828873864
mcomisiones_mantenimiento_max6_avg6_avg3	0.000869569681466056	0.00111610004583221	0.00142051802621414
mcuenta_corriente_min6_lag3_lag5_avg6	0.000868855318446143	0.000994546137833321	0.00136625104543742
mcaja_ahorro_min6_delta3_avg6	0.00086832928608518	0.00144156462547282	0.00152905198776758
canarito2	0.000867470042066232	0.00121065607678918	0.00210364354893286
canarito9	0.000866215146520478	0.000920477521308921	0.00209406702291343
chomebanking_transacciones_avg6_lag5	0.000864740212256634	0.000974967823634059	0.00154501286446662
canarito65	0.000864542521195365	0.00094350731654011	0.0020781061462144
cproductos_delta1_avg6	0.000863398381212379	0.0013147259473971	0.000520324580388552
chomebanking_transacciones_tend6_avg6	0.000863148089818362	0.000900019551924365	0.001356674519418
canarito123	0.000861997028959681	0.000836602150295671	0.00196638000932115
Visa_mpagominimo_max6_delta5	0.000861442469232666	0.000956728053819021	0.00124814055786456
canarito22	0.000860724532882711	0.00100199841342792	0.0019408426066027
mcomisiones_otras_min6_lag5	0.000858073701854817	0.00109419373363998	0.00137582757145685
canarito116	0.000856519533064574	0.00102742229283929	0.00201107046407845
mv_status04_delta3	0.000856336871202148	0.00327481013670054	0.000418174969514726
cliente_edad_avg6_lag3_avg6	0.000856154910403758	0.000969976289808634	0.00160885637126276
Visa_cconsumos_tend6_avg3	0.000855757975401918	0.00105400331442578	0.00173973556019485
mtarjeta_visa_consumo_delta5	0.000854824959481691	0.000425294041920326	0.00105341786213633
mcuentas_saldo_min6_avg3	0.0008543141313447	0.00129553977552625	0.0014013649741753
mrentabilidad_min6_delta5	0.000853725833954305	0.0010058295373743	0.00141094150019472
mrentabilidad_annual_delta1_tend6_avg3	0.000852151623167561	0.000885976049649965	0.00173015903417543
mcuentas_saldo_min6_delta5	0.000850900148871416	0.00135296360102529	0.00146520848097144
canarito93	0.000850519680516113	0.000951666380424998	0.00210683572427266
mttarjeta_visa_debitos_automaticos_delta1_avg6_avg3	0.000850419677465384	0.00124719316729237	0.00137263539611704
canarito33	0.000850340914596703	0.000945610503644929	0.0019887252366998
canarito57	0.000847824206657737	0.000856516038047035	0.00200149393805903
Visa_mconsumospesos_avg6_avg6_avg3	0.000846403368752088	0.00146404771419389	0.00163758594932102
Master_Fvencimiento_lag1_lag5_avg6_avg3	0.000845584026758982	0.00127611523983125	0.00175888861223369
mpayroll_delta1	0.000843893537668436	0.00302465766885357	0.00064162724330122
Visa_mconsumospesos_avg6	0.000843581823651362	0.00125750777297025	0.00164716247534045
canarito44	0.000843543267694935	0.00113983027250887	0.0020334156914571
Visa_fultimo_cierre_avg6_delta5	0.000843038269042789	0.000714446949060288	0.00148116935767048
mactivos_margen_max6_lag3_avg6_avg3	0.000842289797216143	0.000873914258033039	0.00129283101262186
mrentabilidad_max6_lag3_lag5	0.000841646178523837	0.00104376493731673	0.00159289549456373
canarito89	0.000841426652842855	0.000908454335024813	0.00198234088602019
canarito51	0.000839700208132718	0.000967426284367506	0.00197595653534057
mactivos_margen_min6_tend6	0.000839251513289061	0.00101815101324431	0.0015354363384472
mprestamos_personales_delta5	0.000838225717659787	0.00110719519548549	0.000552246333786622
canarito69	0.000838009270677412	0.000851886308686715	0.00193765043126289
mcomisiones_mantenimiento_avg3	0.00083699782051481	0.00156336028999392	0.00129602318796167
mrentabilidad_max6_lag3	0.000836656622442966	0.000846054332123206	0.00159289549456373
canarito40	0.000836440971867292	0.0013457066377019	0.00201426263941826
Visa_fultimo_cierre_avg6_delta3_delta5_avg6_avg3	0.000835068637583846	0.000914634170278712	0.00128963883728205
canarito104	0.000834140637444726	0.00105445943589733	0.00196638000932115
mrentabilidad_max6_lag3_avg3	0.00083404966346517	0.000802658527481564	0.00141094150019472
canarito27	0.000833552929848496	0.000885339490209807	0.00185784604776771
canarito88	0.000830306663169055	0.000866049430352672	0.00193765043126289
canarito77	0.000829713968244766	0.00111995250806384	0.00197914871068038
canarito8	0.000829484708220402	0.00142063883873651	0.00192488172990366
canarito23	0.000828909827143919	0.000856588356084923	0.00192488172990366
canarito97	0.000828349397905087	0.000885396041129804	0.00192488172990366
cliente_edad_min6_lag5_avg6	0.000825654825588058	0.00120833836402827	0.00160885637126276
canarito10	0.000824570144875028	0.00106895704188075	0.00203980004213671
canarito38	0.000823179804537697	0.00133282068829764	0.0019408426066027
canarito20	0.000822871693145345	0.000924507689494392	0.0018993443271852
mcuenta_corriente_delta1_tend6	0.000820762949223275	0.00131990361535264	0.00156735809184527
cliente_edad_min6_lag5_avg3	0.000820013511119085	0.0011990908333198	0.0014907458836899
cproductos_avg6_delta3_avg6	0.00081966305364105	0.00107971419823788	0.000970421303301348
canarito58	0.000818462610540297	0.000897228754201531	0.00201107046407845
mcuenta_corriente_min6_delta3_avg6_avg3	0.000817577259684199	0.00114286527306779	0.00166312335203948
canarito81	0.000816838055006781	0.000882176317088923	0.00188019127514636
cproductos_avg6_lag3_avg6_avg3	0.000816351833763538	0.00305476318590579	0.00159927984524334
canarito120	0.000816350438577499	0.00071081147665493	0.00188019127514636
Visa_mpagospesos_max6_tend6_avg3	0.000815089415457411	0.00100738966065535	0.0015833189685443
ccomisiones_otras_tend6_tend6	0.000814982324521701	0.00100635226286593	0.00180357906699099
mcomisiones_mantenimiento_delta5	0.000814760596480863	0.00153764912048092	0.00110449266757324
mcaja_ahorro_dolares_delta1_avg6	0.000812179079634786	0.00240965095032241	0.00116833617436939
canarito7	0.000811238270876612	0.00111908551299925	0.00197914871068038
mactivos_margen_lag1_tend6	0.000810950336502135	0.00125010761993184	0.00161524072194237
canarito6	0.000810685394197814	0.000801260807300412	0.00199191741203961
Visa_cconsumos_tend6_tend6	0.00080981720166081	0.000991603007966977	0.00176527296291331
mcaja_ahorro_max6_tend6_avg3	0.000809064935949477	0.000824167072609107	0.00162162507262199
mcuentas_saldo_min6_delta5_avg3	0.00080866988049717	0.00110636985918199	0.00143647890291318
canarito87	0.000807011208297797	0.000848817077589862	0.00180038689165119
canarito60	0.000806589863379482	0.00140999753409044	0.00197276436000077
mcomisiones_otras_min6_delta3_avg6	0.000806347162778919	0.00128418861130532	0.00154182068912681
canarito29	0.000805608824857229	0.000932742696247214	0.00186742257378713
chomebanking_transacciones_delta1_avg6_avg3	0.000804894473933633	0.00109533743001694	0.00174931208621427
mcuentas_saldo_min6_lag5_avg6_avg3	0.000803888488334814	0.00106078338939414	0.0014907458836899
mrentabilidad_annual_delta1_lag5_avg3	0.000803713802670546	0.00115000331339554	0.00166312335203948
canarito76	0.000802976652474918	0.000762891302711299	0.00183230864504926
canarito48	0.000802364338681465	0.000769907205908397	0.00191530520388424
mv_fultimo_cierre	0.000802068339290283	0.00109878957173217	0.00154820503980643
canarito31	0.000801409230926446	0.000754211263252732	0.00188657562582598
canarito61	0.000801366754137844	0.00107364157224311	0.00186742257378713
ctrx_quarter_min6_delta3_avg3	0.000800683125377056	0.00066699849514436	0.00120025792776746
mrentabilidad_annual_delta3_tend6_avg3	0.000798275739180899	0.00108583951819063	0.00182273211902983
canarito59	0.000798161368891286	0.00160448750457149	0.00186742257378713
mvr_msaldopesos2_avg6_lag3_avg6_avg3	0.000798049587329759	0.000987750492166429	0.0016248172479618
canarito117	0.000795581527153042	0.000797881519312232	0.00181315559301041
mcuentas_saldo_min6_avg6	0.000795161045020263	0.000818543050581212	0.00114918312233054
canarito108	0.000794540760554416	0.000785882849735783	0.0018961521518454
canarito70	0.000794476012691919	0.00133934920363199	0.00190572867786482
canarito11	0.000793591839723468	0.000802094768199545	0.00182273211902983
tcallcenter_tend6	0.000792744002358025	0.00159316153559784	0.000705470750097361
canarito101	0.000792287695418856	0.000770010236792005	0.00183869299572887
canarito55	0.000791890945147059	0.000781511072566899	0.0018961521518454
mcomisiones_mantenimiento_tend6_avg6	0.000790814963195628	0.00142047409646057	0.00135986669475781
ctrx_quarter_min6_delta3_lag5_avg6	0.000789409098975779	0.00063616206593292	0.000979997829320769
canarito92	0.000788519213323923	0.00110062686058954	0.00184826952174829
mrentabilidad_annual_delta1_delta5_avg3	0.000786198139404706	0.00120944222298732	0.00166312335203948
internet_avg6_tend6	0.000785910074118352	0.00182013028685891	0.000909769971845014
mvr_msaldopesos2_tend6	0.000785843086475192	0.00148270725004217	0.00148755370835009
canarito105	0.000784992408994177	0.00119062035546436	0.00186742257378713
canarito122	0.000784188898260078	0.00111910370857471	0.00185465387242791
Master_fechaalta_lag3_lag5_avg6_avg3	0.000783938305462274	0.00126407126880737	0.00152266763708797
ctrx_quarter_min6_delta5_tend6_avg3	0.000783866990169895	0.0011763343288466	0.0014460554289326
canarito35	0.000783432150334821	0.000777644057446163	0.00185465387242791
canarito83	0.000781261162441592	0.000870599824146984	0.00187699909980655
canarito100	0.000781178680970969	0.00099221515783731	0.00183869299572887
chomebanking_transacciones_delta1_tend6_avg3	0.00078100454483011	0.0012397504626776	0.00166950770271909
canarito25	0.000780337006307938	0.000852074639142418	0.00184826952174829
chomebanking_transacciones_tend6	0.000777876201948383	0.00138912151287798	0.00143967107825299
canarito91	0.000777833553118102	0.000773740472611453	0.00186423039844733
canarito71	0.000777508039437161	0.000777057084966797	0.00183230864504926
mactivos_margen_max6_delta3_avg6	0.000776482055403676	0.000781282297578896	0.00139817279883549
mcuenta_corriente_min6_delta3_avg6	0.000775925951155658	0.00129524086096965	0.00141732585087434
mvr_msaldopesos2_tend6_delta3_tend6_avg3	0.000772624375885887	0.00127239748556946	0.00159927984524334
mcuenta_corriente_min6_lag3_lag5_avg6_avg3	0.00077221014530309	0.00201639420988118	0.00123217968116553
mrentabilidad_annual_delta3_lag5_avg3	0.000771776748267344	0.000781108537868605	0.00134071364271897
mpasivos_margen_max6_lag3	0.000771773144087048	0.00129657565552968	0.00140455714951511
Visa_mpagominimo_max6_delta5_avg6_avg3	0.000770134713229636	0.000884847977540452	0.0013119840646607
canarito80	0.000769780003274844	0.000808982016714427	0.00184507734640848
canarito52	0.000769467896411857	0.000808958714235553	0.00188338345048617
mrentabilidad_min6_delta3_tend6	0.000768842252720029	0.00107542784563523	0.00143647890291318
canarito50	0.000768540703034444	0.00104764677317116	0.00167908422873852
canarito118	0.000766973380589872	0.00189318412953315	0.00191530520388424
mcuentas_saldo_min6_lag3	0.000765828095177305	0.0013002542866258	0.00150989893572874
ctarjeta_visa_debitos_automaticos_tend6_avg6_avg3	0.000765078479134192	0.00123019358933003	0.00107895526485479
canarito3	0.000764545343727221	0.000970313916835886	0.00178442601495215
mcuenta_corriente_lag1_delta5	0.000763097609699689	0.00121519423901412	0.00101191958271884
mcomisiones_otras_min6_lag3_lag5_avg6_avg3	0.000762843478363269	0.00115891011007957	0.0012672936099034
canarito109	0.000762352604553496	0.000906520407841262	0.00178761819029196
Visa_mpagospesos_max6_delta3_tend6_avg3	0.000762039132263502	0.000844387713835253	0.00150670676038893
canarito63	0.000761541825615699	0.000704033240886048	0.00177804166427254
cproductos_delta1_tend6	0.00076140797943029	0.000944685636293726	0.000670356821359484
cliente_edad_min6_lag5	0.000761148029039486	0.000921954327067802	0.00143009455223357
canarito96	0.000757752463593063	0.000787930950137668	0.00177804166427254
mpasivos_margen_max6_lag3_tend6_avg3	0.000757195560686246	0.000817250057632704	0.00138221192213646
canarito37	0.000756785293650022	0.000682914891749595	0.00166631552737929
Visa_fultimo_cierre_avg6_delta5_avg6_avg3	0.00075588724321586	0.000786931389859926	0.00112364571961209
ctarjeta_visa_transacciones_delta5	0.000754984602345201	0.000643933612272566	0.000995958706019804
Visa_mpagominimo_max6_lag5_tend6	0.000754105220151255	0.00118258325014707	0.00142690237689376
cliente_edad_min6_lag5_avg6_avg3	0.000753741683082718	0.00139011480559243	0.00144924760427241
canarito47	0.000753258281628126	0.00090271906821271	0.00169185293009774
ctrx_quarter_delta3_tend6	0.000752530119635066	0.00108654823496192	0.00163120159864141
canarito82	0.000752119872740023	0.00143501905736657	0.00178761819029196
mcuentas_saldo_min6_delta3_avg6	0.00075199101493907	0.000985890418663051	0.00144286325359279
canarito90	0.000749288917957833	0.00117344014311405	0.00182273211902983
mvr_msaldopesos2_avg6_lag3_lag5_avg6_avg3	0.000749255748960694	0.00156882089111249	0.00137263539611704
Visa_fechaalta_tend6	0.000747849616509062	0.00112683998871069	0.000906577796505206
canarito17	0.000746864132497166	0.000934506131424408	0.00178761819029196
canarito66	0.000745011313086144	0.000993797494362589	0.00174611991087446
cliente_antiguedad_lag3_lag5	0.000743846696562114	0.00124513622801919	0.00145882413029183
mrentabilidad_annual_tend6_delta3_avg6	0.000743384688223245	0.00122638698209131	0.00142051802621414
canarito95	0.000741350985271029	0.00087217683949318	0.00180038689165119
canarito19	0.000740085254709849	0.00073152457693463	0.00168227640407832
canarito24	0.000739535413092367	0.000835697585563994	0.00172696685883562
canarito78	0.000739252438451951	0.000859274105161611	0.00168866075475794
canarito18	0.000739103155647	0.00112526041991279	0.00182911646970945
canarito103	0.00073832670013851	0.000828412391421369	0.00177804166427254
mcuenta_corriente_min6_lag3_delta5_avg6_avg3	0.000735927389592673	0.00112314984029743	0.00140455714951511
canarito62	0.000735295780744534	0.00166166605585611	0.00168546857941813
Visa_fultimo_cierre_avg6_delta3_delta5_tend6_avg3	0.000734103468400839	0.00105709750863793	0.00118429705106842
canarito41	0.000733755905721394	0.000926351138777209	0.00168866075475794
canarito113	0.000732354469177561	0.000775586207501393	0.00175888861223369
canarito99	0.000731990181823887	0.000697152617060562	0.00177804166427254
ctarjeta_visa_transacciones_delta3_avg6	0.000731954222559149	0.00117228375090377	0.00135986669475781
mrentabilidad_lag1_lag3	0.000730744166054975	0.000857599755093311	0.00152585981242778
canarito75	0.000730046165487261	0.00159339811379141	0.00175569643689389
canarito86	0.00072866499956846	0.00104007534244894	0.00182911646970945
mcaja_ahorro_max6_lag5_avg6_avg3	0.000727952814245613	0.000885709526431816	0.00136625104543742
canarito34	0.000725406050909822	0.00122175202083343	0.00169185293009774
mrentabilidad_max6_tend6	0.00072478551179443	0.000813077503265971	0.00145882413029183
mvr_msaldopesos2_tend6_delta3	0.000721786026063565	0.00204372667837838	0.00150351458504913
mcomisiones_otras_min6_delta3_avg6_avg3	0.00072017634917501	0.00136905538226463	0.00145563195495202
ccomisiones_otras_tend6_lag3_lag5_tend6_avg3	0.000719610151101248	0.00103892228936782	0.00144286325359279
canarito42	0.000717411378970308	0.000858929871301267	0.00169823728077736
Visa_mpagominimo_delta1_delta3	0.00071730959835872	0.00118755976681944	0.00133432929203935
canarito111	0.000716486927208221	0.000839777697836371	0.00170462163145697
mactivos_margen_max6_lag3_lag5_avg6	0.000716130811776234	0.000947650854410161	0.00118429705106842
mcuenta_corriente_min6_delta5	0.000715599000115052	0.00108125323322196	0.00128006231126263
canarito16	0.000715369990259257	0.00148787704336691	0.0017620807875735
canarito12	0.000715075455486048	0.000871436945612217	0.00166631552737929
canarito85	0.000714855793181684	0.000567981673334831	0.00159289549456373
mvr_msaldopesos2_tend6_delta3_avg6	0.000714783884798256	0.000901529373992395	0.00141094150019472
mcaja_ahorro_min6_delta3_tend6_avg3	0.000710401588525335	0.00103506197036171	0.0012672936099034
canarito32	0.000709389690462323	0.000832455184014936	0.00171419815747639
Visa_cconsumos_max6_tend6_avg3	0.000708099214224785	0.00079257167898227	0.00154182068912681
Visa_mpagospesos_tend6_lag5_avg6_avg3	0.000706962802482856	0.000846871293819359	0.00141094150019472
canarito79	0.000706651829777355	0.00111736434369753	0.00175250426155408
canarito53	0.000706377069476998	0.00104959862808558	0.00167908422873852
mrentabilidad_lag1_delta3_avg6_avg3	0.000706283018540148	0.000815917655817624	0.00145243977961221
canarito121	0.00070600459299747	0.000944213854842116	0.00175250426155408
canarito67	0.000705690478697153	0.000935332164123831	0.00167908422873852
canarito46	0.000704653820040539	0.000970202689907985	0.00168546857941813
canarito112	0.000704149513838736	0.000953472260040724	0.00177165731359292
mv_cconsumos_tend6	0.000702988673141981	0.000981089715176121	0.00128325448660244
ccallcenter_transacciones_tend6	0.000701963114215125	0.00150075429675032	0.00110768484291305
Visa_mpagominimo_max6_delta5_tend6_avg3	0.000701451865249329	0.00143783896086762	0.00138221192213646
ccomisiones_otras_tend6	0.000700704555226406	0.00185254226719948	0.00138859627281607
Visa_cconsumos_tend6_lag3_avg6_avg3	0.000700326829804023	0.000918475204474726	0.00144286325359279
mcuentas_saldo_delta1_avg6_avg3	0.00069980858840039	0.00100448468971418	0.00136305887009762
mrentabilidad_annual_min6_delta5_avg6	0.000696431042973179	0.00101886678325634	0.00134709799339858
canarito114	0.000695370845671622	0.000776564286643436	0.00163758594932102
chomebanking_transacciones_max6_lag3_lag5_avg6_avg3	0.000694850182705907	0.00153921593987659	0.0012641014345636
ctarjeta_visa_transacciones_tend6_avg3	0.000693855656011577	0.000952846717941152	0.00113641442097132
Visa_mpagospesos_max6_delta3_avg6	0.000693783803640369	0.00142084475765328	0.00142371020155395
canarito54	0.000693382938972094	0.00102146957193697	0.00175569643689389
mcuentas_saldo_lag1_delta3_avg6	0.00069207760958241	0.000888957356297792	0.00138859627281607
chomebanking_transacciones_avg6_lag3_lag5	0.000689523761066478	0.00119978815776809	0.00125452490854418
ctarjeta_visa_transacciones_tend6_lag5_avg6	0.000688615125216629	0.000889367622776433	0.00130559971398109
canarito72	0.000688148998731657	0.00105438113599705	0.00162162507262199
mcuenta_corriente_min6_lag3_delta5_avg3	0.000687537530507962	0.00128875834347865	0.00137263539611704
mttarjeta_visa_debitos_automaticos_delta1_tend6	0.000686673957528006	0.00181745912638393	0.00114279877165093
mcuenta_corriente_delta3_tend6_avg3	0.000686238851179244	0.000965786200549751	0.00138859627281607
chomebanking_transacciones_tend6_lag3_delta5_avg6_avg3	0.000685142562644676	0.00108912286424854	0.0013087918893209
Visa_mpagospesos_tend6_lag3_lag5_avg6	0.000682832211913794	0.000823932672884824	0.00122898750582572
mrentabilidad_lag1_delta3_avg3	0.000680850073103084	0.00116296675916632	0.00143967107825299
canarito74	0.000680047076009747	0.000586312831722191	0.00162162507262199
mcaja_ahorro_delta1_tend6	0.000677075034548538	0.000898835393158802	0.00137582757145685
Visa_mpagospesos_max6_delta5_avg6	0.000677037133882845	0.00113040400018083	0.00139498062349569
mcaja_ahorro_delta1_tend6_avg3	0.000676775370681212	0.000965351024524726	0.00141732585087434
mrentabilidad_lag1_avg3	0.000675600645350344	0.000747673069800719	0.00126090925922379
canarito98	0.000675352183071645	0.000807720665139534	0.00162162507262199
canarito13	0.000675282382709563	0.000646339749459062	0.00165354682602006
Visa_fultimo_cierre_tend6_delta3_lag5_tend6_avg3	0.000674792790273642	0.000840093183044616	0.00125452490854418
mvr_msaldopesos2_avg6_lag3_lag5_tend6_avg3	0.000674183465141329	0.00116788038593019	0.00137901974679665
Visa_mpagospesos_max6_delta5	0.000672406713819165	0.000910568950165248	0.0013087918893209
canarito5	0.000671750277841872	0.000950072312306906	0.00163439377398122
canarito110	0.000670828824248492	0.000741401131722271	0.00166631552737929
canarito64	0.000670269583147833	0.000744881432831519	0.0015833189685443
mactivos_margen_min6_delta5_tend6_avg3	0.000668363721186136	0.00114374760669893	0.001356674519418
mcomisiones_otras_min6_lag3_lag5_avg6	0.000665811057227078	0.00102113017713546	0.00122579533048591
mcuentas_saldo_delta3_avg3	0.000665519283664766	0.000707372637887403	0.00120664227844707
Visa_mpagospesos_max6_lag5_avg6_avg3	0.000665478177974046	0.0011612288049373	0.00122898750582572
mcuentas_saldo_min6_delta5_avg6_avg3	0.00066330966847934	0.000855786393685517	0.00119068140174804
mcuenta_corriente_delta5_avg3	0.000662772744568338	0.0011601424987267	0.00123856403184514
mvr_mpagominimo_avg6_delta5_avg6_avg3	0.000662027463000389	0.00078044042633636	0.0010853396155344
canarito94	0.00066056011273888	0.000664188394755117	0.00155778156582585
mpasivos_margen_delta5_avg3	0.000658583097827372	0.00104288908552454	0.00124494838252476
ctrx_quarter_delta1_delta5_avg3	0.000658257678798376	0.000947918806132762	0.00134390581805877
Visa_mpagospesos_max6_lag3_lag5_avg6_avg3	0.000657743476775476	0.00160372429035535	0.00134071364271897
ctrx_quarter_max6_lag3_delta5_avg6_avg3	0.000656939858091608	0.00132475922697944	0.00125771708388398
Visa_cconsumos_max6_lag3_lag5	0.000656937833873829	0.00206519992158966	0.00138221192213646
mprestamos_personales_min6_delta5	0.000656783366914458	0.000564944422881399	0.000399021917475883
Visa_cconsumos_tend6_lag3_tend6_avg3	0.000655894297311309	0.000849333571230822	0.00145563195495202
mcuentas_saldo_min6_delta3_delta5_tend6	0.00065400668148406	0.00115897082151879	0.00129602318796167
ccomisiones_otras_tend6_lag3_lag5_avg3	0.000653479535553731	0.000997312186716522	0.00137582757145685
canarito21	0.000653457995401576	0.000520217341371934	0.00158970331922392
Visa_mpagospesos_max6_delta3_avg3	0.000652581890601607	0.00074789302377373	0.00111406919359267
mprestamos_personales_min6_delta3	0.000652553295974455	0.000884661111301813	0.000450096722912796
canarito45	0.000651841176084328	0.000755623018490126	0.00160566419592295
mrentabilidad_lag1_delta3	0.000650818238953083	0.000750900132783223	0.00146520848097144
mcomisiones_mantenimiento_avg6_delta5_avg6_avg3	0.000649210055750812	0.000879630740011596	0.00119387357708784
ctransferencias_emitidas_max6	0.000645646231348732	0.00296348214425569	0.00104384133611691
ctransferencias_emitidas_max6_avg6_avg3	0.000645598169927044	0.00153060700422713	0.0012672936099034
Visa_fultimo_cierre_avg6_lag3_lag5_avg6_avg3	0.000644475096790053	0.00222565509495995	0.00122260315514611
mactivos_margen_min6_lag3_delta5_avg3	0.000642470286542868	0.00180026570036744	0.00130240753864128
mvr_msaldopesos2_avg6_delta5_avg6_avg3	0.000641685805928556	0.00111610083150966	0.00134709799339858
Master_fechaalta_tend6	0.000641172037399607	0.00145113233759792	0.00125771708388398
mv_cconsumos_delta5_avg6_avg3	0.000640640315938415	0.00114795196314603	0.00123537185650533
canarito1	0.000640344388811704	0.00132923339220493	0.00156735809184527
ctrx_quarter_delta1_lag3_tend6	0.000638780448599731	0.00108891078490633	0.0014460554289326
Visa_fultimo_cierre_avg6_delta5_avg3	0.000638136055743089	0.000686782924679753	0.00125771708388398
mpasivos_margen_max6_tend6	0.000638095473723092	0.000836081692554856	0.00138221192213646
mv_cconsumos_delta3_avg6	0.000636786415138482	0.000938858070237713	0.00106618656349556
canarito39	0.000636471335454495	0.000936147858022283	0.00150670676038893
canarito15	0.000636304801384991	0.00063806167329701	0.00152585981242778
mcuenta_corriente_min6_delta5_tend6_avg3	0.000634243846195066	0.00100030581421525	0.0013119840646607
Visa_mconsumospesos_avg6_lag5_tend6	0.000632710866891459	0.000892083424015533	0.00117152834970919
ctrx_quarter_min6_delta3_lag5_avg6_avg3	0.000632582947129765	0.0012423240920111	0.00105661003747614
canarito73	0.000631246056990178	0.00076656170205051	0.00152905198776758
mcaja_ahorro_min6_delta3_avg3	0.000630611147727912	0.00126528278343319	0.00114279877165093
mcuenta_corriente_delta3_tend6	0.000629694608037246	0.000975017464163769	0.00127687013592283
Visa_mconsumospesos_avg6_lag5_tend6_avg3	0.000629004966152792	0.00109359794014562	0.00125452490854418
ctrx_quarter_tend6_lag3_lag5_tend6_avg3	0.000628973180895464	0.000942375244618131	0.00131836841534032
mcomisiones_mantenimiento_avg6	0.000628799987036862	0.00111554491114582	0.00120345010310726
mprestamos_personales_tend6_avg6_avg3	0.000628226258523538	0.00126651754696897	0.000692702048738133
ctrx_quarter_delta1_delta5_tend6_avg3	0.000627187819641858	0.00136236308889485	0.00129283101262186
Master_fultimo_cierre_avg6_lag3_tend6	0.000623397042245566	0.000688358404383662	0.00126090925922379
Visa_fultimo_cierre_tend6_delta3_avg3	0.000622633102815624	0.000769892420887318	0.0013119840646607
mrentabilidad_annual_tend6_delta3_delta5_avg6_avg3	0.000622347052959226	0.00133737352840583	0.00124175620718495
mrentabilidad_max6_lag5_tend6_avg3	0.000620813255726295	0.000893709187076155	0.00124175620718495
mrentabilidad_annual_min6_delta5_avg6_avg3	0.00062055891561811	0.000602374453661287	0.000900193445825592
canarito26	0.000620364017163603	0.000783018412608444	0.0016280094233016
chomebanking_transacciones_tend6_lag3_lag5_tend6_avg3	0.000619317831960237	0.00113197040888147	0.00127048578524321
mactivos_margen_delta1_lag5_avg3	0.000617778160049595	0.000831134174522861	0.00131836841534032
mcuentas_saldo_lag1_lag3_avg3	0.000617610314342229	0.000974233161650652	0.00133752146737916
thomebanking_tend6_avg6_avg3	0.000615950467673985	0.000847427464171476	0.00124175620718495
canarito36	0.000615863340578866	0.000611535381287346	0.00146201630563164
canarito28	0.000614759786220394	0.00127746171241519	0.00142690237689376
Visa_mpagospesos_max6_lag3_lag5_tend6_avg3	0.000614349569693841	0.0014783885953826	0.00131517624000051
mcomisiones_mantenimiento_delta3_delta5_tend6	0.000613417158090326	0.000913648805763963	0.00112683789495189
mcomisiones_otras_min6_lag3_lag5_avg3	0.00061190075857794	0.00129136689974601	0.00116514399902958
ctrx_quarter_lag1_lag3_lag5_tend6_avg3	0.000611621377460987	0.00114893843475173	0.00127687013592283
mrentabilidad_lag1_delta3_tend6_avg3	0.000607774447785224	0.00104454107949816	0.00121302662912668
mcomisiones_mantenimiento_avg6_delta3_delta5	0.00060687097979111	0.000676335307381082	0.00113322224563151
mcuenta_corriente_min6_lag3_tend6	0.000606779978252381	0.00109525588026903	0.00115875964834996
mdescubierto_preacordado_tend6_avg6_avg3	0.000606212270060148	0.0016200158122297	0.000574591561165272
canarito14	0.000604985384699016	0.000663436108598033	0.00138540409747627
canarito84	0.000604649658492858	0.000924078584613289	0.00141732585087434
mcaja_ahorro_min6_delta3_tend6	0.000602880288536489	0.000911898994947981	0.00132794494135974
ccallcenter_transacciones_tend6_delta3	0.000601462878532264	0.00139074559744587	0.000999150881359611
ccallcenter_transacciones_tend6_delta3_avg6	0.000600667999496012	0.00153436463161944	0.00123217968116553
mcaja_ahorro_delta5_tend6	0.000600576926215207	0.000975850710810676	0.00128006231126263
chomebanking_transacciones_delta1_lag5_tend6_avg3	0.000600009634173452	0.000860890868644186	0.00122898750582572
Visa_fultimo_cierre_avg6_delta5_avg6	0.000599569651348586	0.000548222135489515	0.00105341786213633
chomebanking_transacciones_delta1_avg6	0.000598847795135786	0.000836074978583931	0.00119706575242765
mactivos_margen_delta1_lag5	0.000595649054372189	0.000606691269121377	0.00127367796058302
mpasivos_margen_max6_lag3_delta5_avg6_avg3	0.000595478129205843	0.00189992209933279	0.00109491614155382
ctrx_quarter_min6_delta3_delta5_tend6_avg3	0.000595436476731378	0.000674262833121984	0.00121302662912668
ctarjeta_visa_transacciones_delta5_avg6_avg3	0.000593522973263401	0.00152278069259805	0.000979997829320769
ccajas_transacciones_avg6_delta3_avg6	0.000591429330166164	0.00125023539965508	0.00119068140174804
mpasivos_margen_lag3_lag5	0.000590989971834016	0.000983606829302239	0.00116514399902958
mv_cconsumos_tend6_avg3	0.000588790196770904	0.00101540821327107	0.00117152834970919
Visa_mpagospesos_tend6_lag3_lag5_tend6	0.000588776824663113	0.0010479625619366	0.0012194109798063
internet_avg6_delta5_avg6	0.000588637158802253	0.00169991874449365	0.000951268251262505
Visa_fultimo_cierre_tend6_delta3_lag5_tend6	0.000588538797350699	0.000741138786879643	0.0010821474401946
mactivos_margen_min6_lag3_lag5_tend6	0.000588002490839469	0.00118928490022101	0.00127048578524321
ccomisiones_mantenimiento_delta1_avg6_avg3	0.000587962020936782	0.00076391812956777	0.000287295780582636
mcomisiones_mantenimiento_delta3	0.000587860004284475	0.00196137498592635	0.000897001270485785
mcuenta_corriente_min6_lag3_delta5_tend6_avg3	0.00058660989590871	0.000871379591158466	0.00117152834970919
chomebanking_transacciones_tend6_lag3_lag5_avg6_avg3	0.00058578790219844	0.000869328473040926	0.00117791270038881
Visa_mpagospesos_tend6_lag5_avg3	0.000585433869770943	0.000679507390798486	0.00122579533048591
Visa_mpagospesos_tend6_lag3_lag5_tend6_avg3	0.000583210957110382	0.00156633095428357	0.00119068140174804
mcuenta_corriente_delta3_delta5_tend6_avg3	0.000581909798814311	0.000935272863332764	0.0011300300702917
Master_fultimo_cierre_avg6_lag3_lag5_avg6_avg3	0.000580871925568986	0.000912152018799059	0.0011300300702917
ctarjeta_visa_transacciones_tend6_lag5_tend6_avg3	0.000579268590192424	0.00111692825700092	0.00112683789495189
mactivos_margen_max6_lag3_lag5_avg6_avg3	0.000579062440519772	0.000903220187574505	0.00104703351145672
mactivos_margen_max6_delta3	0.000577625913144393	0.0011807178376083	0.00116833617436939
Visa_mpagospesos_max6_delta5_tend6_avg3	0.000576710184348149	0.000926767351405632	0.00120025792776746
ccajas_transacciones_avg6_lag3_tend6_avg3	0.000576323041803093	0.00157665398813772	0.00125133273320437
ccallcenter_transacciones_tend6_delta3_avg6_avg3	0.000576209410909609	0.0012406746872018	0.001174720525049
mcuenta_corriente_min6_lag3_delta5	0.000575595428561462	0.00115329946242461	0.00116833617436939
Visa_cconsumos_max6_lag3_lag5_avg3	0.000575332508878717	0.00134831353333283	0.00110130049223344
ctarjeta_visa_transacciones_delta5_avg6	0.000574654059837807	0.00127397009040815	0.0010374569854373
ctrx_quarter_delta1_delta5_avg6_avg3	0.000572382732222679	0.00101486248885776	0.00117791270038881
mcuentas_saldo_min6_delta3_delta5	0.000571888019294724	0.000959467818220304	0.00120025792776746
mcuentas_saldo_delta5_avg3	0.000571549793620161	0.000494376338660551	0.000951268251262505
Visa_mpagospesos_max6_lag5_tend6_avg3	0.00057140466912759	0.00100410143982599	0.00112683789495189
mrentabilidad_annual_delta3_lag5	0.000569595172794671	0.000584796152832792	0.00119706575242765
Visa_mpagospesos_max6_lag3_lag5_tend6	0.000569265346341125	0.000825615611836142	0.00107895526485479
ctarjeta_visa_transacciones_tend6_lag5_avg3	0.000566839284684109	0.000852788355679295	0.00106937873883537
mv_cconsumos_delta3	0.000565979218707599	0.00113532294812379	0.000833157763689644
mactivos_margen_delta1_lag5_avg6	0.000564862636765826	0.000724385715216817	0.00119068140174804
mv_fechaalta_tend6	0.000564316791135568	0.000954389342042663	0.000979997829320769
mrentabilidad_annual_delta1_delta5_tend6_avg3	0.0005642343889411	0.00103505191726162	0.00125771708388398
mcomisiones_otras_min6_delta3_delta5_avg6	0.000563463101253519	0.000861593549984171	0.00123537185650533
mtransferencias_recibidas_max6_lag5	0.00056170149948972	0.00117640316490489	0.000689509873398326
mttarjeta_visa_debitos_automaticos_tend6_delta3_delta5_tend6_avg3	0.000561019305994182	0.00114438877306595	0.00104703351145672
mcuentas_saldo_min6_lag3_lag5_tend6	0.000560419996491072	0.00092809684264289	0.00115556747301016
ccomisiones_otras_tend6_delta3_delta5_avg6	0.000559238516016831	0.000801900366599921	0.00125771708388398
mcuentas_saldo_min6_lag3_lag5_tend6_avg3	0.000558247408378057	0.000874956691300649	0.00119387357708784
mrentabilidad_annual_max6_lag3_delta5_tend6	0.000558142713935334	0.00257857733365668	0.00114599094699074
ctrx_quarter_max6_lag3_lag5_avg6_avg3	0.000557043374806943	0.00078687376756159	0.00109172396621402
canarito4	0.000556525411990098	0.00115203005765587	0.00133113711669955
ctrx_quarter_tend6_lag3_lag5_avg6	0.000556428729082568	0.00118436697008748	0.00107576308951498
ccajas_transacciones_tend6_tend6	0.00055604787078354	0.000694427566255136	0.00114918312233054
ccomisiones_otras_tend6_delta3_delta5_tend6_avg3	0.000555448707196616	0.000740320628811012	0.00114599094699074
mv_msaldopesos_lag1_delta5_avg6_avg3	0.000552840380951825	0.00103850309473636	0.00112364571961209
mrentabilidad_annual_max6_lag3_lag5_tend6	0.000549589773923193	0.000915065435772799	0.00109491614155382
ctrx_quarter_tend6_lag3_lag5	0.000549177274593949	0.000572234438226549	0.00110449266757324
mpasivos_margen_lag5_tend6_avg3	0.000547122475187622	0.000701729688175518	0.00106299438815575
mcomisiones_otras_min6_lag3_lag5_tend6_avg3	0.000544735359517822	0.00157369682321513	0.00112364571961209
mvr_mpagominimo_avg6_delta3_delta5_tend6_avg3	0.000544696979515223	0.0015166784251359	0.00116514399902958
mcomisiones_mantenimiento_tend6_lag3_tend6_avg3	0.00054451931517334	0.000922909460857083	0.00112683789495189
mprestamos_personales_min6_delta3_tend6	0.000544226358029289	0.00121641236047303	0.000609705489903149
ccaja_seguridad	0.000544133687279972	0.00320084449749083	0.000150032240970932
mttarjeta_visa_debitos_automaticos_tend6_delta5_tend6_avg3	0.000541657206916836	0.00175128301481366	0.0010821474401946
mcomisiones_otras_min6_delta3_delta5_tend6_avg3	0.000539437644239766	0.000772153618440844	0.001174720525049
cproductos_avg6_delta3	0.000538556603387587	0.00132567611256202	0.000737392503495432
Visa_fultimo_cierre_avg6_lag3_delta5_avg3	0.000538151680706535	0.00092158011247027	0.000970421303301348
mcuenta_debitos_automaticos_tend6	0.000537429141121435	0.00214698389065982	0.000667164646019677
cliente_edad_avg6_lag3_tend6	0.000537099784682968	0.000805915464063422	0.00115237529767035
ccomisiones_otras_tend6_delta3_delta5_avg6_avg3	0.000536839293486925	0.00113420546480353	0.00109810831689363
tcallcenter_tend6_avg6	0.000536690948750255	0.00132751568702651	0.000999150881359611
mpasivos_margen_min6_lag3_delta5_avg6_avg3	0.000536574558340752	0.000772079568341309	0.00106937873883537
Visa_mpagospesos_tend6_lag5_tend6	0.000536169773455566	0.00125460996240764	0.00120025792776746
Visa_mpagospesos_max6_delta5_avg3	0.000535516808790618	0.000790418440652711	0.00105661003747614
Visa_cconsumos_tend6_lag3_lag5_avg6_avg3	0.000534924159778935	0.000796890101509868	0.00106937873883537
ccajas_transacciones_tend6_avg6_avg3	0.000534911223608738	0.000918748941640359	0.00118110487572861
mvr_mpagominimo_avg6_lag5_avg6_avg3	0.000533663717781275	0.000987121093104836	0.00110768484291305
mdescubierto_preacordado_tend6	0.000533655844564341	0.00342082634419518	0.00040221409281569
ctransferencias_emitidas_max6_avg6	0.000531880377367302	0.00106484866307652	0.00106618656349556
mactivos_margen_max6_lag3_lag5_tend6_avg3	0.000531342790178746	0.00154374797738869	0.0010853396155344
Visa_mpagospesos_tend6_lag3_lag5_avg6_avg3	0.000529759728393253	0.0013512772872322	0.00111726136893247
ccajas_transacciones_tend6_avg6	0.000529622669637129	0.000749116662831089	0.00100553523203923
ccomisiones_otras_tend6_lag3_lag5_avg6_avg3	0.000527638273574588	0.000742772995972839	0.00125133273320437
mactivos_margen_delta1_lag5_avg6_avg3	0.00052749008802871	0.000914696149515627	0.00114279877165093
mcomisiones_mantenimiento_delta5_avg3	0.000523007489297978	0.000688659997386111	0.000836349939029451
chomebanking_transacciones_avg6_delta5_avg3	0.000518881964208695	0.00196596334222648	0.00101191958271884
mcuenta_corriente_min6_lag3_lag5_tend6_avg3	0.000515161442817932	0.00106903934159349	0.00106937873883537
mcomisiones_mantenimiento_tend6_lag3_lag5_avg6	0.000512634568811968	0.00141103952095041	0.000951268251262505
chomebanking_transacciones_delta1_lag5_avg3	0.000512008974445719	0.000777971149253081	0.00107895526485479
mcomisiones_mantenimiento_delta3_delta5_tend6_avg3	0.000511273110093312	0.000645341171278131	0.00102149610873826
ccomisiones_otras_tend6_lag3_lag5_avg6	0.000508318470305428	0.000648456114517451	0.00101191958271884
ctransferencias_emitidas_avg6_lag3_lag5_avg6_avg3	0.000506041652221591	0.000756417409815935	0.000944883900582891
ctrx_quarter_max6_lag3_delta5_tend6_avg3	0.00050587305574152	0.000693855414509461	0.00103107263475768
ctrx_quarter_tend6_lag3_lag5_tend6	0.000504509927080925	0.00079331823326524	0.00101511175805865
mactivos_margen_min6_delta3_delta5_avg6_avg3	0.000502915480396724	0.00121200110301236	0.00103426481009749
chomebanking_transacciones_delta1_delta5_tend6	0.00050261742523518	0.000551992476571456	0.00101511175805865
thomebanking_tend6_delta5_tend6_avg3	0.000501692640835964	0.00112135322810434	0.00105980221281595
tcallcenter_tend6_delta5_avg6	0.000499625962317409	0.000731248697012319	0.000925730848544049
mv_cconsumos_delta3_avg3	0.000499220338253081	0.000830884704076609	0.00093530737456347
ctrx_quarter_tend6_lag3_delta5_tend6_avg3	0.000498850876635642	0.0010234628356242	0.00111406919359267
internet_avg6_delta5_tend6_avg3	0.000498740856260831	0.00114549943527745	0.000983190004660576
ctrx_quarter_delta1_lag3_delta5_avg6	0.000496468807707487	0.000701918804308669	0.000964036952621734
thomebanking_tend6_delta5_tend6	0.00049177359963825	0.00155284074749608	0.000976805653980962
ccajas_transacciones_avg6_delta3_tend6	0.000489492412270412	0.000831605902405554	0.00102468828407807
Visa_cconsumos_max6_lag5_tend6_avg3	0.000489344532522233	0.00123182404859904	0.000979997829320769
mcomisiones_mantenimiento_avg6_delta3_lag5_avg6	0.000489066231135139	0.00126035430022302	0.000906577796505206
mpasivos_margen_max6_lag3_delta5_avg3	0.000484755917077298	0.00052341720920093	0.000951268251262505
cliente_edad_avg6_tend6	0.000484207281400008	0.00107196079390478	0.00107257091417517
ccajas_transacciones_tend6_tend6_avg3	0.000483964369856844	0.000812582365766569	0.00105341786213633
chomebanking_transacciones_max6_lag3_lag5_tend6_avg3	0.000483672305704297	0.000964125992675527	0.0010374569854373
mcuenta_debitos_automaticos_delta5_avg6	0.000482765998616181	0.00137746459513538	0.000734200328155625
mcuentas_saldo_avg6_delta3_delta5_avg3	0.00048259889586883	0.00103575674135829	0.000983190004660576
mcomisiones_mantenimiento_tend6_lag3_lag5_tend6_avg3	0.000482546670411649	0.00130101312604706	0.00101191958271884
ccajas_transacciones_tend6_avg3	0.000479302821173184	0.00107683019059955	0.000992766530679997
mactivos_margen_tend6_delta5_avg6_avg3	0.000477885968777863	0.00111758201206342	0.00102468828407807
mtransferencias_recibidas_tend6	0.000477737416366455	0.00113871696756413	0.000580975911844886
ctrx_quarter_max6_lag3_delta5_tend6	0.000475071733724575	0.000649354125984955	0.00102149610873826
Visa_cconsumos_max6_lag5_tend6	0.000474682678974571	0.00104181477875134	0.00101511175805865
mdescubierto_preacordado_delta3_avg6	0.000473942890771713	0.000859796848509549	0.00023941315048553
thomebanking_tend6_avg3	0.000467968715542448	0.000959970294661328	0.00069589422407794
ccomisiones_otras_tend6_lag3_lag5	0.000467719390396953	0.000592906004739305	0.00100234305669942
thomebanking_tend6_tend6	0.000467662790867161	0.000844561169988349	0.000999150881359611
mtransferencias_recibidas_delta5	0.00046756898860135	0.00175467310586676	0.00042455932019434
thomebanking_tend6	0.000466388943305292	0.00136968774547296	0.000775698607573117
mpayroll_avg6_avg6_avg3	0.000465522795365228	0.00103149463761871	0.000705470750097361
mcomisiones_mantenimiento_tend6_lag3_lag5_avg6_avg3	0.00046491487204755	0.00114763419233066	0.000941691725243084
mrentabilidad_annual_avg6_delta3_lag5_tend6	0.000463701085152747	0.000886941825797415	0.000986382180000383
mcomisiones_mantenimiento_avg6_delta3_delta5_tend6_avg3	0.000462784740222084	0.000782719194494647	0.000925730848544049
mpayroll_avg3	0.000461906099583495	0.000885542605686589	0.000434135846213761
mrentabilidad_annual_tend6_delta3_delta5_avg3	0.000461769436755407	0.000592113202624698	0.000986382180000383
chomebanking_transacciones_tend6_lag3_lag5_avg6	0.00045996689774966	0.000596541905695998	0.000928923023883856
mtransferencias_recibidas_max6_delta5_avg6_avg3	0.000459763795321706	0.00146194199149366	0.000775698607573117
mtransferencias_emitidas_max6_lag5_avg6_avg3	0.000457164633500312	0.000530393114273371	0.000954460426602312
internet_avg6_delta5_avg6_avg3	0.000455362563435834	0.00113709495432769	0.000852310815728486
cpagomiscuentas_tend6_avg6	0.00044907708618404	0.00171439969054389	0.000900193445825592
mtransferencias_recibidas_max6_delta5_tend6_avg3	0.000447573508315727	0.000633320270601146	0.000580975911844886
cpagomiscuentas_tend6	0.000444140040752518	0.00185973753698684	0.000612897665242956
mcomisiones_mantenimiento_avg6_delta3_delta5_avg6	0.000440221831608979	0.000534041264655741	0.000903385621165399
mplazo_fijo_dolares	0.000437268614943591	0.00426986803625382	0.000255374027184565
tcallcenter_tend6_delta5_avg6_avg3	0.000435235863723155	0.00102630825578602	0.000922538673204242
chomebanking_transacciones_delta1_lag5_avg6_avg3	0.000433553690479581	0.000572695630888908	0.000852310815728486
ctransferencias_recibidas_avg6_lag3_lag5_avg6	0.000430587899239152	0.000544586413095878	0.000437328021553568
mactivos_margen_max6_lag3_lag5_tend6	0.00042436520756476	0.00105683150325265	0.000887424744466364
ctransferencias_recibidas_avg6_lag3_lag5_avg6_avg3	0.000424036774126416	0.000508891390254587	0.000504363703689516
tcallcenter_tend6_avg6_avg3	0.000423199294354936	0.000767926459491429	0.000893809095145978
tcallcenter_tend6_tend6_avg3	0.00042263781561543	0.00113526080818012	0.000890616919806171
Visa_cconsumos_max6_lag3_lag5_tend6	0.000419382343649791	0.0019747740719861	0.000874656043107136
mdescubierto_preacordado_delta1_tend6	0.00041912336817344	0.00277506549616533	0.000306448832621478
mcuenta_debitos_automaticos_delta5	0.000418731383073049	0.000805324902466621	0.000536285457087587
ctrx_quarter_min6_delta3_lag5_tend6_avg3	0.000417328291429064	0.000578097288342529	0.000871463867767329
ccallcenter_transacciones_tend6_delta3_lag5_avg6	0.000415666401069363	0.000955907217304542	0.000823581237670223
cproductos_avg6_delta3_avg6_avg3	0.000413608327594966	0.00114468206288627	0.0008586951664081
ctransferencias_emitidas_avg6_lag3_delta5_tend6_avg3	0.000411623981461659	0.000967708592559851	0.000762929906213889
ccallcenter_transacciones_delta1_avg6_avg3	0.0004114716417129	0.00102239279650806	0.000823581237670223
ccomisiones_mantenimiento_tend6_avg3	0.000410228542491571	0.0013673069999531	0.00051074805436913
mtransferencias_emitidas_max6_delta5	0.000409984064510085	0.000938354754550323	0.000814004711650802
chomebanking_transacciones_tend6_lag3_lag5_avg3	0.000408700380772878	0.000569211133547831	0.000798043834951766
mrentabilidad_lag1_lag3_avg3	0.000401634057838646	0.000821616638616644	0.000877848218446943
ccomisiones_mantenimiento_delta1_avg6	0.000400629874660824	0.000612720843563222	0.000287295780582636
chomebanking_transacciones_delta1_delta5	0.000396082322302496	0.000490806006058209	0.000903385621165399
mtarjeta_master_consumo_delta5	0.000395583410919104	0.00144568177172312	0.000625666366602185
chomebanking_transacciones_delta1_lag5_tend6	0.000393649086716443	0.000528066741204218	0.000842734289709065
mtransferencias_emitidas_max6_delta3	0.000389985969887474	0.00126171086161964	0.000686317698058519
ccomisiones_mantenimiento_tend6_avg6_avg3	0.000386436083368845	0.00117834237755491	0.000756545555534274
mtransferencias_emitidas_max6_delta5_avg6_avg3	0.00038529159723034	0.000591111481733972	0.000788467308932345
ctransferencias_emitidas_avg6_lag3_lag5_avg6	0.00038497699575721	0.000615583209359106	0.000670356821359484
cpayroll_trx_min6_delta3_tend6	0.000384340114365627	0.000796981668645247	0.000261758377864179
chomebanking_transacciones_max6_lag3_lag5_tend6	0.000383946647617226	0.000720285175330774	0.000810812536310995
mcuentas_saldo_lag1_delta3_delta5_avg6	0.000382761168567009	0.00101729080357587	0.000833157763689644
mcaja_ahorro_dolares_max6_lag3_delta5_avg6_avg3	0.000379076866593077	0.00135221147557496	0.000775698607573117
mcuenta_corriente_min6_lag3_lag5_tend6	0.000374980151717047	0.000568502470345453	0.000788467308932345
ctransferencias_emitidas_max6_tend6_avg3	0.000371234585533063	0.00117199588940037	0.000788467308932345
mprestamos_personales_min6_delta5_tend6	0.000365951728660113	0.000714849108776163	0.00042455932019434
mtarjeta_master_consumo_tend6	0.000365574878491062	0.00145739702601627	0.000561822859806043
mpasivos_margen_lag3_lag5_tend6	0.000361864028501037	0.00052326184148546	0.000798043834951766
mcuenta_debitos_automaticos_tend6_tend6_avg3	0.000360885796858503	0.0012007752900571	0.00077250643223331
ctransferencias_recibidas_avg6_lag3_delta5_avg6	0.000355817304619332	0.000571454814065513	0.000558630684466236
chomebanking_transacciones_tend6_lag3_delta5_tend6	0.000355684145509415	0.000960478824389968	0.000727815977476011
mcuenta_debitos_automaticos_delta5_avg3	0.000352512516117148	0.000717606479494818	0.000552246333786622
chomebanking_transacciones_delta1_lag5	0.000348904405633088	0.000463960496872419	0.000823581237670223
ctransferencias_recibidas_avg6_delta3_tend6_avg3	0.000347159256556305	0.000668020215097415	0.000644819418641027
ccajas_transacciones_tend6	0.000345438753808196	0.00131640226165902	0.000676741172039098
mtransferencias_recibidas_max6_delta5	0.000339432904254819	0.00100676190437388	0.000689509873398326
ctransferencias_emitidas_avg6_lag3_delta5_tend6	0.000333824802002363	0.000730867339892527	0.000609705489903149
thomebanking_max6_avg6	0.000324885789133458	0.000500516336496543	0.000507555879029323
mprestamos_personales_delta5_tend6	0.000314988548147122	0.00109655687284247	0.000491595002330288
ccomisiones_mantenimiento_delta1	0.000310257631422848	0.00238459296447014	0.000181953994369003
mplazo_fijo_dolares_delta5	0.000295123301090398	0.00170145472604946	0.000191530520388424
mplazo_fijo_dolares_delta3	0.000281790787031928	0.00185744937641178	0.000201107046407845
ccomisiones_mantenimiento_delta1_tend6	0.000281230728820362	0.00137026880751516	0.000459673248932217
mv_status06_tend6_avg6_avg3	0.000275474366424199	0.00100291326339166	0.000341562761359356
mdescubierto_preacordado_tend6_avg3	0.000272601730377844	0.0014961204604397	0.000303256657281671
ccajas_transacciones_avg6_delta3	0.000269633900536395	0.00111854328842185	0.000577783736505079
thomebanking_max6_avg6_avg3	0.000257095391235978	0.000437697603227416	0.000491595002330288
mplazo_fijo_dolares_delta3_avg6	0.000232026677999415	0.00198825779693465	0.000296872306602057
thomebanking_max6	0.000218814714079095	0.000205426689847816	0.00023941315048553
mv_Finiciomora_lag1_tend6_avg3	0.000178660351107682	0.00287170807215025	0.000207491397087459
cpayroll_trx_min6_delta3_delta5_tend6	0.000171129436748348	0.00125094718771095	0.000245797501165144
mdescubierto_preacordado_delta1_avg6	0.000170812024448523	0.000464344603863281	0.000111726136893247
cpayroll_trx_min6_delta3_delta5_tend6_avg3	0.000147012928603286	0.00138201323901174	0.000233028799805916
mv_fechaalta_delta3	0.000133557287798116	0.00143192707733632	0.00029368013126225
mdescubierto_preacordado_delta1_avg3	0.00012045208145083	0.000205080813207353	8.61887341747908e-05
ccaja_seguridad_avg6_lag3_lag5	9.44983528046154e-05	0.000622013354305624	4.7882630097106e-05
ccaja_seguridad_lag5_avg6_avg3	8.50957110269171e-05	0.000707635607700728	6.38435067961413e-05
