Feature	Gain	Cover	Frequency
mdescubierto_preacordado_delta1	0.0975570057367555	0.00331848948143848	0.000313271661814027
mv_status01	0.0471216496398627	0.00340442509788807	0.000755537537316183
ctrx_quarter	0.0404943324848944	0.00682231329480607	0.00292079755279549
ctarjeta_visa_transacciones	0.0350134506406738	0.00685286180352244	0.00191648546050934
mcaja_ahorro	0.0323704391762028	0.00600527001146137	0.00219290163269819
mcuenta_corriente_delta1	0.029625337057997	0.00806940916495745	0.00285630044595142
mcaja_ahorro_avg6	0.0273703587843304	0.00342464828879752	0.001999410312166
mtarjeta_visa_consumo	0.026544991610931	0.00552367682191098	0.00188884384329046
ctrx_quarter_min6	0.0223296264183805	0.00426368240025391	0.0018151328640401
mv_Finiciomora	0.0203469344289578	0.0075257382390126	0.00118858954041204
mprestamos_personales_tend6	0.013581912502943	0.00312727066995577	0.00116094792319316
mpayroll	0.0124063350431159	0.00670693289983801	0.00103195370950503
mcuenta_corriente_delta1_avg3	0.00978022084760951	0.0010553797086571	0.0014465779677883
cpayroll_trx_min6_avg3	0.00867153819159509	0.00468442713685512	0.000626543323628054
foto_mes	0.00815802588094673	0.0139609566148227	0.00368554896251797
mcuentas_saldo	0.00793593914374071	0.00616610333450927	0.00288394206317031
mcuentas_saldo_avg3	0.00652476266286911	0.00353873192650208	0.00192569933291564
mcaja_ahorro_avg3	0.00633648354054865	0.00338339636574321	0.00219290163269819
mautoservicio	0.00597625541574765	0.00539778487918722	0.00141893635056942
cpayroll_trx	0.00589719602621902	0.0079494539787996	0.00052519072715881
mprestamos_personales_min6_avg3	0.00565451880067608	0.00252010129967785	0.00156635830907014
mprestamos_personales	0.00519984164761184	0.00888422940427264	0.0028931559355766
mv_msaldototal_avg3	0.0047901557682159	0.00270897770312828	0.00166771090553938
mv_status01_max6	0.00461993401911477	0.00133120670940851	0.000681826558065824
cpayroll_trx_min6	0.0043174251305885	0.00345167600152086	0.000294843917001437
mv_msaldopesos_avg3	0.00420244692753389	0.00355026685479825	0.0018059189916338
mv_msaldopesos	0.00397273606890325	0.00468885095468584	0.00178749124682121
mprestamos_personales_min6	0.00388060256435461	0.00497974506351561	0.00167692477794568
mprestamos_personales_delta1	0.00380910943141665	0.0117961647606846	0.00189805771569675
mpayroll_delta1_avg3	0.00352351515512564	0.00544905917863029	0.00198098256735341
ccaja_ahorro	0.00337989350531489	0.00918377044040362	0.00141893635056942
mprestamos_personales_delta3_avg6	0.0033212715172053	0.000921668318529168	0.000967456602660966
mv_Finiciomora_avg3	0.00331756535006831	0.00356724323430994	0.000875317878598017
ctarjeta_visa_transacciones_tend6	0.00330431985460124	0.00182256293494718	0.00188884384329046
ctrx_quarter_delta1	0.00315791104393531	0.00481510121046238	0.0028931559355766
mv_fechaalta	0.00311079209072061	0.00288865893378141	0.0041738842000516
mactivos_margen_avg3	0.00308914444963873	0.00283972671080394	0.00231268197398002
mactivos_margen_max6_lag3	0.0030188874866701	0.00141271093725499	0.00198098256735341
mv_msaldototal	0.00298257143696576	0.00486807981787289	0.00197176869494711
mv_cconsumos	0.00292524210907892	0.00311594954690345	0.00140050860575683
cproductos	0.00285295249458862	0.00536839762748675	0.00205469354660377
mpagomiscuentas	0.00283836291429077	0.0113228638878771	0.000893745623410607
mprestamos_personales_delta1_avg3	0.00273509557717688	0.00168514739245529	0.00105038145431762
mcuenta_corriente	0.00271282261301367	0.00360597149288331	0.00240482069804297
ccaja_ahorro_delta3	0.00264699276194493	0.007316578796868	0.00052519072715881
mcuentas_saldo_min6	0.00250577043438542	0.00406387650925473	0.00185198835366528
mv_status07_tend6	0.0024911342508019	0.00219600040158096	0.00050676298234622
mdescubierto_preacordado_delta1_avg6_avg3	0.00248008089718544	0.00113430711083251	0.000423838130689566
Visa_Finiciomora	0.00247314384744173	0.00295355056601912	0.00059890170640917
mpasivos_margen_avg6	0.00223899654277793	0.00145341019392422	0.00167692477794568
cpayroll_trx_avg3	0.00220374106899067	0.00226577396627115	0.000359341023845502
mcuenta_debitos_automaticos	0.00219307295615207	0.00503200643694833	0.00172299413997715
mcuentas_saldo_delta3	0.00214445180894681	0.00103486965731319	0.00210997678104154
cproductos_delta3	0.00213929740735565	0.00179587303340393	0.00052519072715881
mv_Finiciomora_lag1	0.00212671590193288	0.00373640092554598	0.000985884347473556
cproductos_delta1_avg3	0.00212649528131768	0.00260516041962372	0.000691040430472119
mpasivos_margen_max6_lag3	0.00211686251785154	0.00282172203251278	0.00197176869494711
mcaja_ahorro_delta1	0.0021048129007816	0.00269142649752544	0.00179670511922751
mrentabilidad_min6_avg6_avg3	0.00203923519045043	0.00177236462462359	0.00230346810157373
ccomisiones_mantenimiento_tend6_avg6	0.00202547667737892	0.00192078663339381	0.000866104006191722
mcuentas_saldo_delta5	0.00199305192147137	0.00137015977018711	0.00234032359119891
mdescubierto_preacordado_tend6_avg6_avg3	0.00198639168114902	0.00170841127081327	0.0005436184719714
mdescubierto_preacordado_tend6_avg6	0.00194835169629463	0.00108687765854556	0.000469907492721041
ccaja_ahorro_delta3_avg6_avg3	0.0019341019707572	0.00288331590260709	0.000589687834002875
mv_mpagominimo	0.00187828802052607	0.00597801174937711	0.00189805771569675
Master_mfinanciacion_limite	0.00187736500047186	0.00371611534484063	0.00429366454133343
mactivos_margen	0.00185006329611512	0.00413405099331537	0.00306821951129621
mcuentas_saldo_delta1	0.00183566030040052	0.00531900242690962	0.00288394206317031
mcomisiones_mantenimiento	0.00183020993770542	0.00473312394749378	0.00214683227066672
ctrx_quarter_delta1_avg6	0.00181788704272523	0.00140287125410381	0.00182434673644639
Visa_fechaalta	0.00162927599014828	0.00259492904570787	0.00292079755279549
mv_fultimo_cierre	0.00162774425901227	0.000657086291017187	0.0014557918401946
ctrx_quarter_delta1_avg6_avg3	0.00159319291666128	0.000908800823768649	0.00193491320532193
Master_mfinanciacion_limite_avg6_avg3	0.00154309659439192	0.00233748305142304	0.00376847381417462
numero_de_cliente	0.00154158360019377	0.00377974829472127	0.00361183798326761
Visa_mfinanciacion_limite_avg3	0.00151964612034899	0.00214021541383848	0.00258909814616887
ctrx_quarter_avg3	0.0015034222673954	0.00160307601981228	0.00174142188478974
Visa_mfinanciacion_limite	0.00150180474122893	0.00263623026167444	0.00311428887332768
mcuenta_corriente_avg3	0.00146724488445301	0.00183361930201001	0.00231268197398002
mcuentas_saldo_min6_tend6	0.00145346654032183	0.000930187261094057	0.00209154903622895
ctrx_quarter_delta1_avg3	0.00142242100557993	0.0011002173042504	0.00195334095013452
Visa_fechaalta_lag5	0.00142105151114901	0.00082465041755504	0.00195334095013452
mactivos_margen_min6	0.00141627664599974	0.00222840430214606	0.00239560682563668
mrentabilidad_max6	0.00141481930434678	0.0019523578042562	0.00229425422916743
mprestamos_personales_delta3	0.00141361894424795	0.00270429609220823	0.00125308664725611
mrentabilidad_annual_lag1	0.00140336161729597	0.00153208190293257	0.00278258946670107
Visa_mpagominimo_delta1	0.00140114848777369	0.00304062749022305	0.00194412707772823
mrentabilidad_max6_avg6_avg3	0.00139213096004497	0.00135387487297485	0.00195334095013452
mtarjeta_master_consumo	0.00138006586992723	0.00306019970522846	0.00116094792319316
Visa_mpagospesos_max6_avg6_avg3	0.00137544780904737	0.00129590585554822	0.00250617329451222
mpayroll_lag3	0.00133430378812402	0.00217877733646354	0.000820034644160248
mdescubierto_preacordado	0.00132613412158989	0.00315729646380998	0.000552832344377695
mtransferencias_recibidas	0.001312800743784	0.0042655273477524	0.000866104006191722
mcuentas_saldo_min6_avg3	0.00130216398173292	0.000944913518631159	0.00152028894703866
ctrx_quarter_min6_delta3	0.00127738573972842	0.00120168267481135	0.00165849703313309
mcuenta_corriente_min6	0.00127442166607411	0.00201229715664535	0.00232189584638632
Visa_mpagominimo_delta1_avg3	0.00126748630098455	0.00244816227303727	0.00187041609847787
Visa_mpagominimo_max6	0.00126606345697591	0.00147429795497136	0.00196255482254082
mcomisiones_mantenimiento_tend6	0.00126364071333159	0.00208009110250614	0.00178749124682121
mcomisiones_mantenimiento_delta5_avg3	0.00122920857367694	0.000795058865522045	0.00129915600928758
cproductos_delta1_avg6	0.00121179238973158	0.00226744450969891	0.000939814985442082
ctrx_quarter_delta3	0.00120544509541613	0.00161738129819514	0.00200862418457229
mttarjeta_visa_debitos_automaticos_delta1_avg3	0.00117721666092155	0.00283763656974975	0.00189805771569675
Visa_mconsumospesos_avg6_avg3	0.00117699779838647	0.00171693231330043	0.00219290163269819
ctrx_quarter_min6_delta3_avg6_avg3	0.00116549277433357	0.00107991249267794	0.00139129473335053
Visa_mpagospesos_max6	0.001154109937631	0.00342402720915529	0.00222975712232337
cproductos_tend6	0.00115330452371657	0.00255443961548241	0.00117937566800575
mpasivos_margen	0.00113482595055167	0.00306270364149228	0.00224818486713596
mcuentas_saldo_delta1_avg6	0.00113364490393067	0.00142447962005661	0.00166771090553938
mcuentas_saldo_delta1_avg3	0.00111354748931655	0.00101079703257528	0.00215604614307301
mcaja_ahorro_max6	0.00110634691611036	0.00163531021350121	0.00195334095013452
mprestamos_personales_delta1_tend6	0.00110560103055963	0.00351547291112198	0.00112409243356798
cpayroll_trx_min6_delta3	0.00110039511965907	0.00185774431428247	0.000405410385876976
mpayroll_delta1	0.00109913436747336	0.00511475381877929	0.00139129473335053
mcuentas_saldo_delta1_avg6_avg3	0.00109896758202545	0.000949390442390886	0.00187962997088416
mrentabilidad_avg6	0.00109645456103766	0.000788784574081607	0.00162164154350791
mcuentas_saldo_tend6	0.00109391314423348	0.00151783061465652	0.00182434673644639
mcaja_ahorro_dolares_delta1	0.00108961520547643	0.0070641705161115	0.00170456639516456
ctrx_quarter_min6_delta5	0.00107888773204671	0.000986605485923491	0.00169535252275826
mpasivos_margen_delta5	0.00107739256018807	0.00095814048692782	0.00176906350200862
mcuentas_saldo_min6_delta3	0.00107570800642695	0.00136581044433591	0.00128994213688129
cpayroll_trx_avg6_avg3	0.00106572312103546	0.00269511047958339	0.00102273983709874
chomebanking_transacciones_max6	0.00105943014645802	0.00149581828997211	0.00228504035676114
Master_mpagominimo_tend6	0.00105771689679173	0.00384281111570532	0.00184277448125898
ctrx_quarter_tend6_avg6_avg3	0.00105322269317681	0.00217995721647432	0.0025430287841374
Visa_mpagominimo_max6_tend6	0.00105119704300226	0.00121228197721353	0.00173220801238344
Visa_mpagominimo_delta1_tend6	0.00104893151803244	0.00193833187079651	0.00200862418457229
mdescubierto_preacordado_delta1_tend6	0.00103387580665945	0.00393932044866206	0.000644971068440644
Master_Fvencimiento_lag1_avg3	0.00103197002456597	0.000923104886407039	0.0029023698079829
cliente_antiguedad_lag3	0.00103145732165401	0.00308777710023681	0.00259831201857517
Master_fechaalta_lag3	0.001028596184702	0.00161939175272525	0.00268123687023182
mcuenta_corriente_delta1_avg6	0.00102662442892459	0.000994177805633021	0.00139129473335053
Visa_mpagominimo_max6_avg3	0.00102547375233467	0.00245401663528461	0.0023587513360115
mactivos_margen_delta1	0.00102302877461098	0.00149313259990961	0.0023587513360115
mes	0.0010229713455103	0.000789546182732662	0.0012623005196624
mv_mpagominimo_lag1	0.00101486046458956	0.0028343243291949	0.0014557918401946
mactivos_margen_lag1	0.00100739032124735	0.00194767541968059	0.00224818486713596
ccaja_seguridad_avg6	0.000981155717395395	0.00461764154051223	0.000460693620314746
ccomisiones_otras_tend6	0.000978655951732709	0.00116169822063097	0.00149264732981978
mpayroll_avg3	0.000967105174192855	0.00227182351076747	0.000985884347473556
Master_Fvencimiento_lag1	0.000961862963077532	0.000687303785670302	0.00226661261194855
chomebanking_transacciones_avg6_lag5	0.000961555279424305	0.000813493641050995	0.00184277448125898
mcomisiones_otras_min6	0.000950569822084147	0.00120813551490594	0.00212840452585413
mpasivos_margen_avg3	0.000942029567771999	0.00077324713867563	0.00140972247816312
Master_fechaalta_lag3_lag5_avg6	0.000940682097399057	0.00151712012253443	0.0023495374636052
mrentabilidad_annual_delta1	0.000937746605605305	0.00230661115467692	0.00211919065344783
internet_avg6_avg6_avg3	0.000937588626384378	0.0013905890850458	0.00204547967419747
ctrx_quarter_min6_delta5_avg6	0.000931633708276135	0.000923378594696741	0.00149264732981978
mprestamos_personales_delta5	0.000931389453121949	0.00143281658777837	0.00100431209228615
cliente_edad	0.000929351521654252	0.00229750760480399	0.00216526001547931
mrentabilidad_annual_delta1_avg3	0.000928945271944479	0.00137169801851179	0.00249695942210592
chomebanking_transacciones_max6_avg6_avg3	0.000928463345249865	0.0012219874311227	0.00206390741901006
mdescubierto_preacordado_delta3_avg6	0.000928191164314241	0.000787606904515316	0.000322485534220322
mcuentas_saldo_delta3_avg3	0.000926656264178171	0.00046467809461236	0.00133601149891276
mactivos_margen_delta5	0.000919965088288474	0.000628212912400902	0.00193491320532193
Visa_mpagominimo_delta1_avg6	0.000915785436950168	0.00228678733582677	0.00203626580179118
mvr_mpagominimo_min6	0.000913852265539994	0.00176943650406101	0.00173220801238344
mpayroll_avg6	0.000909371767519206	0.0013769767810124	0.000792393026941363
Visa_fultimo_cierre_avg6_delta3_avg6	0.000906661365000932	0.00101168032619583	0.0019901964397597
Master_fultimo_cierre_avg6_tend6_avg3	0.000902497464248395	0.000385269976020208	0.00154793056425755
Visa_mconsumospesos_avg6_avg6_avg3	0.000898550346941384	0.00140161157704672	0.00229425422916743
mcuenta_corriente_min6_lag3_lag5_avg6	0.000895448316603917	0.00100268016986419	0.00161242767110161
mttarjeta_visa_debitos_automaticos_delta1_avg6	0.000895141087974405	0.00166719836210431	0.00152950281944496
cliente_edad_min6	0.000893160324982523	0.00248585698302548	0.00223897099472967
Visa_mconsumospesos_avg6	0.000880800866309895	0.00151626313320338	0.00223897099472967
mactivos_margen_max6_lag3_avg3	0.00087448543839401	0.00128698754092404	0.00207312129141636
mttarjeta_visa_debitos_automaticos_delta1_avg6_avg3	0.000874274201972169	0.00155811579981056	0.00179670511922751
Master_fultimo_cierre_avg6_lag3_avg6_avg3	0.000872032727576594	0.0014399832356618	0.0023495374636052
Visa_mpagominimo_max6_delta5_avg6_avg3	0.000861360142885283	0.000593171896291106	0.00140972247816312
Master_mfinanciacion_limite_lag5_avg6_avg3	0.000858152336345381	0.0018306255312459	0.00206390741901006
mrentabilidad_annual_lag1_avg3	0.000851547140918998	0.000975488552681483	0.00196255482254082
ctarjeta_visa_transacciones_delta3	0.000836666219036981	0.00306497990197302	0.00130836988169388
ctrx_quarter_min6_delta5_avg6_avg3	0.000836573428432951	0.000699161659907328	0.00193491320532193
ctrx_quarter_min6_delta3_avg3	0.000830744837514614	0.000551459482387188	0.00165849703313309
mprestamos_personales_delta1_avg6	0.000826741368111848	0.0015342836714338	0.000985884347473556
ccajas_transacciones_avg6_lag3_avg6	0.00082204920146801	0.00285429425842624	0.00195334095013452
mvr_mpagominimo_min6_avg6_avg3	0.000817633660307004	0.00135379380492297	0.00192569933291564
mactivos_margen_lag1_avg3	0.000812085256948471	0.0027377679137704	0.00138208086094424
Visa_mconsumospesos_avg6_tend6_avg3	0.000807026623075743	0.00220075457034158	0.00210076290863524
mcuenta_corriente_lag1_delta5	0.000806603012502964	0.00165970517630773	0.00128072826447499
mcaja_ahorro_max6_lag5_avg6_avg3	0.000803714742647831	0.00117452493269054	0.00210076290863524
mvr_mpagominimo_avg6	0.000802125524879404	0.00183975483279721	0.00155714443666384
mcomisiones_mantenimiento_avg6_delta3	0.000798968010856124	0.000851951507001407	0.00112409243356798
mcaja_ahorro_max6_lag5	0.000797550237723051	0.00130085586969118	0.00201783805697859
Visa_fultimo_cierre_avg6_tend6_avg3	0.000797056967088213	0.000957112519715012	0.00189805771569675
mcomisiones_mantenimiento_avg6_avg6_avg3	0.000793595364839425	0.000948067380837878	0.00162164154350791
mcuentas_saldo_min6_lag3	0.000789041362998259	0.00105422082786902	0.00148343345741348
mrentabilidad_min6_delta3_tend6	0.000779946094002613	0.00182166101833175	0.00189805771569675
mcaja_ahorro_dolares_delta1_avg6	0.000768077520265774	0.00226434922427133	0.00168613865035197
mcuentas_saldo_min6_avg6	0.000767144058439577	0.00102614011464896	0.00138208086094424
chomebanking_transacciones_delta1_avg3	0.000765606989010721	0.00169831279987274	0.00188884384329046
mrentabilidad_max6_avg3	0.00075933407541611	0.000581346460327057	0.00136365311613165
Visa_cconsumos_tend6_avg6	0.00075790335750703	0.00076196138273525	0.00189805771569675
mv_status06_tend6	0.000754439691723319	0.00255793825176937	0.000718682047691004
Master_fultimo_cierre_avg6_avg6_avg3	0.000754249124205228	0.00056379658099092	0.00190727158810305
ccallcenter_transacciones_tend6	0.000753952711473791	0.00232920454995819	0.00143736409538201
Visa_cconsumos_max6_avg3	0.000753788942943826	0.00151000856998007	0.00197176869494711
Visa_mpagospesos_max6_avg3	0.00074874570074579	0.000923090297473366	0.00183356060885269
mrentabilidad_annual_delta3	0.00074868355098633	0.000806846502885214	0.00196255482254082
chomebanking_transacciones_delta1	0.00074427184808179	0.00279848799515549	0.00174142188478974
mcuentas_saldo_lag1_delta3	0.000743102351414886	0.000825133952288514	0.00158478605388273
cliente_edad_min6_lag5	0.000742695184457726	0.00123712129462484	0.0018151328640401
mactivos_margen_tend6_tend6	0.000742595740549785	0.0020357441150687	0.00202705192938488
cliente_edad_avg6_lag3	0.000741875972844052	0.00133951013363505	0.00185198835366528
mcomisiones_mantenimiento_avg6_delta3_delta5	0.000737134880045295	0.000685126939930761	0.00117937566800575
mcuentas_saldo_min6_lag3_avg3	0.000735090864817477	0.000505967318917542	0.00140972247816312
mactivos_margen_max6_lag3_lag5_avg6	0.000734637589741503	0.0012394930463078	0.00159399992628902
Master_fultimo_cierre_avg6	0.000733141511027869	0.000908005505839032	0.00203626580179118
Visa_mfinanciacion_limite_lag3_lag5	0.000729402874053395	0.00140064052877969	0.00182434673644639
mactivos_margen_max6_lag3_avg6_avg3	0.000728782541289617	0.00080002059502083	0.00129915600928758
mcaja_ahorro_avg6_avg3	0.00072828349268907	0.00145386604284039	0.00158478605388273
mpasivos_margen_max6_tend6	0.00072708986461821	0.000832416759030196	0.00189805771569675
Visa_cconsumos_tend6_tend6	0.000726264456014898	0.000799918859312908	0.00193491320532193
mcuentas_saldo_delta1_tend6	0.000724085528123599	0.00155580461430679	0.00192569933291564
mcuentas_saldo_min6_lag5_avg6_avg3	0.000721287726207035	0.00076346846379254	0.00152950281944496
Visa_fultimo_cierre_avg6_delta5	0.000720618114082887	0.000870987468172123	0.00172299413997715
mcomisiones_mantenimiento_avg6_tend6	0.000716993846867395	0.00119037906953166	0.00173220801238344
Visa_mpagospesos_max6_delta3	0.00071652478792283	0.0010533358764151	0.00136365311613165
mv_cconsumos_delta3	0.000714979418165876	0.00141173270504334	0.000847676261379132
mrentabilidad_annual_delta1_tend6_avg3	0.000713972189788785	0.000759974358916793	0.00192569933291564
Visa_cconsumos_tend6_avg3	0.000712882355350994	0.000772251554474687	0.00168613865035197
mv_status04_delta3	0.000712432911739074	0.00369627301351782	0.000663398813253234
mvr_msaldopesos2_tend6_delta3_avg6	0.000709571825594311	0.00133254552037855	0.00188884384329046
mv_status04	0.000709522963288069	0.000816366113673388	0.000663398813253234
mrentabilidad_max6_lag3_avg3	0.000709108178708193	0.00126408838590788	0.00158478605388273
cliente_edad_avg6_lag3_avg6	0.000706481951094137	0.00103148369843441	0.00162164154350791
ctrx_quarter_delta1_lag3_avg6_avg3	0.00070238854424022	0.00119766911547907	0.00158478605388273
mcuenta_debitos_automaticos_tend6	0.000702181774373003	0.00159633803237772	0.00102273983709874
mrentabilidad_max6_avg6	0.000698942919851324	0.000469689227545628	0.00113330630597428
cliente_edad_lag3	0.000698582805294166	0.00137576683895647	0.00179670511922751
ctarjeta_visa_transacciones_delta3_avg6	0.00069809476549621	0.001383520580898	0.00149264732981978
Visa_cconsumos_tend6	0.000698032022079896	0.000743624143069681	0.00170456639516456
mcuenta_corriente_min6_lag3_lag5_avg6_avg3	0.000697353257519499	0.00111916142145231	0.00150186120222607
mvr_msaldopesos2_avg6_lag3_lag5_avg6_avg3	0.000695434441058094	0.00137232860306535	0.00177827737441492
mcomisiones_otras_min6_delta3_avg6_avg3	0.000694737188773455	0.00128651268218521	0.00171378026757085
mactivos_margen_lag1_tend6	0.000694167158782842	0.00125432601305294	0.0016400692883205
ctrx_quarter_min6_delta3_lag5_avg6	0.000694057255238863	0.000463805632169837	0.00121623115763093
cliente_antiguedad_lag3_lag5	0.000692950469384694	0.00132921548574551	0.00173220801238344
mtarjeta_visa_consumo_delta3	0.000692130746981598	0.00096668064975987	0.00139129473335053
mcuenta_corriente_delta3	0.000690818443441459	0.0010064402464739	0.0016308554159142
cproductos_delta1_tend6	0.000688513983140444	0.00245942078524924	0.00107802307153651
mvr_msaldopesos2_avg6_lag3_avg6_avg3	0.000686461313631911	0.000916578880599633	0.00188884384329046
Visa_mpagospesos_max6_tend6_avg3	0.000686360593022113	0.000526261354573087	0.00165849703313309
tcallcenter_tend6	0.000685543397056854	0.00168796620653754	0.000930601113035787
ctransferencias_emitidas_max6	0.000685266918969374	0.00582416774130295	0.00149264732981978
mactivos_margen_delta1_avg3	0.000684969550205875	0.000853241190842527	0.0018151328640401
ctarjeta_visa_debitos_automaticos_tend6_avg6_avg3	0.00068453112273235	0.0014169542170315	0.00125308664725611
mcuentas_saldo_min6_delta5_avg3	0.000682861864397434	0.000735573704215693	0.00171378026757085
mv_fultimo_cierre_avg6_avg3	0.000682671981282829	0.00178852733951634	0.0018059189916338
ccaja_seguridad	0.000682124910733317	0.00606774507525396	0.000331699406626617
chomebanking_transacciones_delta1_tend6_avg3	0.000678922206585775	0.00119879699478309	0.00182434673644639
mvr_msaldopesos2_tend6	0.000678893829108904	0.00236473899254058	0.00162164154350791
mv_fechaalta_delta3_avg6_avg3	0.000678254488390009	0.000780478442060558	0.00154793056425755
mv_cconsumos_delta5_avg6_avg3	0.000675883165549956	0.00129992538308064	0.00157557218147643
ccomisiones_otras_tend6_avg6	0.000675601598179472	0.00056642297587981	0.00189805771569675
mactivos_margen_max6_delta3_avg6	0.00067545431334036	0.000852004502408195	0.00170456639516456
mvr_msaldopesos2_tend6_avg3	0.000670694959480165	0.00204740852015122	0.00166771090553938
mrentabilidad_annual_delta1_lag5	0.000669938141745257	0.000598340965483605	0.00191648546050934
mcomisiones_mantenimiento_max6	0.000668957595866416	0.00162235595879423	0.00164928316072679
mv_fultimo_cierre_avg3	0.000668494339679866	0.000840442993516954	0.00176906350200862
mcomisiones_mantenimiento_tend6_avg6	0.000665961420047902	0.000869774928843909	0.00159399992628902
mrentabilidad_max6_lag3	0.000665431046267223	0.000692603215826945	0.00157557218147643
mrentabilidad_max6_lag3_lag5	0.000665429628758655	0.000909797844758515	0.00170456639516456
Visa_mpagominimo_delta1_avg6_avg3	0.000664909308291898	0.001239320079026	0.00156635830907014
cliente_edad_min6_lag5_avg6_avg3	0.000664556064124154	0.000975944180553196	0.00165849703313309
mpasivos_margen_max6	0.000662291980436345	0.00103179979199732	0.00138208086094424
Master_Fvencimiento_lag1_lag5	0.000660659823345393	0.00101182582870477	0.00182434673644639
cliente_edad_min6_avg6_avg3	0.000659143427710825	0.000902775096811773	0.00169535252275826
mactivos_margen_min6_tend6	0.000658487194261995	0.0012266171518582	0.00160321379869532
ccomisiones_otras_tend6_avg3	0.000657214076625148	0.00149780514800723	0.00169535252275826
mcaja_ahorro_min6_delta3_avg6	0.000656994597067322	0.00110987368629176	0.00131758375410017
ctarjeta_visa_transacciones_delta5	0.000656945448664665	0.0007518057718045	0.00121623115763093
mcomisiones_otras_min6_avg6	0.000656775937761232	0.000560950910008039	0.00156635830907014
Visa_mpagominimo_max6_lag5_tend6	0.00065634572408047	0.00137975249142699	0.00177827737441492
ctarjeta_visa_transacciones_tend6_avg3	0.000654423466175339	0.000558679291460737	0.00137286698853794
Visa_fultimo_cierre_avg6_delta5_avg6	0.000652654772219225	0.000584163892881503	0.00146500571260089
mrentabilidad_annual_delta3_lag5_avg3	0.000649234352163767	0.000806210502742638	0.00162164154350791
mactivos_margen_max6_delta3	0.0006487049306114	0.00105107193916242	0.00132679762650647
Visa_mpagominimo_max6_delta5	0.000647579015965094	0.00117829379581712	0.00140050860575683
cliente_edad_min6_lag5_avg6	0.000644591237606177	0.00109664594433952	0.00162164154350791
mrentabilidad_lag1	0.000644307497003308	0.00080855407125828	0.00168613865035197
mcuentas_saldo_lag1_lag3	0.000643810182233981	0.0014125696898517	0.00173220801238344
mcomisiones_otras_min6_lag5_avg6_avg3	0.000641028601685298	0.00132404940065308	0.00155714443666384
ccomisiones_mantenimiento_tend6	0.000637458900296917	0.00127937206228573	0.000718682047691004
mcomisiones_otras_min6_lag3_lag5_avg6	0.000636965873305916	0.00160255446543347	0.00156635830907014
Visa_fechaalta_tend6	0.0006349280791808	0.000662080237744499	0.00110566468875539
mcuentas_saldo_min6_delta5_avg6_avg3	0.000632947375962148	0.000602341870021144	0.00143736409538201
mcuentas_saldo_min6_lag3_lag5_tend6	0.000632932041411645	0.0010181686991857	0.00170456639516456
Visa_fultimo_cierre_avg6_delta5_avg6_avg3	0.000632278515078825	0.000772739510097152	0.00123465890244352
mcomisiones_otras_min6_lag5	0.000631872418334181	0.000943054590071238	0.00157557218147643
mttarjeta_visa_debitos_automaticos_delta1_tend6	0.000627694627437664	0.00226403429119178	0.00107802307153651
cproductos_delta1	0.000625693255315261	0.0044620079013131	0.00056204621678399
mv_fechaalta_tend6	0.000620379170218944	0.000378463685850725	0.000958242730254671
mcomisiones_mantenimiento_delta5	0.000614997724631826	0.000969449120968733	0.00107802307153651
Visa_cconsumos_tend6_lag3_tend6_avg3	0.00061492059148959	0.000857657714206404	0.00171378026757085
mv_cconsumos_tend6	0.000613893008221979	0.000760683082683284	0.00112409243356798
cliente_edad_min6_lag5_avg3	0.000612440301439624	0.00132223131005522	0.00148343345741348
mcuenta_corriente_min6_delta5	0.000611537735784784	0.00108998626190123	0.00140050860575683
mrentabilidad_annual_delta1_delta5_avg3	0.000610981290687133	0.000597863012122483	0.00165849703313309
mrentabilidad_annual_tend6_delta3_avg6	0.000610828254916114	0.000946699834089391	0.00170456639516456
cproductos_avg6_lag3_avg6_avg3	0.000605251257334827	0.00162993789393731	0.00152950281944496
chomebanking_transacciones_tend6	0.000604259674668656	0.00124621445540865	0.00150186120222607
mcomisiones_mantenimiento_delta3	0.000601490673532111	0.00165491182741842	0.00103195370950503
canarito87	0.000600918519893724	0.000432137588577413	0.00185198835366528
Visa_fultimo_cierre_avg6_delta3_delta5_tend6_avg3	0.000598987126737148	0.000549208863062597	0.00128072826447499
ctrx_quarter_delta1_lag3	0.000597702060907059	0.00101109931086009	0.00147421958500719
Visa_cconsumos_max6_lag3_lag5_avg3	0.00059757021501783	0.00267838946167209	0.00152028894703866
mcomisiones_otras_min6_lag3_lag5_tend6_avg3	0.000597430048423265	0.00140980674475408	0.00160321379869532
Visa_mpagospesos_max6_delta3_avg3	0.000597200866990942	0.00072287486637021	0.00130836988169388
mrentabilidad_annual_lag1_lag3_lag5	0.000593900690161496	0.000671185887539707	0.00160321379869532
mcuenta_corriente_delta3_tend6	0.000593145971621677	0.000520277183972733	0.00132679762650647
mcuenta_corriente_delta5	0.00059233305562347	0.000823771157995692	0.0012715143920687
ctrx_quarter_min6_delta5_tend6_avg3	0.000592196296646418	0.00126688310614513	0.00155714443666384
mcaja_ahorro_min6_delta3_tend6_avg3	0.000591757651679845	0.000471570978944969	0.00153871669185125
chomebanking_transacciones_tend6_lag3_delta5_avg6_avg3	0.000591547115351962	0.000634269972408507	0.00168613865035197
Master_fultimo_cierre_avg6_lag3_lag5_avg6_avg3	0.000589580370473113	0.0011577185916217	0.0016400692883205
canarito119	0.000589574146042128	0.000726932081981282	0.0018059189916338
mpasivos_margen_lag3	0.000589140296450869	0.00083121985859679	0.00156635830907014
Visa_mpagospesos_max6_lag3_lag5_tend6_avg3	0.000588374123526199	0.0014546296961526	0.00161242767110161
mtransferencias_recibidas_tend6	0.000588364448957199	0.0013887471769085	0.000663398813253234
mpasivos_margen_max6_lag3_tend6_avg3	0.000587581765647494	0.000789958596414481	0.00154793056425755
mvr_msaldopesos2_avg6_avg3	0.000584741101706059	0.00134016155162799	0.00149264732981978
Visa_fultimo_cierre_avg6_delta5_avg3	0.000584288760043414	0.000330407130460299	0.00103195370950503
Visa_fultimo_cierre_tend6_delta3_lag5_tend6_avg3	0.00058336579480398	0.000763659722502545	0.00149264732981978
mcuentas_saldo_min6_delta5	0.00058244118933277	0.00112517167529772	0.00130836988169388
mpasivos_margen_delta5_avg3	0.000580344056284343	0.00112000658490531	0.00147421958500719
mrentabilidad_lag1_delta3_avg6_avg3	0.000579865221495908	0.000748778125978495	0.00151107507463237
mactivos_margen_lag5	0.000576268418721196	0.000487554979400226	0.00149264732981978
Master_Fvencimiento_lag1_lag5_avg6_avg3	0.000575845449963476	0.00124224234191066	0.00162164154350791
ccomisiones_otras_tend6_lag3_lag5_tend6_avg3	0.000575541145060008	0.00106974035867458	0.00153871669185125
canarito3	0.000574576091926958	0.00101407070087368	0.00176906350200862
mpasivos_margen_max6_lag3_delta5_avg6_avg3	0.000572071152891201	0.0034839004139929	0.00135443924372535
mplazo_fijo_dolares	0.00057006550895264	0.00722471388410266	0.000442265875502156
mv_cconsumos_delta3_avg6	0.000569919314771206	0.00163139584786568	0.00131758375410017
cproductos_avg6_delta3_avg6	0.000567364188908766	0.000630785096138531	0.00111487856116168
canarito72	0.000566912291945368	0.000728216460755612	0.00179670511922751
canarito81	0.000565418109129916	0.000457446901749656	0.00172299413997715
canarito41	0.000563904967943959	0.000429671229870025	0.00166771090553938
Visa_mpagospesos_max6_delta3_avg6	0.000562764285030582	0.000718964590057001	0.00118858954041204
internet_avg6_tend6	0.000560439941640019	0.000981922161908962	0.000884531751004312
chomebanking_transacciones_tend6_lag3_lag5_tend6_avg3	0.000560398792797434	0.000849457628260045	0.00129915600928758
mtarjeta_visa_consumo_delta5	0.000557795410715721	0.000568497367516967	0.00112409243356798
Visa_mpagospesos_max6_lag5_avg6_avg3	0.000555863034357432	0.000516966877556819	0.00107802307153651
mactivos_margen_max6_lag3_lag5_avg6_avg3	0.000555679969602362	0.00126380644371243	0.00130836988169388
ctarjeta_visa_transacciones_tend6_lag5_avg3	0.000555051938861629	0.000822950862043272	0.0012623005196624
Visa_mconsumospesos_avg6_lag5_tend6_avg3	0.000554463014349188	0.000779691413297801	0.00148343345741348
mrentabilidad_min6_delta5	0.000553501659073437	0.000776297883646616	0.0014557918401946
Visa_mpagospesos_tend6_lag3_lag5_avg6	0.000552827348365853	0.000975246509009185	0.00138208086094424
Visa_mpagospesos_max6_lag3_lag5_avg6_avg3	0.000551719021381207	0.000997401407363585	0.00131758375410017
mrentabilidad_lag1_lag3	0.000551404683269359	0.000449145356400936	0.00138208086094424
mcomisiones_mantenimiento_avg3	0.000551178299156283	0.00262235380952378	0.00120701728522463
Visa_mpagospesos_max6_lag5_tend6_avg3	0.000549597621759814	0.000750373016943384	0.00138208086094424
mcuenta_corriente_delta3_tend6_avg3	0.000549529349455557	0.00102607374605297	0.00149264732981978
ctarjeta_visa_transacciones_delta5_avg6	0.000548467711816464	0.00174995850925223	0.00123465890244352
mprestamos_personales_min6_delta3_tend6	0.000547747497373759	0.00110086192512651	0.000949028857848377
Visa_fultimo_cierre_avg6_delta3_delta5_avg6_avg3	0.000547733073821623	0.000593150676023945	0.00134522537131906
mcomisiones_otras_min6_delta3_avg6	0.000546222411390766	0.000876278553900794	0.00142815022297571
mcomisiones_mantenimiento_max6_avg6_avg3	0.000545381880703615	0.0014100979155553	0.00131758375410017
mcomisiones_mantenimiento_avg6	0.000544023525421686	0.00064112511340135	0.00112409243356798
mrentabilidad_annual_delta3_lag5	0.000543748394677154	0.000751059249437129	0.00149264732981978
canarito115	0.000541813201573317	0.000492609713351175	0.00166771090553938
mcuenta_corriente_min6_lag3_delta5_avg3	0.000540037486707927	0.00106692264981457	0.0012715143920687
Visa_mpagominimo_delta1_delta3	0.000539561361005301	0.00093858109250048	0.00111487856116168
mrentabilidad_annual_min6_delta5_avg6	0.000539246091857469	0.000729333950970503	0.00142815022297571
canarito27	0.000538776374728131	0.000514724768443537	0.00167692477794568
mrentabilidad_annual_delta3_tend6_avg3	0.000538749822168732	0.000718073836186275	0.00149264732981978
mvr_msaldopesos2_avg6_delta5_avg6_avg3	0.0005385197524247	0.000855707383766578	0.00136365311613165
ctarjeta_visa_transacciones_delta5_avg6_avg3	0.00053814058012404	0.00166287091965361	0.00106880919913021
mcuenta_corriente_delta1_tend6	0.000538125623231673	0.00142697211727016	0.00128994213688129
mttarjeta_visa_debitos_automaticos_tend6_delta3_delta5_tend6_avg3	0.000537538332769912	0.00148437332676691	0.00135443924372535
canarito30	0.000537534090568673	0.000431768444346602	0.00164928316072679
mvr_msaldopesos2_tend6_delta3_tend6_avg3	0.000537399203240891	0.00121539301205814	0.00147421958500719
mpasivos_margen_lag3_lag5	0.000537378403990744	0.000724403278216885	0.00135443924372535
chomebanking_transacciones_tend6_lag3_lag5_avg6_avg3	0.000535007212108403	0.000592036667259135	0.00120701728522463
canarito108	0.00053290919244637	0.000393899164504329	0.00159399992628902
Visa_mpagominimo_max6_delta5_tend6_avg3	0.000532411360027285	0.000813354327786642	0.0014557918401946
ctrx_quarter_max6_lag3_delta5_avg6_avg3	0.000532392446758398	0.000537203386394358	0.00130836988169388
mcuenta_corriente_delta5_avg3	0.000530704705386003	0.00065940935766013	0.00112409243356798
ccallcenter_transacciones_tend6_delta3_avg6_avg3	0.00053001522171941	0.00086942429708575	0.00135443924372535
chomebanking_transacciones_tend6_avg6	0.000529477041215251	0.000430814029674394	0.00134522537131906
canarito77	0.000528520561669054	0.000374710848446735	0.00159399992628902
Visa_mpagospesos_max6_delta5_avg6	0.000526832802636387	0.000664043388762401	0.00139129473335053
mv_fultimo_cierre_tend6	0.000526204034647199	0.000628387979604976	0.0014465779677883
Visa_mpagospesos_tend6_lag5_avg6_avg3	0.000526047902758705	0.000855415826137572	0.00147421958500719
canarito101	0.00052237886050328	0.000374361653477499	0.00156635830907014
canarito11	0.00052141442581939	0.000738504919400564	0.00158478605388273
canarito85	0.000521229567120249	0.000508706778042396	0.00154793056425755
Master_fechaalta_lag3_lag5_avg6_avg3	0.00052115317224533	0.000724378244932969	0.00135443924372535
mcuentas_saldo_lag1_delta3_avg6	0.000521142113518508	0.000556261452010033	0.00140972247816312
canarito23	0.000520761459249285	0.00041406974683478	0.00152028894703866
mcuenta_corriente_min6_delta3_avg6_avg3	0.000520724578622879	0.000997863058696549	0.00119780341281834
canarito76	0.000519224799742525	0.000446446845760368	0.00157557218147643
mactivos_margen_min6_lag3_delta5_avg3	0.000519173265776667	0.000851714326306999	0.00128072826447499
ccomisiones_otras_tend6_lag3_lag5_avg6	0.000517795705831354	0.000535986094610478	0.00134522537131906
chomebanking_transacciones_avg6_lag3_lag5	0.000516666039735614	0.001715161139387	0.00136365311613165
tcallcenter_tend6_delta5_avg6	0.000516661390804714	0.00082090470883455	0.00130836988169388
thomebanking_tend6_avg6_avg3	0.000515482881217714	0.000906563246066584	0.00134522537131906
cliente_edad_avg6_lag3_tend6	0.000515432671840222	0.00035086822045862	0.00140972247816312
mcuenta_corriente_min6_lag3_delta5_avg6_avg3	0.000515204480605795	0.00164579064925063	0.00137286698853794
mvr_mpagominimo_avg6_lag5_avg6_avg3	0.000513983545542278	0.00059770131810761	0.00123465890244352
canarito71	0.000513242146923408	0.000349959451465252	0.00153871669185125
internet_avg6_delta5_tend6_avg3	0.00051232412017542	0.000739228784711852	0.0010872369439428
canarito49	0.000512314897709398	0.00058311829737384	0.00155714443666384
canarito107	0.000511885713418754	0.000552290996345425	0.00154793056425755
mcaja_ahorro_delta5_tend6	0.000511375287323465	0.000687650107061694	0.00142815022297571
canarito29	0.00051084116535371	0.000419531810445207	0.00154793056425755
canarito55	0.000510086601680897	0.000448291682736628	0.00150186120222607
Visa_cconsumos_tend6_tend6_avg3	0.00050856757765438	0.000595428262771386	0.00139129473335053
mrentabilidad_lag1_delta3	0.000505773074269184	0.000491133412733491	0.00137286698853794
ctrx_quarter_min6_delta3_lag5_avg6_avg3	0.000505488777028108	0.000368992594319236	0.0010964508163491
Master_fultimo_cierre_avg6_lag3_tend6	0.000505262175965377	0.000528144598022463	0.00124387277484981
canarito74	0.000504605478594772	0.00047660360845096	0.00156635830907014
canarito17	0.000503608602397752	0.00109871878866553	0.00157557218147643
ctransferencias_recibidas_avg6_lag3_lag5_avg6_avg3	0.00050341903628504	0.000966678052487587	0.000838462388972838
mtransferencias_emitidas_max6_lag5_avg6_avg3	0.00050337778528457	0.000717790291418566	0.000783179154535068
mpasivos_margen_lag5	0.000501044374702536	0.000401475352491727	0.00116094792319316
canarito102	0.000500419671157151	0.000922934682180856	0.00153871669185125
canarito116	0.00050008239445691	0.000698417624290016	0.00155714443666384
mprestamos_personales_tend6_avg6_avg3	0.000498808234592286	0.000696101852113909	0.000847676261379132
canarito95	0.000498579970067728	0.000822757834977669	0.00157557218147643
mrentabilidad_annual_delta1_lag5_avg3	0.000498019562412462	0.000623922218589953	0.00129915600928758
mtransferencias_recibidas_max6_delta5_avg6_avg3	0.000497432507647415	0.00164388955646195	0.0010964508163491
chomebanking_transacciones_delta1_avg6	0.000496629819460207	0.000999476738439652	0.00125308664725611
mactivos_margen_min6_lag3_lag5_tend6	0.000495771261234761	0.000578604348668808	0.00135443924372535
ccomisiones_otras_tend6_tend6	0.000495093310269536	0.000437825835920881	0.00148343345741348
canarito24	0.000494544733434624	0.000461170948114087	0.00154793056425755
canarito104	0.000492553257313869	0.000437613301682603	0.00148343345741348
canarito92	0.000491216427594758	0.00058301015137688	0.00154793056425755
ccomisiones_otras_tend6_lag3_lag5_avg3	0.000490684948960259	0.000892239234166619	0.00133601149891276
Visa_cconsumos_tend6_lag3_avg6_avg3	0.000490526440338701	0.000744585520642051	0.00137286698853794
mcaja_ahorro_delta1_tend6_avg3	0.000489906870362849	0.000789892062035155	0.00146500571260089
mvr_msaldopesos2_tend6_delta3	0.000489763571515175	0.000635044014809852	0.00140972247816312
canarito103	0.000488809981868809	0.00048150759008729	0.00147421958500719
ctrx_quarter_tend6_lag3_lag5_avg6	0.000488577396962345	0.000905820813021531	0.00133601149891276
ccomisiones_mantenimiento_delta1_avg6_avg3	0.00048855397624851	0.00128957608195094	0.000497549109939926
canarito44	0.000487523247618433	0.000659416486343629	0.00142815022297571
mcuentas_saldo_delta5_avg3	0.000485774890824642	0.000506784851814343	0.00101352596469244
mcomisiones_mantenimiento_avg6_delta5_avg6_avg3	0.00048563356951995	0.000847450213091113	0.00122544503003722
mcaja_ahorro_min6_delta3_avg3	0.000485458190923038	0.00107529620039275	0.00120701728522463
canarito65	0.000483237610056296	0.000548615192932116	0.00149264732981978
mactivos_margen_delta1_lag5	0.000482407613993417	0.000319515552034646	0.00123465890244352
mtarjeta_master_consumo_tend6	0.00048186064247728	0.00211266647830301	0.000866104006191722
ccajas_transacciones_avg6_delta3_tend6	0.000480285323954667	0.00083779460470533	0.00137286698853794
canarito18	0.000478694227065317	0.00037696572287698	0.00146500571260089
canarito114	0.000478069680085041	0.000465279280254126	0.00150186120222607
mpasivos_margen_lag5_tend6_avg3	0.000477252929837891	0.000704387150695584	0.00121623115763093
mrentabilidad_lag1_delta3_avg3	0.000477130635439147	0.00113668974895461	0.00132679762650647
mdescubierto_preacordado_delta1_avg6	0.000476180792079981	0.000398038553389536	0.000193491320532193
ccomisiones_mantenimiento_delta1	0.000476084762242345	0.00265037390130354	0.000423838130689566
ctrx_quarter_min6_delta3_delta5_tend6_avg3	0.00047592970307956	0.000545184804118963	0.00123465890244352
canarito37	0.000475741378348159	0.000774944815309577	0.00148343345741348
mrentabilidad_lag1_avg3	0.000475513930407434	0.000630444135075041	0.00117016179559945
canarito39	0.000474186468172353	0.000499480990588837	0.0014465779677883
mrentabilidad_max6_tend6	0.000474101622109853	0.000798414209744563	0.0012715143920687
mrentabilidad_annual_tend6_delta3_delta5_avg6_avg3	0.000474031459613041	0.00116939791720457	0.00137286698853794
Visa_cconsumos_max6_lag5_tend6_avg3	0.000473919848456555	0.00195465611392079	0.00139129473335053
canarito111	0.000473852987819392	0.000451357679774636	0.00150186120222607
canarito88	0.000473597207639265	0.000288691677195198	0.0014557918401946
ccallcenter_transacciones_tend6_delta3	0.000473308452673701	0.000526421114449027	0.00102273983709874
mvr_mpagominimo_avg6_delta5_avg6_avg3	0.000472947362726106	0.00051806684999908	0.00117016179559945
chomebanking_transacciones_max6_lag3_lag5_tend6_avg3	0.000472610838557247	0.000565599751088432	0.00121623115763093
mcomisiones_otras_min6_avg3	0.000472206042084132	0.00134416759544898	0.0012623005196624
ccomisiones_mantenimiento_tend6_avg3	0.000472001593727666	0.000817826941179602	0.00056204621678399
Visa_mpagospesos_max6_delta3_tend6_avg3	0.000471874865785422	0.000547083907507597	0.00130836988169388
Visa_mpagospesos_tend6_lag3_lag5_tend6	0.000471244651487836	0.00116395817908355	0.0012623005196624
Visa_fultimo_cierre_tend6_delta3_avg3	0.000470894688938353	0.000779232248714895	0.00120701728522463
mprestamos_personales_min6_delta3	0.000469969716608943	0.000595230151683443	0.000608115578815465
ctrx_quarter_delta1_delta5_tend6_avg3	0.000469561305417658	0.00149178549977271	0.00128994213688129
mcaja_ahorro_max6_tend6_avg3	0.000469249737183712	0.000450556448905993	0.00113330630597428
Visa_mconsumospesos_avg6_lag5_tend6	0.000469193789779895	0.000588240284098577	0.00124387277484981
ctrx_quarter_delta3_tend6	0.000469132696716051	0.000460635965284972	0.0012623005196624
canarito61	0.000468802137168397	0.000717218836255269	0.0014465779677883
canarito78	0.000468103685615404	0.000541691970248801	0.0014557918401946
canarito123	0.000468068912063284	0.000402108368534234	0.0014465779677883
ccajas_transacciones_tend6_avg6_avg3	0.000467780506295649	0.000503377506885059	0.00129915600928758
mcuenta_corriente_min6_delta3_avg6	0.00046757072317839	0.00113880834948169	0.00121623115763093
canarito58	0.000467114151065379	0.000394214705456116	0.00139129473335053
Visa_mpagospesos_max6_delta5_avg3	0.000466762051283298	0.000884247316830659	0.0012715143920687
canarito10	0.000466426801982345	0.000466579076878815	0.00135443924372535
ctrx_quarter_delta1_delta5_avg3	0.000464517422695122	0.00047481756929829	0.00121623115763093
ctarjeta_visa_transacciones_tend6_lag5_tend6_avg3	0.000464400981250321	0.00054178392473983	0.0012715143920687
canarito118	0.000463994333505174	0.00077993876203689	0.0014557918401946
canarito8	0.000463934899352239	0.000943799012516338	0.00136365311613165
Visa_cconsumos_tend6_lag3_lag5_avg6_avg3	0.000463730923883532	0.000867808241114813	0.00124387277484981
canarito64	0.000463232099432598	0.000370623405007182	0.00136365311613165
canarito56	0.00046123087918854	0.000380220381352711	0.00139129473335053
mcuenta_corriente_min6_lag3_delta5_tend6_avg3	0.000459558581928262	0.000468085771108318	0.0012715143920687
mcomisiones_otras_min6_lag3_lag5_avg6_avg3	0.000459056128563015	0.000585461865889483	0.00117016179559945
Visa_cconsumos_max6_lag3_lag5	0.000458658362848175	0.00141308107618582	0.00123465890244352
ccajas_transacciones_tend6_avg6	0.000458187687581127	0.000624548934865647	0.00128994213688129
Visa_mpagospesos_tend6_lag5_avg3	0.000456351282034409	0.000732538045528391	0.0012715143920687
mcuentas_saldo_lag1_lag3_avg3	0.000456246140379151	0.000674830468424511	0.00124387277484981
cpagomiscuentas_tend6	0.000456135900067359	0.00329248559134452	0.000976670475067261
canarito91	0.000455979735303589	0.000329403478136945	0.00133601149891276
canarito2	0.00045585290255442	0.00035299826003596	0.00134522537131906
canarito9	0.000455185407829026	0.000303585928513987	0.00132679762650647
ctrx_quarter_tend6_lag3_lag5	0.00045513492111733	0.000444009167570314	0.00117016179559945
ctarjeta_visa_transacciones_tend6_lag5_avg6	0.00045500087720341	0.000716892740431015	0.00125308664725611
ctrx_quarter_delta1_lag3_tend6	0.00045499837555788	0.000645951950524774	0.00130836988169388
canarito93	0.000454607938584451	0.000368273481463614	0.00139129473335053
ccallcenter_transacciones_tend6_delta3_avg6	0.000452876279442507	0.00139780723628598	0.00117937566800575
canarito66	0.000452574233627519	0.000506883658683308	0.0014557918401946
ctransferencias_emitidas_max6_avg6_avg3	0.000452296863424579	0.000596204902445013	0.000967456602660966
ccajas_transacciones_tend6_tend6	0.000452203724233939	0.000523317926682376	0.00121623115763093
chomebanking_transacciones_avg6_delta5_avg3	0.000452089086378434	0.000934351738524292	0.00119780341281834
chomebanking_transacciones_delta1_avg6_avg3	0.000451992299662271	0.000652630642785733	0.00128072826447499
ctrx_quarter_max6_lag3_lag5_avg6_avg3	0.000451604831788202	0.000748026961677683	0.00110566468875539
mcuentas_saldo_avg6_delta3_delta5_avg3	0.000449945875097808	0.00121384564564992	0.00122544503003722
ctransferencias_recibidas_avg6_lag3_lag5_avg6	0.000449632818238734	0.000525531576322773	0.000773965282128773
canarito22	0.000449244887665524	0.00039060466276656	0.00136365311613165
canarito31	0.000448751797980556	0.000411952196268841	0.0014465779677883
canarito50	0.000448477624219023	0.000412725520275724	0.00134522537131906
mvr_msaldopesos2_avg6_lag3_lag5_tend6_avg3	0.000447801525544692	0.000588042449316196	0.00122544503003722
mrentabilidad_annual_delta1_delta5_tend6_avg3	0.000447245653794582	0.000790892730258439	0.00120701728522463
canarito47	0.000447190126773177	0.000603859063862002	0.00140050860575683
mcomisiones_mantenimiento_avg6_delta3_delta5_tend6_avg3	0.000447154384962653	0.000729130700599107	0.00114252017838057
ccajas_transacciones_avg6_lag3_tend6_avg3	0.000445933227311777	0.000796015766944311	0.00116094792319316
mactivos_margen_min6_delta5_tend6_avg3	0.000445049567522095	0.000529256562126115	0.00116094792319316
ccajas_transacciones_tend6_tend6_avg3	0.000444185721675199	0.000588677952108761	0.00128072826447499
canarito20	0.00044375109951494	0.000430775567940166	0.00134522537131906
mv_cconsumos_delta3_avg3	0.000443511453012649	0.000563875770164985	0.00107802307153651
chomebanking_transacciones_delta1_lag5_tend6_avg3	0.00044343925048266	0.000669679856443553	0.00117937566800575
canarito70	0.000443191150958837	0.000481402980801523	0.00135443924372535
mcomisiones_mantenimiento_delta3_delta5_tend6	0.000441311040313007	0.000531615714275453	0.00117016179559945
canarito57	0.000441021006811635	0.000305631363328248	0.00140972247816312
chomebanking_transacciones_max6_lag3_lag5_avg6_avg3	0.000440957919155854	0.000536086227746142	0.00114252017838057
canarito105	0.000440864333296167	0.000419764293945061	0.00131758375410017
canarito19	0.000439906462188417	0.000484632937560012	0.00134522537131906
mcuenta_corriente_min6_delta5_tend6_avg3	0.00043892840335142	0.000424153518319414	0.00116094792319316
Visa_fultimo_cierre_avg6_lag3_delta5_avg3	0.000438888136028132	0.000697201382467271	0.000893745623410607
mtransferencias_emitidas_max6_delta5	0.000438654419573666	0.00134906422735736	0.0010964508163491
canarito14	0.000438088097968592	0.000359394678534795	0.00132679762650647
canarito97	0.000437934674486666	0.000575845161326828	0.00140972247816312
mcuentas_saldo_min6_delta3_delta5_tend6	0.000437651356711476	0.000410148915649103	0.00112409243356798
mcomisiones_otras_min6_delta3_delta5_avg6	0.000436810263544643	0.000542448384355291	0.00117937566800575
mrentabilidad_annual_max6_lag3_lag5_tend6	0.000435707126642403	0.00095602083643961	0.00117937566800575
canarito51	0.000435636936228775	0.000436759683279407	0.00134522537131906
canarito12	0.0004346143834898	0.000464315250148361	0.00133601149891276
mcuenta_corriente_min6_lag3_delta5	0.000433909074996368	0.000977987460184074	0.00101352596469244
mcomisiones_otras_min6_delta3_delta5_tend6_avg3	0.000433273784593058	0.000498611843813058	0.00116094792319316
Visa_mpagospesos_max6_delta5	0.000432455346703094	0.000522839973321255	0.00113330630597428
canarito7	0.000432156660890807	0.00028764248971523	0.00133601149891276
ctransferencias_emitidas_avg6_lag3_lag5_avg6_avg3	0.00043084649281724	0.00105727991726798	0.00102273983709874
mplazo_fijo_dolares_delta5	0.000430079445709078	0.00354368055911722	0.000460693620314746
canarito68	0.00042911164647157	0.00037621367439837	0.00128072826447499
Visa_mpagospesos_tend6_lag3_lag5_tend6_avg3	0.00042821702352431	0.00183790165139298	0.00114252017838057
mactivos_margen_max6_lag3_lag5_tend6	0.000428204211947513	0.00063050818270431	0.00111487856116168
canarito84	0.00042743819674266	0.000385826676466495	0.00134522537131906
canarito35	0.000425237173948526	0.000334027838544547	0.00125308664725611
canarito99	0.000425082075118052	0.000303635497731808	0.00129915600928758
canarito63	0.000424575068459074	0.000293509175190628	0.00125308664725611
Visa_fultimo_cierre_tend6_delta3_lag5_tend6	0.000424221003156581	0.00081171555949851	0.00102273983709874
mcomisiones_mantenimiento_tend6_lag3_tend6_avg3	0.000422216996529059	0.000604922563970082	0.00115173405078686
canarito73	0.000421951194212183	0.00025409578934576	0.00130836988169388
mcomisiones_otras_min6_lag3_lag5_avg3	0.00042128808480416	0.000497563485249775	0.00105038145431762
mcomisiones_mantenimiento_avg6_delta3_lag5_avg6	0.000420806140245502	0.00189751441060786	0.00102273983709874
canarito40	0.000420767297630739	0.000584972141911421	0.00133601149891276
mactivos_margen_delta1_lag5_avg6	0.000420668839437703	0.000525239797649317	0.00112409243356798
canarito80	0.000420629161627897	0.000467660536848423	0.00131758375410017
canarito82	0.000420469988504622	0.000272091294292266	0.00128072826447499
canarito69	0.00042035207106858	0.000295968405214517	0.00130836988169388
mcuentas_saldo_min6_delta3_avg6	0.000418785984113822	0.000548716818117814	0.00107802307153651
ccomisiones_otras_tend6_delta3_delta5_avg6_avg3	0.000418038694571423	0.000707577264192036	0.00119780341281834
canarito109	0.00041793054652646	0.000361759467317598	0.00124387277484981
canarito15	0.000417037602120181	0.000310250529191285	0.00123465890244352
canarito117	0.00041698194821651	0.000342898352306506	0.00129915600928758
canarito59	0.000416536264204919	0.00100681220902145	0.00118858954041204
ctrx_quarter_delta1_lag3_delta5_avg6	0.000415857184001112	0.000696080742368973	0.00118858954041204
cliente_edad_avg6_tend6	0.000414709276949476	0.000564567086681071	0.00119780341281834
canarito100	0.000414318096954042	0.000371292893383871	0.00128072826447499
mcuentas_saldo_min6_lag3_lag5_tend6_avg3	0.000413974709595726	0.000667692058969522	0.0010964508163491
Visa_fultimo_cierre_avg6_lag3_lag5_avg6_avg3	0.000413150766659187	0.00111167287758918	0.0010964508163491
chomebanking_transacciones_tend6_lag3_lag5_avg6	0.000411815751668929	0.000392673251986915	0.00102273983709874
mrentabilidad_max6_lag5_tend6_avg3	0.000409357279391366	0.00117198170577581	0.00115173405078686
mcuenta_corriente_min6_lag3_tend6	0.000408731461211087	0.000743651055231418	0.00110566468875539
canarito122	0.000408267167755221	0.000445940488187475	0.00124387277484981
mactivos_margen_max6_lag3_lag5_tend6_avg3	0.000408051529374599	0.000846844606560355	0.00104116758191133
mactivos_margen_delta1_lag5_avg3	0.000407453239144156	0.000705378258746424	0.00110566468875539
ccajas_transacciones_avg6_delta3_avg6	0.000407070346503312	0.00113277389126905	0.00113330630597428
canarito33	0.000406903500127461	0.000472618784897128	0.00124387277484981
mrentabilidad_lag1_delta3_tend6_avg3	0.000406610341301241	0.000546871925880442	0.00118858954041204
mcomisiones_mantenimiento_tend6_lag3_lag5_avg6_avg3	0.000406522718160884	0.00125397770226151	0.00104116758191133
ccajas_transacciones_tend6_avg3	0.000406435951611668	0.00121496258325368	0.00112409243356798
canarito121	0.000403478536083877	0.000315281611386128	0.00124387277484981
ctrx_quarter_lag1_lag3_lag5_tend6_avg3	0.000403147770929897	0.000509543541806311	0.00112409243356798
mdescubierto_preacordado_tend6	0.000403100752084413	0.00304612271050091	0.000515976854752516
canarito113	0.000402321474354496	0.000236910633351443	0.00123465890244352
Master_fechaalta_tend6	0.000401978370307706	0.00232033375989067	0.00112409243356798
mtransferencias_emitidas_max6_delta3	0.000400155804912814	0.00190811962594907	0.000875317878598017
cproductos_avg6_delta3	0.000399522463388504	0.001386381061859	0.000912173368223197
mttarjeta_visa_debitos_automaticos_tend6_delta5_tend6_avg3	0.000398833803641549	0.00103633899503071	0.00103195370950503
mvr_mpagominimo_avg6_delta3_delta5_tend6_avg3	0.000398344292810813	0.000936929393112047	0.00107802307153651
mcaja_ahorro_delta1_tend6	0.000398242683481762	0.000718848210154293	0.0010964508163491
thomebanking_tend6_delta5_tend6_avg3	0.000398231092093949	0.00103775196641359	0.00105038145431762
ctransferencias_emitidas_max6_avg6	0.000397839135182371	0.000710762514710596	0.000912173368223197
Visa_cconsumos_max6_lag3_lag5_tend6	0.000397216942112653	0.00203475798051798	0.0010964508163491
Visa_cconsumos_max6_lag5_tend6	0.000396881803392176	0.00054398127235207	0.00102273983709874
thomebanking_tend6	0.00039634254180764	0.00150372560254499	0.000866104006191722
thomebanking_tend6_tend6	0.000395445366543451	0.000584321884401846	0.00105959532672392
mpasivos_margen_max6_lag3_delta5_avg3	0.000395307336026776	0.000631005145888095	0.00106880919913021
mactivos_margen_delta1_lag5_avg6_avg3	0.000393722524224654	0.000576449110024214	0.00104116758191133
canarito43	0.000393530598020288	0.000273400043217163	0.00117016179559945
canarito75	0.00039322630941861	0.000353136910166964	0.00116094792319316
canarito79	0.000392585417652317	0.000259964906310103	0.00122544503003722
ccomisiones_otras_tend6_lag3_lag5_avg6_avg3	0.000392351111412671	0.000590548761807847	0.0010872369439428
tcallcenter_tend6_delta5_avg6_avg3	0.000392255490478269	0.000681818512392668	0.0010964508163491
cpayroll_trx_min6_delta3_tend6	0.000391025536789029	0.00117349436820545	0.000396196513470682
canarito90	0.000389542331870691	0.000680362161036559	0.0012715143920687
canarito86	0.000385472862157732	0.000338029793043222	0.0012623005196624
cproductos_avg6_delta3_avg6_avg3	0.000385420746217969	0.00077631457250256	0.00104116758191133
ctrx_quarter_delta1_delta5_avg6_avg3	0.000385265964389387	0.0011858400322816	0.00110566468875539
canarito83	0.000383055978055996	0.000256301149819297	0.00113330630597428
canarito25	0.000383031773905302	0.000275568765573181	0.00111487856116168
canarito110	0.000382934855008791	0.000337003538924898	0.00119780341281834
Visa_mpagospesos_tend6_lag3_lag5_avg6_avg3	0.000382909739452184	0.00211167675177998	0.000985884347473556
mcomisiones_mantenimiento_delta3_delta5_tend6_avg3	0.00038231301657093	0.000430237214183194	0.00104116758191133
mrentabilidad_annual_tend6_delta3_delta5_avg3	0.000381600825190045	0.000377866589531276	0.000985884347473556
Visa_mpagospesos_tend6_lag5_tend6	0.000380148666759152	0.000611793620163294	0.0010872369439428
mrentabilidad_annual_max6_lag3_delta5_tend6	0.000379121571118835	0.00311368555438966	0.00106880919913021
Visa_mpagospesos_max6_lag3_lag5_tend6	0.000376112467437422	0.000489966298039667	0.000884531751004312
canarito120	0.000374808129155672	0.000254599383863033	0.00113330630597428
ctrx_quarter_max6_lag3_delta5_tend6_avg3	0.000374374837968646	0.000603297279393375	0.00105959532672392
tcallcenter_tend6_tend6_avg3	0.000374170007267279	0.000698434368407072	0.00100431209228615
ctrx_quarter_tend6_lag3_lag5_tend6	0.000373630151618345	0.00065387600721471	0.00112409243356798
canarito34	0.000372974651206674	0.000566731388148097	0.00113330630597428
mpasivos_margen_min6_lag3_delta5_avg6_avg3	0.000367268133118585	0.000781481486511675	0.000985884347473556
mrentabilidad_annual_min6_delta5_avg6_avg3	0.00036511242638004	0.000402137988490479	0.000930601113035787
canarito52	0.000363468261390541	0.000265072635667841	0.00113330630597428
canarito5	0.000362849599152699	0.000257687761651562	0.00116094792319316
mv_msaldopesos_lag1_delta5_avg6_avg3	0.000362625094907712	0.000946546595024714	0.000939814985442082
mcomisiones_mantenimiento_tend6_lag3_lag5_tend6_avg3	0.000362474021600517	0.00176660332208953	0.000995098219879851
canarito60	0.000361908573092149	0.000487621458518439	0.00114252017838057
mcuenta_debitos_automaticos_delta5_avg6	0.000360317776631205	0.00131451033795334	0.000893745623410607
mcaja_ahorro_dolares_max6_lag3_delta5_avg6_avg3	0.000360206222666832	0.000711214440087778	0.000893745623410607
ctransferencias_emitidas_avg6_lag3_lag5_avg6	0.00035924305449618	0.0010870311739158	0.000856890133785427
canarito48	0.000359098007281524	0.000429122763329485	0.00112409243356798
chomebanking_transacciones_delta1_lag5_avg6_avg3	0.000358342719741307	0.000662206454125214	0.00103195370950503
ccomisiones_mantenimiento_delta1_avg6	0.000355951981061764	0.00069513174328578	0.000451479747908451
canarito32	0.000355001932096272	0.000228673246154216	0.00112409243356798
chomebanking_transacciones_delta1_delta5_tend6	0.000353055982595895	0.000361773945729046	0.00105038145431762
canarito6	0.000353018418924485	0.000326986799169602	0.00106880919913021
canarito89	0.000352328735017571	0.00030452199649688	0.00103195370950503
cpagomiscuentas_tend6_avg6	0.000352212254923943	0.000965330620784012	0.000866104006191722
mtarjeta_master_consumo_delta5	0.000350378786552247	0.00154296850785811	0.000626543323628054
mdescubierto_preacordado_tend6_avg3	0.000349250575459193	0.00154392922229713	0.000386982641064387
ccomisiones_mantenimiento_tend6_avg6_avg3	0.000346025990030189	0.000593837461128815	0.000875317878598017
canarito46	0.000345643428927	0.000341904923288946	0.00113330630597428
Visa_cconsumos_max6_tend6_avg3	0.000343768734958458	0.000488674403754051	0.00100431209228615
ccomisiones_otras_tend6_delta3_delta5_tend6_avg3	0.000340742340375887	0.00032433570256347	0.000949028857848377
mactivos_margen_tend6_delta5_avg6_avg3	0.000340684243581053	0.000578058810967225	0.000866104006191722
canarito4	0.000339948314620289	0.000253082355805512	0.00100431209228615
canarito106	0.00033915159506181	0.000338443754036188	0.00103195370950503
ctrx_quarter_min6_delta3_lag5_tend6_avg3	0.000339148243413776	0.00056931495567488	0.000912173368223197
internet_avg6_delta5_avg6_avg3	0.00033837997020723	0.000930124484470374	0.000884531751004312
canarito98	0.000336509099483922	0.000245886640576968	0.00105038145431762
mcuenta_corriente_delta3_delta5_tend6_avg3	0.000336017177754287	0.000656719633536433	0.000958242730254671
canarito16	0.00033592303355829	0.000744950133461646	0.00101352596469244
ctrx_quarter_tend6_lag3_lag5_tend6_avg3	0.000334134179314274	0.0003943305327477	0.000995098219879851
mcuenta_debitos_automaticos_delta5	0.000332758523146343	0.000541570174757078	0.000727895920097298
canarito62	0.000332341236377543	0.00141238594665298	0.00106880919913021
mtransferencias_recibidas_max6_delta5	0.00033191414720654	0.00060355490669937	0.000792393026941363
ccallcenter_transacciones_delta1_avg6_avg3	0.000330540946495734	0.000820192503617978	0.000838462388972838
mcuentas_saldo_min6_delta3_delta5	0.000329939727920406	0.000671557076431678	0.000902959495816902
canarito1	0.000328895976469503	0.000404705696078003	0.000985884347473556
mtransferencias_recibidas_max6_lag5	0.000328784698277079	0.00133212923841886	0.000727895920097298
ctransferencias_recibidas_avg6_lag3_delta5_avg6	0.000328374871071555	0.000654615787726368	0.000764751409722478
canarito45	0.000327744261251788	0.000250544378696457	0.00102273983709874
canarito53	0.000326287365928253	0.000489064381424236	0.000995098219879851
canarito13	0.000325618019727055	0.000275837610884993	0.000985884347473556
mactivos_margen_min6_delta3_delta5_avg6_avg3	0.000324680140523301	0.00054034094657292	0.000902959495816902
thomebanking_tend6_avg3	0.000324411492796897	0.000491987860053372	0.000847676261379132
mprestamos_personales_min6_delta5	0.000323871730815332	0.000728782279285444	0.000497549109939926
tcallcenter_tend6_avg6	0.000322105706684882	0.000807061358090214	0.000866104006191722
canarito67	0.000321474967877202	0.000394966809195839	0.000958242730254671
canarito96	0.000321356470097435	0.000432692686451441	0.000930601113035787
canarito21	0.000320208438337105	0.000477166498141835	0.00101352596469244
thomebanking_tend6_delta5_tend6	0.000319663886414155	0.00131488495303428	0.000884531751004312
chomebanking_transacciones_delta1_lag5_avg3	0.000318864162028225	0.00045220825881665	0.000884531751004312
mv_fechaalta_delta3	0.000318315526167248	0.00214491631088675	0.000322485534220322
internet_avg6_delta5_avg6	0.000317874304838607	0.00113582933343459	0.000801606899347658
ccallcenter_transacciones_tend6_delta3_lag5_avg6	0.000316694116371005	0.000798164153210967	0.000875317878598017
mpayroll_avg6_avg6_avg3	0.000315424871360232	0.000760296254896505	0.000709468175284709
mcuenta_debitos_automaticos_delta5_avg3	0.000313100019150048	0.00094515722013683	0.000626543323628054
ccomisiones_otras_tend6_lag3_lag5	0.000312565630374329	0.000345231034383006	0.000810820771753953
ctrx_quarter_max6_lag3_delta5_tend6	0.000309757576737475	0.000378812217686612	0.000838462388972838
mrentabilidad_annual_avg6_delta3_lag5_tend6	0.000308443318544785	0.000476683239713924	0.000783179154535068
mv_cconsumos_tend6_avg3	0.00030553605859858	0.00112724457488484	0.000856890133785427
tcallcenter_tend6_avg6_avg3	0.00030521142033654	0.000313592168657929	0.000691040430472119
ctransferencias_emitidas_max6_tend6_avg3	0.000303827784578229	0.000710056775044174	0.000764751409722478
ctransferencias_recibidas_avg6_delta3_tend6_avg3	0.00030367097833902	0.000747267397687787	0.000783179154535068
ctransferencias_emitidas_avg6_lag3_delta5_tend6	0.000303348454487074	0.000610849649841329	0.000755537537316183
mcuenta_corriente_min6_lag3_lag5_tend6	0.000302772387671911	0.000283869647788553	0.000773965282128773
canarito38	0.000302056621648088	0.000302076858056652	0.00102273983709874
mcaja_ahorro_min6_delta3_tend6	0.000299776459368909	0.000729864568171739	0.000838462388972838
ctransferencias_emitidas_avg6_lag3_delta5_tend6_avg3	0.000299349808240589	0.00124381612313062	0.000792393026941363
ccomisiones_otras_tend6_delta3_delta5_avg6	0.000297919693769438	0.00029695476080969	0.000783179154535068
mcomisiones_mantenimiento_tend6_lag3_lag5_avg6	0.000297741645890254	0.00107590738829586	0.000801606899347658
canarito26	0.000296975453063815	0.000384842862882492	0.000912173368223197
canarito112	0.000296622574599561	0.000177784724536783	0.000810820771753953
canarito42	0.000296457210735668	0.000209626840633257	0.000893745623410607
chomebanking_transacciones_max6_lag3_lag5_tend6	0.00029592202880994	0.000473687976899784	0.000773965282128773
mcuenta_corriente_min6_lag3_lag5_tend6_avg3	0.000295812921880101	0.00104873002848015	0.000856890133785427
mprestamos_personales_min6_delta5_tend6	0.000295727263445064	0.000496982967264045	0.000654184940846939
canarito94	0.000291105124808271	0.000384170887755745	0.000893745623410607
canarito28	0.000287266805036708	0.000175270951794958	0.000847676261379132
chomebanking_transacciones_delta1_lag5_tend6	0.000286856581629762	0.000318464098849069	0.000810820771753953
mplazo_fijo_dolares_delta3_avg6	0.000283439777379261	0.00346797300091673	0.00052519072715881
Visa_mpagospesos_max6_delta5_tend6_avg3	0.000281059763375693	0.000491863467289367	0.000856890133785427
mtransferencias_recibidas_delta5	0.000278773949809297	0.00167223331257702	0.00052519072715881
chomebanking_transacciones_delta1_delta5	0.000277013591909371	0.000221057491210342	0.000773965282128773
canarito36	0.000276143909138625	0.000194759943565104	0.000884531751004312
mrentabilidad_lag1_lag3_avg3	0.00027450879442749	0.000365077068200349	0.000755537537316183
mtransferencias_emitidas_max6_delta5_avg6_avg3	0.000272469501760325	0.000508982862559932	0.000773965282128773
chomebanking_transacciones_tend6_lag3_delta5_tend6	0.00027020644067022	0.000615408857397415	0.000755537537316183
mcomisiones_mantenimiento_avg6_delta3_delta5_avg6	0.000269543309798173	0.000312763473016424	0.000700254302878414
canarito54	0.000264851208633192	0.000191971744139116	0.000829248516566543
ctrx_quarter_tend6_lag3_delta5_tend6_avg3	0.000262901323676926	0.00142575482548628	0.000764751409722478
mcuenta_debitos_automaticos_tend6_tend6_avg3	0.000261690014548733	0.00069209636090404	0.000746323664909888
ccajas_transacciones_avg6_delta3	0.000259490144766624	0.00125138037471774	0.000700254302878414
thomebanking_max6	0.000258707843190503	0.000478839252014091	0.000423838130689566
chomebanking_transacciones_delta1_lag5	0.000257125616308889	0.000366947325288312	0.000663398813253234
mplazo_fijo_dolares_delta3	0.000253371522588411	0.00235898072936771	0.000304057789407732
mprestamos_personales_delta5_tend6	0.000249289276958821	0.00115341618245492	0.000534404599565105
mpasivos_margen_lag3_lag5_tend6	0.000246732319522345	0.000242011012981232	0.000700254302878414
mv_status06_tend6_avg6_avg3	0.000238752280096795	0.000702747111401867	0.000423838130689566
ccaja_seguridad_lag5_avg6_avg3	0.000236376413336538	0.00103186057922095	0.000128994213688129
ccomisiones_mantenimiento_delta1_tend6	0.000232309662014994	0.000965336975811938	0.000534404599565105
mtransferencias_recibidas_max6_delta5_tend6_avg3	0.000230357322416691	0.0010317997367362	0.000626543323628054
mdescubierto_preacordado_delta1_avg3	0.000225455187901974	0.000253441166208306	0.000165849703313309
ccajas_transacciones_tend6	0.00020860397264896	0.000892249789039087	0.000608115578815465
mcuentas_saldo_lag1_delta3_delta5_avg6	0.000199215335552864	0.000640137486800591	0.0005436184719714
mv_Finiciomora_lag1_tend6_avg3	0.000195896055538678	0.00381158703988989	0.000331699406626617
thomebanking_max6_avg6	0.00019534467615436	0.000228862791769737	0.000377768768658092
thomebanking_max6_avg6_avg3	0.000186862146480764	0.000311255452520224	0.000469907492721041
cpayroll_trx_min6_delta3_delta5_tend6	0.000179409159753716	0.00139808204979793	0.000423838130689566
chomebanking_transacciones_tend6_lag3_lag5_avg3	0.000161346595433124	0.000107604161753787	0.000386982641064387
cpayroll_trx_min6_delta3_delta5_tend6_avg3	0.000150845930506422	0.00106850494124583	0.000322485534220322
ccaja_seguridad_avg6_lag3_lag5	0.00014982171743013	0.00145973040734906	0.000101352596469244
