fecha	objective	metric	first_metric_only	boost_from_average	feature_pre_filter	verbosity	seed	max_depth	min_gain_to_split	lambda_l1	lambda_l2	max_bin	num_iterations	force_row_wise	learning_rate	feature_fraction	min_data_in_leaf	num_leaves	ratio_corte	iteracion_bayesiana	ganancia
20211110 211124	binary	custom	TRUE	TRUE	FALSE	-100	999983	-1	0	0	0	31	215	TRUE	0.0526401523919776	0.351129050624149	5249	863	0.045847873934038	1	6052500
20211110 211217	binary	custom	TRUE	TRUE	FALSE	-100	999983	-1	0	0	0	31	305	TRUE	0.077250535186613	0.245070554723497	3371	784	0.0402743256927184	2	6085000
20211110 211257	binary	custom	TRUE	TRUE	FALSE	-100	999983	-1	0	0	0	31	182	TRUE	0.0722266212617979	0.423367289276212	6383	191	0.0418811143749006	3	6195000
20211110 211358	binary	custom	TRUE	TRUE	FALSE	-100	999983	-1	0	0	0	31	318	TRUE	0.0285556920303497	0.782864628868992	3946	383	0.0357050203777627	4	5817500
20211110 211457	binary	custom	TRUE	TRUE	FALSE	-100	999983	-1	0	0	0	31	193	TRUE	0.0608496068930253	0.64008430345857	1220	616	0.0350522624756262	5	5815000
20211110 211539	binary	custom	TRUE	TRUE	FALSE	-100	999983	-1	0	0	0	31	147	TRUE	0.0849121011851821	0.570531149455928	3108	809	0.0359728184914598	6	6227500
20211110 211617	binary	custom	TRUE	TRUE	FALSE	-100	999983	-1	0	0	0	31	125	TRUE	0.0698292800423223	0.874666473790421	1749	397	0.0479400466972961	7	5840000
20211110 211714	binary	custom	TRUE	TRUE	FALSE	-100	999983	-1	0	0	0	31	336	TRUE	0.0228807106451131	0.690360517571389	6697	549	0.0399395780505971	8	6035000
20211110 211808	binary	custom	TRUE	TRUE	FALSE	-100	999983	-1	0	0	0	31	230	TRUE	0.059097497650655	0.521750443478231	4850	489	0.0361569296946265	9	5900000
20211110 211846	binary	custom	TRUE	TRUE	FALSE	-100	999983	-1	0	0	0	31	275	TRUE	0.0885536423430312	0.12294141221937	4322	687	0.0398307850669077	10	6051250
20211110 211943	binary	custom	TRUE	TRUE	FALSE	-100	999983	-1	0	0	0	31	196	TRUE	0.0929609138029628	0.732522074271401	615	304	0.0390273907258166	11	6021250
20211110 212026	binary	custom	TRUE	TRUE	FALSE	-100	999983	-1	0	0	0	31	224	TRUE	0.0361119149881415	0.297166179706983	7796	151	0.0387763299942256	12	5608750
20211110 212143	binary	custom	TRUE	TRUE	FALSE	-100	999983	-1	0	0	0	31	197	TRUE	0.0432119490590412	0.955770508096612	742	1017	0.037717690576017	13	6316250
20211110 212307	binary	custom	TRUE	TRUE	FALSE	-100	999983	-1	0	0	0	31	430	TRUE	0.0349120465386659	0.442254470969783	5637	927	0.0430778371954843	14	6016250
20211110 212337	binary	custom	TRUE	TRUE	FALSE	-100	999983	-1	0	0	0	31	161	TRUE	0.0992207377532031	0.933757298640558	7234	647	0.0478228850225536	15	5807500
20211110 212427	binary	custom	TRUE	TRUE	FALSE	-100	999983	-1	0	0	0	31	279	TRUE	0.0498993317654822	0.198805866269686	2246	231	0.0429690442117948	16	5982500
20211110 212543	binary	custom	TRUE	TRUE	FALSE	-100	999983	-1	0	0	0	31	152	TRUE	0.0562359335122955	0.999000995723848	564	1024	0.0331358322244818	17	6301250
20211110 212745	binary	custom	TRUE	TRUE	FALSE	-100	999983	-1	0	0	0	31	311	TRUE	0.0255252544168727	0.983970961890477	656	1024	0.0471282836651519	18	6061250
20211110 212939	binary	custom	TRUE	TRUE	FALSE	-100	999983	-1	0	0	0	31	205	TRUE	0.0481401664312265	0.99927890054728	293	1024	0.037847405287339	19	6397500
20211110 213028	binary	custom	TRUE	TRUE	FALSE	-100	999983	-1	0	0	0	31	58	TRUE	0.0482198401690414	0.999853991117515	203	908	0.0368347936699221	20	5448750
20211110 213125	binary	custom	TRUE	TRUE	FALSE	-100	999983	-1	0	0	0	31	331	TRUE	0.0317840394599736	0.969354339546012	5367	102	0.0350355250935201	21	5917500
20211110 213218	binary	custom	TRUE	TRUE	FALSE	-100	999983	-1	0	0	0	31	288	TRUE	0.0554934794114903	0.734236518382677	4314	846	0.0390022846526575	22	5725000
20211110 213306	binary	custom	TRUE	TRUE	FALSE	-100	999983	-1	0	0	0	31	292	TRUE	0.0473255690898746	0.718817888564453	6321	730	0.036048136710937	23	6116250
20211110 213402	binary	custom	TRUE	TRUE	FALSE	-100	999983	-1	0	0	0	31	267	TRUE	0.062278566761408	0.423446070845309	5296	627	0.0481994761199401	24	6101250
20211110 213508	binary	custom	TRUE	TRUE	FALSE	-100	999983	-1	0	0	0	31	406	TRUE	0.0291698684212565	0.990747633903171	6196	506	0.0352280049877399	25	6288750
20211110 213556	binary	custom	TRUE	TRUE	FALSE	-100	999983	-1	0	0	0	31	208	TRUE	0.0845429159516469	0.265302602361399	2184	862	0.0417806900822642	26	5810000
20211110 213624	binary	custom	TRUE	TRUE	FALSE	-100	999983	-1	0	0	0	31	97	TRUE	0.0722323446390033	0.951347630601563	2650	667	0.0371946473852025	27	5795000
20211110 213723	binary	custom	TRUE	TRUE	FALSE	-100	999983	-1	0	0	0	31	255	TRUE	0.0476338022232428	0.572736529607885	6004	663	0.046634530893023	28	6035000
20211110 213814	binary	custom	TRUE	TRUE	FALSE	-100	999983	-1	0	0	0	31	278	TRUE	0.0551776551933028	0.327766494586272	6499	587	0.0432284736344388	29	6093750
20211110 213921	binary	custom	TRUE	TRUE	FALSE	-100	999983	-1	0	0	0	31	347	TRUE	0.0798047164328769	0.393344031555881	5062	686	0.0255119546751693	30	5940000
20211110 214012	binary	custom	TRUE	TRUE	FALSE	-100	999983	-1	0	0	0	31	143	TRUE	0.0386352451506071	0.404612072499818	875	661	0.0377469809947026	31	6012500
20211110 214116	binary	custom	TRUE	TRUE	FALSE	-100	999983	-1	0	0	0	31	491	TRUE	0.0433675417006388	0.112609258927475	2956	217	0.0320562710786406	32	5512500
20211110 214205	binary	custom	TRUE	TRUE	FALSE	-100	999983	-1	0	0	0	31	106	TRUE	0.0697419938869402	0.427681592786498	466	679	0.0509109320211226	33	6346250
20211110 214251	binary	custom	TRUE	TRUE	FALSE	-100	999983	-1	0	0	0	31	174	TRUE	0.0556473292419501	0.554259937580652	5574	930	0.0424167106022947	34	5815000
20211110 214337	binary	custom	TRUE	TRUE	FALSE	-100	999983	-1	0	0	0	31	112	TRUE	0.0495886520421691	0.37796487140283	4246	549	0.0414208363669838	35	5313750
20211110 214407	binary	custom	TRUE	TRUE	FALSE	-100	999983	-1	0	0	0	31	77	TRUE	0.0849849735815264	0.319760480330302	1022	336	0.0374373394257404	36	5658750
