Feature	Gain	Cover	Frequency
ctrx_quarter	0.147370471219096	0.0223228592931523	0.00457726865418614
mdescubierto_preacordado_delta1	0.0727020493052799	0.00369375105174501	0.00105349834104284
mcaja_ahorro	0.0612589562599145	0.017821991724105	0.00538858346855247
mcuentas_saldo	0.0507125852514303	0.0181659501151511	0.00887602625269429
mtarjeta_visa_consumo	0.03137107475836	0.0164841586285776	0.00294252984911966
Visa_status	0.0284071947666568	0.00263288871485859	0.000980843283039888
foto_mes	0.0270520654613997	0.0170356303362341	0.0129568186771936
Visa_Finiciomora	0.0170915661847937	0.00916340663948265	0.00221597926909012
mprestamos_personales	0.0163316818118026	0.0149111253169215	0.00594560557990845
Visa_mpagominimo	0.0140548122716257	0.014384238296965	0.00425032089317285
cpayroll_trx	0.013578567832124	0.0198516103966257	0.00191324986074447
ctarjeta_visa_transacciones	0.0132202039807403	0.0160020179454596	0.00351166113680947
mpayroll	0.011321508285342	0.0207989895868032	0.00276089220411228
ctrx_quarter_delta1	0.00884880864967305	0.00957978567759177	0.00952992177472088
ccomisiones_otras	0.00785620765473388	0.00138151773525401	0.00333002349180209
mcuenta_corriente	0.00691794514301753	0.00490035618110561	0.00593349640357463
ctarjeta_visa	0.0068566998600324	0.00357307071067119	0.000581240464023637
mprestamos_personales_delta1	0.00665750021640108	0.0117361679428699	0.00513429076554213
Visa_mpagospesos	0.0053157155354236	0.00291486508163237	0.00289409314378436
mactivos_margen	0.00501957474501711	0.0084560120167277	0.00778620038264997
mcaja_ahorro_lag1	0.00472234771992435	0.00432737493058576	0.00491632559153327
mcuentas_saldo_delta1	0.00455740077577032	0.00638771210948681	0.00655106439659974
mdescubierto_preacordado_lag1	0.00451987932558356	0.001006602585442	0.00130779104405318
cproductos_delta1	0.00450124528149776	0.00994727240967574	0.00253081785376959
mautoservicio	0.00433641102399597	0.0122614200332025	0.00187692233174299
ccaja_ahorro	0.00430330500865306	0.00719429767332232	0.00289409314378436
cproductos	0.00404010194238488	0.0073503381934072	0.00417766583516989
cliente_edad_lag1	0.00388499861602931	0.00534572594992941	0.00804049308566031
mcuenta_corriente_lag1	0.00380585021757535	0.00270835513173929	0.00594560557990845
cprestamos_personales_delta1	0.00371142924909584	0.0022827125765066	0.00077498728536485
Visa_fechaalta	0.00363982463668172	0.0024774032777203	0.00480734300452883
mrentabilidad_annual_lag1	0.00358860435826295	0.00311304364669832	0.006672156159938
cliente_edad	0.00357417384510944	0.00696020332174481	0.0082221307306677
mprestamos_personales_lag1	0.00336932220521719	0.00215655914485622	0.00273667385144462
mrentabilidad_annual_delta1	0.00320221955446633	0.00324020338256788	0.00712019568428956
mdescubierto_preacordado	0.00307401540817014	0.0037874441433045	0.00227652515075925
numero_de_cliente	0.00294618546595041	0.00955105323722193	0.00745925262163668
ccaja_ahorro_delta1	0.00281682644280787	0.00901682613441567	0.00146521033639292
Visa_delinquency	0.00281360586152409	0.00200084489730278	0.000351166113680947
mrentabilidad_annual	0.00278623969079865	0.00241520335375413	0.00596982393257611
Visa_mfinanciacion_limite	0.00275275923523424	0.0021412138448	0.00449250441984936
mcuenta_corriente_delta1	0.00265753541524264	0.00328073230597745	0.00481945218086266
Visa_Fvencimiento_lag1	0.00261829933945137	0.00155027207825482	0.00535225593955099
mrentabilidad	0.00257430601055117	0.00178043122640642	0.00535225593955099
mcaja_ahorro_dolares_delta1	0.00255843453972022	0.00662761872819849	0.00449250441984936
chomebanking_transacciones	0.00252598363938951	0.00307866837010695	0.00463781453585527
Master_fechaalta	0.00248889798999197	0.00227556972592666	0.00504952653120535
mcuentas_saldo_lag1	0.00248861141605801	0.00183720411562924	0.00481945218086266
Master_Fvencimiento_lag1	0.00246804606672288	0.00189359114299655	0.0058729505219055
ctrx_quarter_lag1	0.00246336712955567	0.00210194500479082	0.00400813736649633
cprestamos_personales	0.00246284423223169	0.00344279344600919	0.00176793974473856
Visa_fechaalta_lag1	0.0024590395870954	0.00197209776942349	0.00481945218086266
mactivos_margen_lag1	0.00241542459937267	0.00303049407347254	0.00471046959385823
Visa_msaldopesos	0.00241305104969643	0.0041970391257075	0.00295463902545349
Master_fechaalta_lag1	0.00238111551598434	0.00410097683396226	0.00503741735487152
mes	0.00235008388256859	0.00724395236599893	0.00478312465186118
mcomisiones_mantenimiento	0.0023459390342392	0.00683373243006865	0.00416555665883607
mpasivos_margen	0.00231236215449097	0.00215039406276281	0.00458937783051997
Master_Finiciomora	0.00230265356106459	0.0048265895287119	0.00157419292339735
mcomisiones_otras	0.00229573314157703	0.00272234603360227	0.00414133830616841
Visa_Fvencimiento	0.00229370930669592	0.00185518813166969	0.00541280182122012
Visa_fultimo_cierre	0.00226618240941209	0.00376475351485944	0.00354798866581095
cpayroll_trx_lag1	0.00224597396760987	0.00253351323571283	0.000532803758688334
Master_Fvencimiento	0.00214388515545422	0.0012555508349737	0.00451672277251701
mcaja_ahorro_delta1	0.0021187920869501	0.0030107647616658	0.00426243006950667
Visa_status_lag1	0.00211812690191288	0.000802678581409896	0.000339056937347122
mpayroll_delta1	0.00207002176881904	0.00872654912167383	0.0030999491414594
Master_mfinanciacion_limite	0.00206403923065899	0.00252353317794946	0.00399602819016251
Visa_mpagominimo_lag1	0.00206078407694079	0.00307002697391955	0.00341478772613887
ccomisiones_mantenimiento_delta1	0.00202600415172101	0.0027662744859858	0.00214332421108716
Visa_mpagominimo_delta1	0.00202165840015668	0.00432154839558526	0.00323315008113148
mpasivos_margen_lag1	0.00196640658956741	0.00119557606868985	0.00402024654283016
mttarjeta_visa_debitos_automaticos_delta1	0.0019622083796633	0.00308092835816883	0.00391126395582572
mtarjeta_master_consumo	0.00195053622021299	0.00378984492163558	0.00158630209973118
cliente_antiguedad_lag1	0.00194157221691451	0.00189146523091383	0.00406868324816546
Visa_Finiciomora_delta1	0.00192403898927111	0.00146552965986752	0.000508585406020683
Visa_msaldototal	0.00188769562938842	0.0020693279279919	0.00247027197210046
mrentabilidad_lag1	0.00188038385144816	0.00106988833599995	0.00365697125281538
Visa_Finiciomora_lag1	0.00187856962947147	0.00183394485237056	0.00142888280739144
mactivos_margen_delta1	0.00186207655669208	0.00178831380290894	0.00468625124119058
Visa_mfinanciacion_limite_lag1	0.00181784961166466	0.00284209906827562	0.0039475914848272
mcomisiones	0.00181748056851804	0.00124802075869808	0.00334213266813591
mcuenta_debitos_automaticos	0.00176422642889999	0.0101655945792258	0.00268823714610932
Visa_msaldototal_lag1	0.00176108897899557	0.00145371219467143	0.00220387009275629
cliente_antiguedad	0.00175312292687956	0.00323904831486009	0.00406868324816546
ccaja_seguridad	0.00174194438885195	0.00812681751018499	0.000968734106706062
mpasivos_margen_delta1	0.00173069581180632	0.00110770069962518	0.00376595383981982
mpagomiscuentas	0.00170073874446996	0.0124400925366055	0.00215543338742099
mrentabilidad_delta1	0.00169776497653916	0.00176255012784293	0.00418977501150372
canarito23	0.00169527487399605	0.000874230462288695	0.00463781453585527
canarito50	0.00167606318664126	0.000943270569229257	0.00455305030151849
internet	0.00166553256400384	0.000604687806643396	0.00136833692572231
mtransferencias_recibidas	0.00165088591762112	0.00660905266714052	0.00250659950110194
canarito25	0.00164885143395952	0.000817797379088173	0.00408079242449929
canarito19	0.00164628680067956	0.000730798015051667	0.00448039524351554
Visa_mpagospesos_delta1	0.00162860355273357	0.00359762728228163	0.00400813736649633
canarito39	0.00162309415429634	0.000652800730470442	0.00438352183284493
canarito77	0.00161050626008096	0.000935634952707129	0.00448039524351554
canarito66	0.00160896315838658	0.00100153130315979	0.0043714126565111
ccaja_seguridad_lag1	0.00160807517362558	0.00211740109063264	0.000617567993025114
chomebanking_transacciones_lag1	0.00160778644460797	0.00151306494492989	0.00380228136882129
Visa_mpagospesos_lag1	0.0016073438130633	0.00477603627518903	0.00387493642682425
canarito43	0.00159122693406245	0.000788703835807321	0.00435930348017728
canarito73	0.00158013734058466	0.0011278905697641	0.0043229759511758
chomebanking_transacciones_delta1	0.00157982752517577	0.00268685660450801	0.003475333607808
canarito51	0.00157761070840501	0.000682857039996018	0.00449250441984936
canarito71	0.0015720395046469	0.000842044673713819	0.00438352183284493
canarito85	0.00156670342914477	0.000591889320726542	0.00425032089317285
canarito70	0.00155685880881055	0.000766884071762115	0.00405657407183163
canarito68	0.00155417670626087	0.000747615528109108	0.0042261025405052
canarito72	0.00154957682084732	0.000617770286046626	0.00402024654283016
canarito8	0.00154774847675682	0.000917683354098258	0.00425032089317285
mtransferencias_emitidas	0.00154380195279843	0.00376537080989965	0.00300307573078879
Visa_fultimo_cierre_lag1	0.00154173775200454	0.00236731808632363	0.00283354726211523
canarito76	0.0015404841063343	0.000839325700981495	0.00421399336417137
canarito7	0.00153840459037382	0.000716127815876435	0.00428664842217432
canarito94	0.00153612420287787	0.000848401532716392	0.00423821171683902
canarito35	0.00153534741073147	0.000633745470436867	0.00408079242449929
canarito93	0.00153057964460544	0.000834855347657536	0.00415344748250224
canarito69	0.00152805790134858	0.00116441347497003	0.00408079242449929
canarito21	0.00152440327635479	0.0017846083540952	0.00425032089317285
canarito20	0.00152340929929323	0.000715917155026548	0.00416555665883607
canarito26	0.00151741175095391	0.000849896406446487	0.00410501077716694
canarito2	0.00151244679043092	0.000588541617678796	0.00392337313215955
canarito28	0.00151209018212179	0.000851837570642428	0.00398391901382868
cmobile_app_trx	0.00150888950106075	0.00177132853751137	0.00356009784214478
canarito81	0.00150665529296823	0.000697659951310247	0.00411711995350076
mcaja_ahorro_dolares_lag1	0.00149797790506917	0.00308185125831646	0.00296674820178731
mcomisiones_mantenimiento_lag1	0.00149211389186725	0.00321938667050762	0.00326947761013296
canarito18	0.00149162240823758	0.000744743490546115	0.00408079242449929
canarito27	0.0014898405800772	0.000751248273751048	0.00403235571916398
canarito48	0.00148763467897086	0.000654358340848063	0.00399602819016251
canarito32	0.00148627223447629	0.000843588960422149	0.00411711995350076
canarito91	0.00148376050825189	0.000553309744553893	0.0038991547794919
canarito52	0.00148030870815332	0.000659042502345363	0.00388704560315807
canarito33	0.00147943460359756	0.00107031605725742	0.00395970066116103
canarito46	0.00147812448019865	0.000550665678119786	0.00408079242449929
canarito87	0.00146335781706153	0.000942867816737866	0.00410501077716694
canarito11	0.0014620017050964	0.000827365766943696	0.0038507180741566
canarito4	0.00146156656151084	0.000541003185292974	0.00398391901382868
canarito5	0.00146082652089727	0.000801118453173511	0.00397180983749485
canarito54	0.00145901985828354	0.000845143423476316	0.00403235571916398
canarito14	0.00144771886952659	0.000821374522015751	0.00406868324816546
canarito13	0.00144582057399185	0.00102920561338424	0.00409290160083311
ccomisiones_mantenimiento	0.00143635166073724	0.000727974131537527	0.000799205638032501
canarito40	0.00142695077134295	0.000816980019187045	0.0038991547794919
canarito92	0.00142045949959829	0.00055366193004845	0.00374173548715216
mpayroll_lag1	0.0014150584577938	0.00407540241794665	0.00208277832941803
canarito44	0.0014150154635467	0.00103184758160271	0.00393548230849338
canarito30	0.0014050202162973	0.000645703830812939	0.00377806301615364
canarito90	0.00140438906992666	0.000790464238726193	0.00386282725049042
canarito37	0.00140015499959705	0.000583895538795295	0.0039475914848272
mcomisiones_lag1	0.00139457423700789	0.000991139680399362	0.00301518490712262
canarito64	0.00139005774393399	0.00051573164670446	0.00370540795815069
canarito89	0.00138922998416323	0.000548849147932643	0.00375384466348599
canarito12	0.0013845569254866	0.000595789588862114	0.00374173548715216
canarito29	0.00137993559089895	0.000524074361896027	0.00380228136882129
canarito63	0.00137909561066237	0.000609250796187699	0.00381439054515512
canarito3	0.00137033785692254	0.00068317030359052	0.00386282725049042
canarito60	0.00136804429909736	0.000683331131819044	0.00387493642682425
canarito15	0.00136727519903545	0.000681211514383235	0.00382649972148894
Master_status	0.00136560454011531	0.00119141709056632	0.000702332227361895
Visa_cconsumos	0.00136473755177033	0.00155109227074706	0.00261558208810637
mcomisiones_otras_lag1	0.00136190146296216	0.000867389230206477	0.00271245549877697
canarito78	0.00135745438900554	0.000637501171515096	0.00377806301615364
canarito62	0.00135215141015139	0.000836115221236364	0.00381439054515512
canarito65	0.00135137204698587	0.000590165426759743	0.00358431619481243
mttarjeta_visa_debitos_automaticos_lag1	0.00135035439954594	0.00171849169100072	0.00295463902545349
canarito55	0.0013502817792625	0.000603916082932358	0.00366908042914921
canarito80	0.00134786885932502	0.000929102368145014	0.00382649972148894
canarito36	0.00134362276432984	0.000663213230476456	0.00371751713448451
canarito38	0.00134308099845678	0.000590793632521257	0.00360853454748008
canarito34	0.00133858997462611	0.00156218176002813	0.00369329878181686
canarito56	0.00133440371222016	0.00174309599701689	0.00369329878181686
canarito17	0.00132946879014681	0.000716102637288799	0.00372962631081834
canarito82	0.00132848886187402	0.00064734117338474	0.00351166113680947
canarito86	0.00132748580003258	0.000926863676971844	0.00365697125281538
canarito9	0.00132541924755429	0.000796821937015021	0.00380228136882129
ctarjeta_visa_transacciones_delta1	0.00131913756934216	0.00538350841398182	0.00290620232011819
Visa_mconsumospesos	0.00131645233687008	0.00124354883171239	0.00313627667046088
canarito67	0.0013163972718491	0.000993089342368629	0.00366908042914921
canarito31	0.00131355575938972	0.000588251014813165	0.00368118960548304
ccallcenter_transacciones	0.00131177932510226	0.00171859020222485	0.00165895715773413
canarito57	0.00130555334814189	0.000569702054212634	0.00372962631081834
canarito6	0.00129740453977683	0.000671984506211741	0.0035722070184786
canarito10	0.00129532105001564	0.000459116333475923	0.00340267854980504
canarito47	0.00128992328190185	0.000497372469708233	0.00349955196047565
Visa_mlimitecompra	0.00128832638796824	0.00156942542986939	0.00297885737812114
canarito79	0.00128812676568006	0.000629413599344905	0.00339056937347122
canarito84	0.00128764731376028	0.000461247176365387	0.00335424184446974
canarito74	0.00128278597640272	0.000725206690024005	0.00356009784214478
canarito22	0.00128233922136539	0.000621845650277048	0.00348744278414182
canarito58	0.00127923997268421	0.000589401046803432	0.00356009784214478
canarito42	0.00127413809526674	0.000514251775216164	0.00346322443147417
canarito75	0.00126083282876068	0.000706519876656167	0.00351166113680947
canarito53	0.00125900826154994	0.000615788521378123	0.00348744278414182
canarito59	0.00125589900480179	0.000573840784555273	0.00345111525514035
canarito41	0.00125378933640166	0.00103795160562111	0.00356009784214478
Master_mfinanciacion_limite_lag1	0.00125223450126058	0.00110633087954701	0.00312416749412705
Visa_cconsumos_lag1	0.00124458759060152	0.00236047916227861	0.00290620232011819
canarito24	0.00123290977247565	0.000630221307454106	0.0035237703131433
mcaja_ahorro_dolares	0.00122993951886335	0.00644835568200474	0.00282143808578141
tpaquete3	0.00122289916058928	0.00443896097562708	0.00124724516238405
canarito88	0.00121162224838017	0.000522947305366978	0.00330580513913444
Visa_mlimitecompra_lag1	0.00121052426952061	0.00111576193918914	0.00283354726211523
canarito45	0.00120993704548711	0.000886734673462555	0.00339056937347122
mttarjeta_visa_debitos_automaticos	0.00120207191631805	0.00143225227460785	0.0027730013804461
mcomisiones_mantenimiento_delta1	0.0011983382205189	0.00128536133853748	0.00187692233174299
canarito61	0.0011968032441351	0.000606713214197135	0.00317260419946235
Visa_mconsumospesos_lag1	0.00119360479212314	0.000848791695913966	0.00296674820178731
Visa_msaldopesos_lag1	0.00117787718949617	0.00167710596123606	0.00213121503475334
mcomisiones_delta1	0.00117332033755381	0.00112647060233222	0.00270034632244315
cmobile_app_trx_lag1	0.00116706900085747	0.00102358806066112	0.0026761279697755
canarito16	0.0011635015916717	0.000634068700555642	0.00331791431546826
Master_fultimo_cierre_lag1	0.00114592156408374	0.00068312812945623	0.00300307573078879
canarito83	0.00113403934681574	0.000557005541575706	0.00318471337579618
canarito1	0.00112898928346251	0.000656679072252613	0.00316049502312853
canarito49	0.00112682157109172	0.000683232410773355	0.00320893172846383
cmobile_app_trx_delta1	0.0010834145085168	0.000814131376728397	0.00268823714610932
Master_mlimitecompra_lag1	0.00104862054923728	0.000706889896983632	0.00249449032476811
Master_mlimitecompra	0.00100147512447711	0.00140998800358009	0.00245816279576663
ctarjeta_visa_debitos_automaticos_delta1	0.00100077382782011	0.00150405384314737	0.00181637645007387
Master_mpagominimo	0.000999685674035124	0.00404330370532068	0.00167106633406796
Master_msaldopesos	0.000997255582270686	0.0023965736118516	0.001598411276065
Master_fultimo_cierre	0.000993170663710216	0.00174200429542131	0.00253081785376959
thomebanking	0.000985041825370763	0.00233006846413206	0.00115037175171345
ctarjeta_debito_transacciones	0.000980461278554995	0.00174679158421713	0.00140466445472379
Master_msaldototal	0.000971946605635613	0.00492421037503179	0.00190114068441065
mcomisiones_otras_delta1	0.000956074518426087	0.000893495753707465	0.00253081785376959
Visa_msaldopesos_delta1	0.000951529756149214	0.00154733027502192	0.00232496185609455
Visa_mconsumospesos_delta1	0.000945016500181834	0.000704887674712675	0.0023976169140975
cproductos_lag1	0.000941855954972266	0.00117457660204766	0.0019253590370783
mtransferencias_emitidas_delta1	0.000890201265577906	0.00119227148397343	0.00207066915308421
Visa_cconsumos_delta1	0.000872008218592904	0.00190369258253447	0.00211910585841951
cplazo_fijo	0.000870562154419052	0.0119161345207665	0.000908188225036933
ctarjeta_visa_debitos_automaticos_lag1	0.000870243643589429	0.000504066511963563	0.00178004892107239
Visa_fechaalta_delta1	0.000864344333508137	1.99228721991927e-05	0.000278511055677993
tmobile_app_delta1	0.000842623512721451	0.000815886219375832	0.00148942868906057
Visa_mconsumosdolares	0.00084258939080374	0.001556306966068	0.00198590491874743
mtransferencias_recibidas_lag1	0.000836880659696216	0.00346517521711258	0.00203434162408273
mtransferencias_emitidas_lag1	0.000829126370124936	0.00134054336066485	0.00201012327141508
tpaquete3_delta1	0.000823224249997712	0.00313304037608791	0.000605458816691289
ccomisiones_otras_lag1	0.000821666885943379	0.00128162871783125	0.00221597926909012
ccallcenter_transacciones_delta1	0.000808954151851238	0.00144670761650192	0.00167106633406796
ctarjeta_visa_transacciones_lag1	0.000807925611961158	0.00202623215248364	0.00178004892107239
tcallcenter	0.000793751467469501	0.00110894452185439	0.000787096461698675
Master_mpagospesos	0.000786450855907642	0.000787402207737331	0.0015015378653944
Visa_msaldototal_delta1	0.000779756773836715	0.00104416358283399	0.0019253590370783
mprestamos_prendarios	0.000739954300403525	0.00915096453549162	0.00085975151970163
ctarjeta_master_transacciones	0.000731542043027857	0.00368368717026697	0.00127146351505171
mautoservicio_lag1	0.000729237934882666	0.00321441012266139	0.00186481315540917
mplazo_fijo_dolares	0.000681999631476353	0.00495129110005272	0.000932406577704585
mtarjeta_visa_consumo_delta1	0.000669773728876531	0.000813836052877585	0.00167106633406796
ccomisiones_otras_delta1	0.000656300477914278	0.000652748379990316	0.00178004892107239
mtarjeta_visa_consumo_lag1	0.000644276769902544	0.000402252171872919	0.00135622774938849
Visa_mconsumosdolares_lag1	0.000622907640645096	0.000478951290439954	0.00161052045239883
active_quarter	0.000620836849403347	0.000425346706827972	0.00023007435034269
mcuenta_debitos_automaticos_lag1	0.000615218396304653	0.000955114471942368	0.0015499745707297
Master_status_delta1	0.00061302357112115	0.00051003593544889	0.000387493642682425
Master_Finiciomora_delta1	0.000605502581162692	0.00038164779923505	0.000302729408345644
Master_msaldopesos_lag1	0.000603778484941319	0.00126843293478366	0.00145310116005909
tpaquete4	0.000603173992701669	0.00398124541090996	0.000968734106706062
tmobile_app	0.000598569433377398	0.000953445236492894	0.00111404422271197
Visa_mconsumosdolares_delta1	0.000584910660307308	0.0017079274900042	0.00162262962873265
Master_mconsumospesos	0.000583015529916603	0.00131682523602268	0.0011261533990458
Master_mpagominimo_lag1	0.000571397350020585	0.0022948133008136	0.00141677363105762
Visa_mpagado_delta1	0.000569717056222698	0.00172959135662763	0.00142888280739144
cprestamos_personales_lag1	0.000566439686459389	0.00522628764760151	0.00135622774938849
mtransferencias_recibidas_delta1	0.000560921047306507	0.00050344585977834	0.00152575621806205
ctransferencias_recibidas	0.00055731095526489	0.00114397139931163	0.00123513598605023
ctarjeta_debito_transacciones_lag1	0.000544892338940133	0.000590082337420545	0.00133200939672084
ctarjeta_visa_debitos_automaticos	0.000537824832311523	0.000575517993224165	0.00142888280739144
Visa_mfinanciacion_limite_delta1	0.000506834321433264	0.00290035508122097	0.00133200939672084
ctransferencias_emitidas	0.00050476201934355	0.00222794746982617	0.00123513598605023
cextraccion_autoservicio	0.000490459491838936	0.000694597710499822	0.000653895522026592
Master_mfinanciacion_limite_delta1	0.000488939206718516	0.000542626469820013	0.00110193504637815
Master_mpagospesos_lag1	0.000488723192442363	0.000758153396499392	0.00133200939672084
mextraccion_autoservicio	0.000482495925249533	0.00111387511877818	0.00106560751737667
Visa_delinquency_lag1	0.000482339801678302	3.24414561501618e-05	0.000108982587004432
Master_msaldototal_lag1	0.000475743805932079	0.000750057431466656	0.00107771669371049
mtarjeta_master_consumo_lag1	0.000475016327113967	0.00238481688999818	0.000811314814366327
ctransferencias_emitidas_lag1	0.000471386027140622	0.0015579650809746	0.00127146351505171
mpagomiscuentas_lag1	0.000469574078079961	0.00205685172799679	0.00119880845704875
Visa_msaldodolares	0.000452821563711322	0.000577941642105677	0.000666004698360418
ctransferencias_emitidas_delta1	0.000443947669998222	0.0018379803505039	0.00111404422271197
Visa_mpagado	0.000442060868723267	0.00138912985176101	0.00107771669371049
ccuenta_debitos_automaticos	0.000437957089938831	0.00183438243524152	0.00108982587004432
ctarjeta_debito_transacciones_delta1	0.000427631844164054	0.000783417906065525	0.00113826257537962
thomebanking_lag1	0.000425473777877897	0.000245180483713564	0.000883969872369281
Master_msaldototal_delta1	0.000419810195941033	0.000846335839422436	0.00108982587004432
mautoservicio_delta1	0.000412871807657021	0.000243897634673519	0.00104138916470902
ccajas_consultas_delta1	0.000411274581359264	0.00281794829156924	0.00115037175171345
Visa_msaldodolares_lag1	0.000411172713672043	0.000488660993118583	0.000823423990700153
Master_mpagospesos_delta1	0.000410244146385222	0.00120702529704177	0.00121091763338258
Master_Finiciomora_lag1	0.000406660466726114	0.00356872950251965	0.000690223051028069
cliente_vip_lag1	0.000406258836844698	0.000364919250520589	0.000339056937347122
internet_lag1	0.000404102933166817	0.000382637212818356	0.00085975151970163
ccuenta_debitos_automaticos_delta1	0.000401289855131884	0.00492461260296927	0.00101717081204137
Visa_fultimo_cierre_delta1	0.00039432520271642	0.000417110476079947	0.000932406577704585
mextraccion_autoservicio_lag1	0.000380147417428583	0.000309095803873199	0.000968734106706062
ccajas_consultas	0.000378731240411449	0.00268258232943526	0.00106560751737667
Master_cconsumos_lag1	0.000378388523994733	0.000478612953168598	0.000968734106706062
Master_msaldopesos_delta1	0.00037836105304205	0.00034686032818192	0.00100506163570754
mcuenta_debitos_automaticos_delta1	0.000378354130870446	0.00150290884687463	0.000992952459373713
mextraccion_autoservicio_delta1	0.000377026585410891	0.00064334910831508	0.000992952459373713
Master_mconsumospesos_lag1	0.000376729234457681	0.000758076496896321	0.00100506163570754
Visa_mconsumototal	0.000375414686741351	0.00059993912501528	0.000896079048703107
cpagomiscuentas	0.000375355287378211	0.000621459158956838	0.000883969872369281
tmobile_app_lag1	0.000375221722622624	0.000245871950676513	0.000787096461698675
tcallcenter_delta1	0.00037088105690203	0.000321789798651365	0.000460148700685379
ctarjeta_debito	0.000363625769818504	0.00119337776816768	0.000908188225036933
Master_status_lag1	0.000362249743702088	0.000602512061939316	0.000363275290014773
ctarjeta_master	0.000359612301222664	0.000697547591862923	0.000411711995350076
Master_mpagominimo_delta1	0.000355232747937294	0.00300162556381868	0.000920297401370759
cpagomiscuentas_delta1	0.000351111546291722	0.00369028049817176	0.000811314814366327
mplazo_fijo_dolares_delta1	0.000346215119702327	0.00494417374279277	0.000883969872369281
ctransferencias_recibidas_lag1	0.000339717707226033	0.000550055097369618	0.000883969872369281
matm_other_delta1	0.000337508057417233	0.000527512602948481	0.000920297401370759
ctransferencias_recibidas_delta1	0.000335111643938026	0.00137398000049131	0.000811314814366327
Master_fultimo_cierre_delta1	0.000333158807384146	0.000250338422301545	0.000847642343367804
cextraccion_autoservicio_delta1	0.000327320029681893	0.000938267583866018	0.000896079048703107
ccuenta_debitos_automaticos_lag1	0.000324604040559053	0.000932543546699359	0.000823423990700153
ctarjeta_master_transacciones_lag1	0.000316423951221193	0.000966249072859621	0.000762878109031024
Master_mconsumospesos_delta1	0.000311311887387218	0.000800283153528692	0.000847642343367804
cextraccion_autoservicio_lag1	0.000311165334974601	0.000233058882160987	0.000690223051028069
mcheques_emitidos_rechazados	0.00031078288791529	0.00132423487472078	0.000569131287689811
Visa_status_delta1	0.000310331179275458	0.00110562336123444	0.000617567993025114
ccomisiones_mantenimiento_lag1	0.000310232459281553	0.000223097708338345	0.000581240464023637
cpagomiscuentas_lag1	0.000309795077521303	0.00111273253545342	0.00085975151970163
mpagomiscuentas_delta1	0.000307954803703551	0.000408105878765903	0.000871860696035456
Visa_mpagosdolares_lag1	0.000305408697803132	0.000585977703081996	0.000702332227361895
ctarjeta_debito_lag1	0.000300984843227872	0.0015398336652857	0.000835533167033978
mcheques_emitidos_rechazados_lag1	0.00029234819074854	0.00230109724682281	0.000532803758688334
Master_cconsumos	0.000286815184371296	0.000867665040651872	0.000702332227361895
Visa_mlimitecompra_delta1	0.000279679478254502	0.00172768722593767	0.000714441403695721
mcheques_depositados	0.000277929708344328	0.00321402394607353	0.000593349640357463
minversion2	0.000273956876387546	0.00538841603544439	0.000581240464023637
cinversion1	0.000264608426401577	0.0101677782971493	0.000484367053353031
matm_delta1	0.000263559345735336	0.000481518247449427	0.000787096461698675
Visa_mpagado_lag1	0.000255247015495	0.000737591512728158	0.000762878109031024
catm_trx_lag1	0.000253572213390116	0.000310331862704555	0.000569131287689811
matm_other_lag1	0.000252603286754549	0.000320411166067521	0.000653895522026592
Visa_msaldodolares_delta1	0.000252552315608027	0.000617816027147498	0.000690223051028069
matm_lag1	0.00024651311432544	0.000818533433133393	0.000714441403695721
mprestamos_prendarios_lag1	0.000245479131252152	0.0016434154373176	0.000326947761013296
ccaja_ahorro_lag1	0.00024491538900118	0.000798986875908574	0.000593349640357463
catm_trx_delta1	0.000239200230746097	0.000443525227457911	0.000666004698360418
matm_other	0.000238153589978443	0.000310764619679546	0.000641786345692766
ccallcenter_transacciones_lag1	0.000237021317735864	0.000699227108569014	0.000666004698360418
mtarjeta_master_consumo_delta1	0.000231648639752457	0.00079829971028768	0.000653895522026592
ccajas_transacciones_lag1	0.000225516499306555	8.98803190159534e-05	0.000460148700685379
Master_cconsumos_delta1	0.000225457786605164	0.000785714088347131	0.000617567993025114
cpayroll_trx_delta1	0.000224434779873555	0.00038811366053993	0.000411711995350076
mcheques_depositados_lag1	0.000213381962103438	0.0027464803393159	0.000605458816691289
matm	0.000210101075460058	0.000577408800244833	0.000605458816691289
cseguro_vida_lag1	0.000209352599905733	0.000368924219616413	0.000557022111355986
Visa_mpagosdolares	0.00020680081227559	0.00065187625666108	0.00054491293502216
mforex_sell	0.000205938345267617	0.00103866961501186	0.000593349640357463
ccajas_transacciones_delta1	0.00020285092529163	0.000233004538376006	0.000399602819016251
mcheques_emitidos	0.00020218350239992	0.00379311866258215	0.000435930348017728
Master_Fvencimiento_delta1	0.000200803533701966	0.000202692771096708	0.000484367053353031
catm_trx_other_delta1	0.000200612701932931	0.000418324713468685	0.000532803758688334
tcuentas_lag1	0.000200386215784945	0.000570658001256541	0.000205855997675038
Visa_mconsumototal_delta1	0.000198664132319809	0.000138636975400221	0.000520694582354508
ccajas_depositos_lag1	0.000198135947428198	0.00226182809208128	0.000423821171683902
internet_delta1	0.000195369295668323	0.000107431053527506	0.000423821171683902
cliente_vip_delta1	0.000194518351417637	0.000337234134485617	0.000326947761013296
ccheques_emitidos	0.000191408207724724	0.00360155094552155	0.000399602819016251
ctarjeta_master_transacciones_delta1	0.000191201712575226	0.00128289257801979	0.000508585406020683
Visa_mpagosdolares_delta1	0.000190517541156557	0.000418256206728159	0.000520694582354508
Master_delinquency	0.000190102212461317	0.000375745728471649	0.000217965174008864
mcaja_ahorro_adicional_lag1	0.000187562436528769	0.000415288700353714	0.000435930348017728
Visa_mconsumototal_lag1	0.000187130980648199	4.14355623860243e-05	0.000460148700685379
mforex_buy_delta1	0.000182406149853088	0.00119588922737357	0.000508585406020683
ccajas_consultas_lag1	0.000181560503256225	0.000798406929106696	0.000557022111355986
mprestamos_prendarios_delta1	0.000180352274120858	0.00208696133219952	0.000351166113680947
catm_trx_other_lag1	0.000179757555083917	0.000313279226208892	0.000448039524351554
mplazo_fijo_dolares_lag1	0.000174980200028361	0.00147519404108841	0.000460148700685379
mttarjeta_master_debitos_automaticos_delta1	0.000170192890218585	0.00180496702568206	0.000496476229686857
mcaja_ahorro_adicional	0.000165857684171327	0.000765883013082027	0.000302729408345644
Master_mlimitecompra_delta1	0.000165733363173264	0.000298375915276465	0.000411711995350076
cprestamos_hipotecarios	0.000163121479912333	0.000825288008909831	0.000169528468673561
ccaja_seguridad_delta1	0.000161071877684894	0.00218597287584317	0.000217965174008864
ccheques_emitidos_rechazados_lag1	0.000160424688820941	0.000768141952036088	0.000181637645007387
mprestamos_hipotecarios_lag1	0.00015935937994732	0.00247860775840633	0.000254292703010341
mforex_sell_lag1	0.000157506442191367	0.000219693773111545	0.000435930348017728
mttarjeta_master_debitos_automaticos	0.000156291847546299	0.000704878022920748	0.000435930348017728
cseguro_accidentes_personales_lag1	0.000155362019645207	0.000373521829718715	0.000411711995350076
catm_trx	0.000148635181135247	0.000249828870634265	0.000399602819016251
ccajas_depositos	0.000147113458812096	0.00248812463506798	0.000387493642682425
ctarjeta_visa_delta1	0.000146606034991952	8.53495370816683e-05	8.47642343367804e-05
mforex_buy_lag1	0.000144324287780866	0.00205345125482579	0.000423821171683902
mtarjeta_visa_descuentos	0.000143370508528834	0.00570743073409516	0.000411711995350076
mttarjeta_master_debitos_automaticos_lag1	0.000139329011678015	0.000218160292213741	0.000363275290014773
ccajas_otras_delta1	0.000138909677322496	0.000334608742170673	0.000423821171683902
catm_trx_other	0.000138435918979717	0.00026938445018632	0.000363275290014773
mpagodeservicios_lag1	0.000138293440589368	0.000443713961954397	0.000375384466348599
Visa_delinquency_delta1	0.00013812534294365	8.36205024865598e-05	0.000169528468673561
ccheques_emitidos_rechazados	0.000138035112484025	0.000683194747802684	0.000205855997675038
ctarjeta_debito_delta1	0.000135231308465201	0.00446952337476414	0.000363275290014773
ccheques_emitidos_rechazados_delta1	0.000135199629487946	0.00283404978854079	0.000278511055677993
mcajeros_propios_descuentos_delta1	0.00013505264112757	0.000841789006138533	0.000399602819016251
mforex_sell_delta1	0.000134558042784845	0.00025154961727761	0.000411711995350076
mcaja_ahorro_adicional_delta1	0.000134494961320155	0.000505193988135739	0.000387493642682425
ccheques_emitidos_lag1	0.000133713591161937	0.00185901653591972	0.000351166113680947
Master_fechaalta_delta1	0.000132113537687726	0.000744517302900519	0.00031483858467947
ccajas_transacciones	0.000130126215953018	0.000215227196575731	0.000266401879344167
thomebanking_delta1	0.000127658828641623	0.000297020992529312	0.000363275290014773
mtarjeta_visa_descuentos_delta1	0.000126366954691539	0.00180040613435339	0.000363275290014773
ccajas_otras_lag1	0.000124677904955749	0.000369527141879509	0.000326947761013296
ccheques_depositados	0.000119039534823996	0.00189957095264927	0.00023007435034269
cseguro_vivienda_lag1	0.00011740455910051	0.000328893937152813	0.000290620232011819
cseguro_vivienda	0.000117191354229896	0.00103725258508187	0.00031483858467947
Visa_Fvencimiento_delta1	0.000112380159670087	4.57507526636776e-05	0.000278511055677993
Master_mconsumosdolares_delta1	0.000112250781005601	0.000999857031992794	0.000302729408345644
cforex_buy_delta1	0.000107838768583802	0.00134318365031081	0.000290620232011819
Master_msaldodolares	0.000106818609521234	0.00219333645870805	0.000266401879344167
mpagodeservicios	0.000106488335306529	0.00389529515469162	0.000326947761013296
Master_mconsumototal	0.000105274329663226	9.61980462969094e-05	0.000278511055677993
ccajas_extracciones_lag1	0.000102110926218127	0.00226594111928238	0.000326947761013296
ccajas_extracciones_delta1	0.000100194284375069	0.00114209297176321	0.00031483858467947
Master_mpagado_lag1	9.92824553689145e-05	0.000688699521435348	0.000278511055677993
mforex_buy	9.76640368548804e-05	0.00128859468883305	0.000290620232011819
mcheques_depositados_rechazados_lag1	9.72712980343613e-05	0.000925026479360683	0.00023007435034269
Master_delinquency_lag1	9.51350803676452e-05	6.92602097608119e-05	7.26550580029546e-05
tcallcenter_lag1	9.48387127383941e-05	3.71673721386245e-05	0.000217965174008864
mprestamos_hipotecarios	9.47258683892985e-05	0.0026183960247262	0.000193746821341212
tpaquete4_lag1	9.15758334751628e-05	0.000418477358656227	0.000242183526676515
ctarjeta_visa_lag1	8.89794150727617e-05	9.02701674811814e-05	0.000108982587004432
cforex_buy	8.85151372729404e-05	0.00055354988533347	0.000254292703010341
Master_mconsumosdolares	8.82452017182921e-05	0.000313757409552409	0.000242183526676515
cforex_lag1	8.80569577787036e-05	0.000322968995838976	0.00023007435034269
ccajas_otras	8.72325030779219e-05	0.000261881650713971	0.000266401879344167
Master_mpagosdolares_lag1	8.678333007548e-05	0.000502103526325005	0.000242183526676515
Master_mconsumototal_lag1	8.65897678293831e-05	0.000290181963573512	0.000242183526676515
cseguro_accidentes_personales	8.59191018257507e-05	0.000143116980516107	0.000242183526676515
mcajeros_propios_descuentos_lag1	8.58459091907717e-05	0.000554021459297733	0.000254292703010341
ctarjeta_master_debitos_automaticos_delta1	8.53243901533333e-05	0.00057681699852461	0.000278511055677993
mtarjeta_visa_descuentos_lag1	8.44644214798393e-05	0.00266027619900556	0.000266401879344167
Master_msaldodolares_delta1	8.41924283414213e-05	0.000301828529106027	0.000242183526676515
Master_mconsumosdolares_lag1	8.32807581528125e-05	0.000343603477871226	0.000217965174008864
Master_mpagosdolares	8.19783204344531e-05	0.000444312582875439	0.000217965174008864
ctarjeta_master_delta1	8.0995079406974e-05	0.000108866233022748	9.68734106706062e-05
Master_mpagado_delta1	7.99927751508435e-05	0.000143089913534399	0.000205855997675038
mcheques_depositados_delta1	7.96439498620531e-05	0.000600047917496023	0.000254292703010341
minversion2_lag1	7.81415017771556e-05	0.00109420015075642	0.000217965174008864
active_quarter_lag1	7.7565519848563e-05	7.19727829354449e-05	0.000169528468673561
ccajas_extracciones	7.58475145682519e-05	0.000680513123308686	0.00023007435034269
mcheques_emitidos_rechazados_delta1	7.5281727701475e-05	0.000474998986556602	0.000217965174008864
cseguro_vida	7.48661412479201e-05	5.61759468742913e-05	0.000181637645007387
minversion1_pesos_lag1	7.42696552056833e-05	0.000405810011216643	0.000205855997675038
ctarjeta_master_lag1	7.34796887275975e-05	0.00033319433501023	0.000169528468673561
mcheques_emitidos_delta1	7.26930281199802e-05	0.00110974131924228	0.000205855997675038
cpagodeservicios_lag1	7.24601002554868e-05	0.000244713211091356	0.000205855997675038
ctarjeta_master_debitos_automaticos_lag1	7.23536174136344e-05	0.000432524912341382	0.000217965174008864
mcajeros_propios_descuentos	7.00865283255795e-05	0.000599080535176898	0.000217965174008864
mcheques_depositados_rechazados	6.8830159222603e-05	0.000522169916473722	0.000181637645007387
mcheques_emitidos_lag1	6.83362483421182e-05	0.000491011833917515	0.000181637645007387
mtarjeta_master_descuentos_lag1	6.17021509538342e-05	0.00553455182370725	0.000242183526676515
tpaquete3_lag1	5.90687808956945e-05	0.000100258093553186	0.000157419292339735
cforex	5.89453828645183e-05	0.000115990724215869	0.000169528468673561
mpagodeservicios_delta1	5.88134051637017e-05	0.000563112398185211	0.000193746821341212
Master_mconsumototal_delta1	5.84787561019621e-05	0.000115669907045075	0.000169528468673561
cinversion2_lag1	5.75869008036759e-05	0.00115369369128407	0.000157419292339735
ctarjeta_visa_descuentos_delta1	5.73779827260141e-05	0.000224579678042277	0.000193746821341212
Master_msaldodolares_lag1	5.62927673858249e-05	0.000272251766764132	0.000157419292339735
ccajas_depositos_delta1	5.55555726802069e-05	0.000907639510579545	0.000193746821341212
Master_mpagosdolares_delta1	5.46376378438461e-05	0.000113024371860023	0.000157419292339735
cforex_delta1	5.45159450200097e-05	0.0001852058223405	0.000181637645007387
Master_mpagado	5.37522959861206e-05	0.000439823345610753	0.000157419292339735
ccheques_depositados_rechazados_lag1	5.30717008440029e-05	0.000654469965919915	0.000108982587004432
minversion2_delta1	5.13930288422251e-05	0.00215274133659516	0.000157419292339735
cplazo_fijo_lag1	5.07951081588305e-05	0.000502597446285795	0.000145310116005909
ctarjeta_master_descuentos_delta1	5.07627791823455e-05	8.28034573177772e-05	0.000145310116005909
minversion1_pesos	5.0546601445795e-05	0.000832914812926286	0.000133200939672084
cinversion2_delta1	5.00785089830044e-05	0.00174817661635867	0.000145310116005909
ccajeros_propios_descuentos	4.95641266489354e-05	0.00286350873607471	0.000157419292339735
ccheques_depositados_lag1	4.69274654493738e-05	0.00120269688800561	0.000157419292339735
cplazo_fijo_delta1	4.57485096537168e-05	0.00126732570639237	0.000169528468673561
Master_delinquency_delta1	4.54564880538007e-05	0.000135854426734117	0.000108982587004432
ctarjeta_master_debitos_automaticos	4.50521672396111e-05	0.000313539824590923	0.000157419292339735
ccheques_depositados_rechazados	4.35703026771308e-05	0.000901896169829031	0.000108982587004432
Visa_madelantopesos	4.2429967082034e-05	0.000248292452234571	0.000108982587004432
cforex_sell_lag1	4.11520724380518e-05	5.43912046540385e-05	8.47642343367804e-05
cseguro_auto	4.10996568843739e-05	0.000410218047536204	0.000121091763338258
cpagodeservicios	3.8272330578141e-05	4.92711388582933e-05	9.68734106706062e-05
cliente_edad_delta1	3.82106813531343e-05	2.22827353253605e-05	0.000108982587004432
ctarjeta_visa_descuentos	3.80952230785634e-05	0.000200683100160242	0.000108982587004432
ccajeros_propios_descuentos_lag1	3.76929616092253e-05	0.000422074014989223	9.68734106706062e-05
tcuentas	3.68511908328952e-05	9.14905946060463e-06	3.63275290014773e-05
cforex_sell_delta1	3.67149554770232e-05	9.04962502159948e-05	9.68734106706062e-05
ccheques_depositados_delta1	3.57289423469163e-05	0.000217735928101296	0.000121091763338258
active_quarter_delta1	3.54591414349656e-05	0.000225767792646343	9.68734106706062e-05
cseguro_vivienda_delta1	3.41763655529229e-05	0.00037500285522561	8.47642343367804e-05
cliente_vip	3.21219946365508e-05	2.76984397042631e-05	8.47642343367804e-05
cseguro_auto_lag1	3.21188467831365e-05	0.00024243087703295	0.000121091763338258
ctarjeta_visa_descuentos_lag1	3.20635281663949e-05	2.30721889585255e-05	0.000108982587004432
cseguro_accidentes_personales_delta1	3.16272084984821e-05	0.000607059314866346	0.000108982587004432
cpagodeservicios_delta1	3.13539648319886e-05	0.000189061503393799	9.68734106706062e-05
cprestamos_hipotecarios_lag1	3.00934030738798e-05	4.40082894884966e-05	2.42183526676515e-05
mtarjeta_master_descuentos_delta1	2.85003385322772e-05	0.000339703314646437	0.000108982587004432
cforex_buy_lag1	2.82255009267851e-05	0.000300984521866318	8.47642343367804e-05
cforex_sell	2.52299112730604e-05	0.000228150106679819	6.05458816691289e-05
Master_madelantopesos	2.25777664834646e-05	8.84114631597484e-05	6.05458816691289e-05
mcheques_depositados_rechazados_delta1	2.21515751163628e-05	0.000160718282024495	8.47642343367804e-05
ccheques_depositados_rechazados_delta1	2.1698384926561e-05	0.00065952645578188	7.26550580029546e-05
Visa_madelantopesos_lag1	2.13571819193825e-05	6.32413732972495e-05	4.84367053353031e-05
minversion1_dolares_lag1	2.06440346237041e-05	0.000539195152879159	7.26550580029546e-05
mtarjeta_master_descuentos	2.02221630298107e-05	0.000412646941956806	7.26550580029546e-05
cinversion2	1.95904242953403e-05	0.000597307333142645	6.05458816691289e-05
cseguro_vida_delta1	1.86718990163291e-05	0.000299421246306479	6.05458816691289e-05
ctarjeta_master_descuentos_lag1	1.84190967049334e-05	8.09677284575619e-05	4.84367053353031e-05
Visa_cadelantosefectivo	1.83307374746187e-05	0.000101163473600258	4.84367053353031e-05
cliente_antiguedad_delta1	1.82010440568107e-05	0.00260759619411372	7.26550580029546e-05
cinversion1_lag1	1.55474334068822e-05	0.000531956518755422	4.84367053353031e-05
mprestamos_hipotecarios_delta1	1.49966373474719e-05	0.000363685814458779	4.84367053353031e-05
tpaquete4_delta1	1.44062829112728e-05	0.000347682094335885	4.84367053353031e-05
Visa_madelantopesos_delta1	1.41253465199012e-05	3.17859735853758e-05	3.63275290014773e-05
minversion1_pesos_delta1	1.36981218781612e-05	2.8102031481909e-05	4.84367053353031e-05
Master_madelantopesos_lag1	1.35218734662361e-05	2.39577408678339e-05	3.63275290014773e-05
Master_cadelantosefectivo	1.2930240324655e-05	7.77910299841752e-05	3.63275290014773e-05
ccheques_emitidos_delta1	1.19733783792306e-05	0.000114488401820264	3.63275290014773e-05
Visa_cadelantosefectivo_delta1	1.14898557992488e-05	8.40479090116779e-05	3.63275290014773e-05
ctarjeta_master_descuentos	7.54705524778139e-06	4.98672419205715e-06	2.42183526676515e-05
cprestamos_prendarios	7.26264632357715e-06	0.000169862830321482	2.42183526676515e-05
minversion1_dolares	5.86041547219016e-06	0.000281171910898814	2.42183526676515e-05
cprestamos_prendarios_delta1	4.29978525177538e-06	9.03721407611065e-05	1.21091763338258e-05
mplazo_fijo_pesos	4.27099444843937e-06	0.000506174903945718	2.42183526676515e-05
cinversion1_delta1	4.23169350976926e-06	1.00026135814591e-05	1.21091763338258e-05
mpayroll2_lag1	4.21808002835734e-06	0.000801875594285876	2.42183526676515e-05
Master_cadelantosefectivo_lag1	4.05262192384819e-06	4.77936803179794e-05	1.21091763338258e-05
ccajeros_propios_descuentos_delta1	4.04475084942755e-06	8.47574206290991e-07	1.21091763338258e-05
tpaquete1	3.907232145322e-06	4.201708284963e-05	1.21091763338258e-05
mplazo_fijo_pesos_delta1	3.78673413534131e-06	1.30888789609205e-05	1.21091763338258e-05
ccuenta_corriente_lag1	2.94730463702624e-06	5.10193721264742e-05	1.21091763338258e-05
cprestamos_prendarios_lag1	2.8549042046017e-06	0.000125701790734661	1.21091763338258e-05
