Feature	Gain	Cover	Frequency
mdescubierto_preacordado_delta1	0.0966959842231464	0.00276602388144366	0.000264735112989814
mcuenta_corriente_delta1_avg3	0.0348175487616231	0.00324030237086055	0.00150595220012239
mv_status01_max6	0.0326662915583069	0.00173244964670946	0.000394932709542182
ctrx_quarter	0.0279224824460711	0.00343531819117467	0.00275150920714004
mpasivos_margen_avg3	0.0213366612044438	0.00194413671659808	0.00204844218575725
mcaja_ahorro	0.0168128976203381	0.00356206779120005	0.00369761174208724
ctrx_quarter_min6	0.0165718921570616	0.00609837939270868	0.00220901922150517
ctarjeta_visa_transacciones	0.0164287048451491	0.00912593714262642	0.00270811000828925
ctrx_quarter_avg3	0.0135364657970795	0.00186190609528571	0.00203976234598709
mv_Finiciomora	0.00949769578959481	0.00539935212988845	0.000607588783911049
mpayroll	0.00785548524135571	0.00387931363280293	0.00102422109287863
mautoservicio	0.00782544576982811	0.00315649923538838	0.00128895620586844
mprestamos_personales_tend6	0.00765391127890904	0.000648127503022491	0.000381912949886945
mcuentas_saldo	0.00740379054995812	0.00668231598321821	0.00320720079507332
cproductos_delta3	0.00724026693541087	0.00133484142104023	0.000425312148737734
mtarjeta_visa_consumo	0.00647462020924095	0.00621182033856552	0.0033156987922003
foto_mes	0.00548380719844597	0.00589126925313287	0.00196598370794075
mcaja_ahorro_avg6	0.00488703788375269	0.00133753986203019	0.00197900346759599
mprestamos_personales	0.00434694987913224	0.00457410738843602	0.000993841653683073
mactivos_margen_avg3	0.00420565736778393	0.00251377367604063	0.00238261601690833
cpayroll_trx	0.00416333969447465	0.00249867077974121	0.000407952469197419
mprestamos_personales_min6_avg3	0.00412022505453141	0.00121139281816845	0.00060324886402597
cpayroll_trx_min6_avg3	0.00409147997457052	0.00169820346345003	0.000542489985634865
mprestamos_personales_delta1	0.0039623206622872	0.00615728662504395	0.000677027502072312
mcuentas_saldo_delta5	0.00342568159209794	0.00175955317802047	0.0025128136134607
mcomisiones_mantenimiento_delta3	0.0032135688812707	0.00172908499230899	0.000581549264600576
cpayroll_trx_avg6_avg3	0.00312997179727108	0.00192788919093505	0.00084628437759039
mv_msaldopesos_avg3	0.00279817940047554	0.00210018220523263	0.0019139046693198
mv_msaldototal_avg3	0.00279148773949168	0.00189473105758596	0.00152765179954778
ctrx_quarter_min6_delta3_lag5_avg6	0.00274654349260183	0.00126735607441867	0.00144953324161636
mcuentas_saldo_delta3	0.00273170761922234	0.00109347716249699	0.00204410226587217
mcuentas_saldo_avg3	0.00271215205297713	0.00184524235246202	0.00210486114426328
mprestamos_personales_delta1_avg3	0.00270923650082291	0.000905980404064803	0.000486071027128839
mv_status01	0.00268048259982163	0.00279065516089057	0.000273414952759972
mprestamos_personales_min6	0.0026798692015968	0.00241061547744416	0.000664007742417075
ctarjeta_visa_transacciones_delta5_avg6_avg3	0.00264970846243191	0.00103475502518885	0.00111535941046528
cpayroll_trx_min6	0.00250751315225291	0.00117019418257827	0.000425312148737734
mpayroll_delta1_avg3	0.00242274086398879	0.00228142403861939	0.00111969933035036
mprestamos_personales_delta3_avg6	0.00241366850243819	0.000755787264153634	0.000520790386209471
Visa_mpagominimo_max6_delta5	0.00241328562516397	0.000952284316537697	0.00133235540471923
ctrx_quarter_delta1	0.00240652207365094	0.00276932196168837	0.00237827609702325
Visa_Finiciomora	0.00216521295395071	0.00362383758354585	0.000329833911265998
mdescubierto_preacordado_tend6_avg6	0.00215707054944201	0.00114643570232418	0.000420972228852655
mcuenta_corriente_delta3	0.00210555930944692	0.0023755962704341	0.00180974659207791
ccaja_ahorro	0.00203640694063737	0.00431307042396988	0.000503430706669155
Visa_mfinanciacion_limite_avg3	0.00199064758737902	0.00226345051791426	0.00178804699265252
mcaja_ahorro_avg3	0.00197593054651286	0.00226232643560003	0.00299454472070446
ctrx_quarter_min6_delta5	0.00189687278377032	0.00113229362723279	0.00154935139897318
Master_mfinanciacion_limite	0.0018847349801908	0.00301263312822614	0.00292076608265811
mcuentas_saldo_delta1	0.0018663836276242	0.0026565752401465	0.00200070306702138
mdescubierto_preacordado_delta1_avg6_avg3	0.00178518538461434	0.00133024771850133	0.000212656074368867
Master_mfinanciacion_limite_avg6_avg3	0.00177589022145419	0.00236415992860489	0.00300756448035969
mrentabilidad_annual_delta1_lag5_avg3	0.00174848749556286	0.00143919598123733	0.00203542242610201
numero_de_cliente	0.0017465568927634	0.0032699954738269	0.0025128136134607
mv_msaldopesos	0.00174195869910717	0.00254720587013789	0.00243469505552928
mactivos_margen	0.00171138709176538	0.00285253918453585	0.00299020480081938
mv_fechaalta	0.00166962769869365	0.00200980268419746	0.00289038664346256
mcaja_ahorro_delta1	0.00166558343192119	0.00164763172721485	0.00126291668655797
Visa_mpagominimo_max6	0.00165798884206373	0.00119309217471086	0.00187484539035409
cproductos	0.00164875368215277	0.00402626612983702	0.00112403925023544
mv_cconsumos	0.00164189056859388	0.00150643913862988	0.00177936715288236
mv_Finiciomora_avg3	0.00163877769423523	0.0020431126254958	0.000316814151610761
ctrx_quarter_delta3	0.00163489066418971	0.001227055160434	0.00225675834024104
Visa_fechaalta	0.00161072352315414	0.00183872314689234	0.00283830760484162
mdescubierto_preacordado_delta1_tend6	0.00159037034551002	0.00353797240796958	0.000368893190231708
ccaja_ahorro_delta3_avg6_avg3	0.00157719631693788	0.00213462515115474	0.000208316154483788
mv_mpagominimo	0.00151892578242286	0.00319226688690211	0.00197466354771091
mcuentas_saldo_min6_delta3_avg6	0.00149449947098596	0.000661069398794282	0.00123253724736241
mrentabilidad_max6	0.00146657867684466	0.00169550429323285	0.0015233118796627
ccaja_ahorro_delta3	0.00145669982266239	0.00322454196898155	0.000186616555058394
Master_Fvencimiento_lag1_avg3	0.00144713472874813	0.00180633885231253	0.00246507449472483
mcuenta_corriente_min6_lag3_lag5_avg6_avg3	0.00143857980901814	0.00188877447226561	0.0017099284347211
mcuentas_saldo_min6	0.00143078156781535	0.00435147822119156	0.00196164378805567
mv_Finiciomora_lag1	0.00142197192058898	0.00460492946382856	0.000329833911265998
mv_fechaalta_tend6	0.00141706859696767	0.000630972690008634	0.000863644057130705
mactivos_margen_lag1	0.00140770762410303	0.00165854864478369	0.0028817068036924
Visa_mfinanciacion_limite	0.00140766357845231	0.00302007411989964	0.00227411801978136
mcuenta_debitos_automaticos	0.00139995481364082	0.00217026132728998	0.000876663816785942
ctarjeta_visa_transacciones_tend6	0.00138408130204229	0.00111971981962503	0.00131065580529383
mrentabilidad_annual_lag1_lag3_lag5	0.00137782740938803	0.00172707880243093	0.00247809425438006
ctrx_quarter_delta1_avg3	0.00136198024706688	0.00100325789986769	0.00171426835460617
Visa_mpagominimo_delta1_avg3	0.00135272360863769	0.00160370676841742	0.00159709051770904
Visa_mpagospesos_max6	0.00134814117130074	0.00316067946609263	0.00321588063484348
mprestamos_personales_delta5_tend6	0.00134246806947324	0.00137408405474349	0.00040361254931234
mactivos_margen_min6	0.00134175262736022	0.00293426239238914	0.00203976234598709
mcuenta_corriente_delta1	0.00133761840643192	0.00138216114703282	0.00128461628598336
Master_fechaalta_lag3	0.00133346847584657	0.00153384705796232	0.00239129585667849
mprestamos_personales_delta3	0.00131725106658501	0.00147959448298254	0.000490410947013918
chomebanking_transacciones_avg6_lag5	0.00131294667936579	0.00099635207518341	0.00163614979667475
Visa_mfinanciacion_limite_lag3_lag5	0.00130851229520769	0.00149168927409714	0.00220033938173501
Visa_fultimo_cierre_avg6_delta3_avg6	0.00130832867667907	0.000907692157728214	0.00147991268081191
mpagomiscuentas	0.00130545387429741	0.00654670309816718	0.000833264617935153
Master_mfinanciacion_limite_lag5_avg6_avg3	0.00130507497960961	0.00156282230107259	0.00208750146472296
mpasivos_margen	0.0013001688832646	0.00301844309597923	0.00302492415990001
ctrx_quarter_delta1_avg6	0.00128288662303662	0.000690695798917717	0.00117177836897131
Master_Fvencimiento_lag1_lag5_avg6_avg3	0.00127630212863595	0.00139305451485197	0.00230883737886199
Master_fechaalta_lag3_lag5_avg6	0.00126329090214642	0.00136436860336581	0.00246073457483975
Master_fultimo_cierre_avg6_lag3_avg6_avg3	0.00125345964559663	0.00158068630900731	0.00208316154483788
internet_avg6_avg6_avg3	0.00124922427205544	0.00201727649109593	0.00165350947621507
mvr_msaldopesos2_avg6_lag3_lag5_avg6_avg3	0.0012271893974428	0.00243035947605189	0.00236091641748293
mcuentas_saldo_delta1_avg3	0.00122559656389718	0.00149111412829789	0.0020788216249528
Master_fultimo_cierre_avg6_avg6_avg3	0.00122121325157718	0.000939381627452997	0.00195296394828551
mrentabilidad_annual_delta1_avg3	0.00121678247817401	0.00103899067716194	0.00207014178518265
mrentabilidad_annual_delta1	0.00121256971429104	0.00128177152392673	0.00217863978230962
mcuenta_corriente	0.00120365097691925	0.00263160834459478	0.00187918531023917
chomebanking_transacciones_max6	0.00119842398592489	0.00118277279450654	0.00167954899552554
mrentabilidad_max6_lag3_lag5	0.00119155502930011	0.0018876157731062	0.00203542242610201
Visa_mpagospesos_max6_avg6_avg3	0.00119080808911822	0.00199874983009537	0.00227845793966643
mcomisiones_otras_min6_lag5_avg6_avg3	0.00118621506382283	0.00134769593823259	0.00173162803414649
ccomisiones_otras_tend6_lag3_lag5_tend6_avg3	0.00118386113352821	0.00148390138474475	0.00207448170506772
mrentabilidad_min6_avg6_avg3	0.00118313428124819	0.00125439937962386	0.00180106675230775
cliente_antiguedad_lag3	0.00117888086262847	0.00273442535064299	0.00191824458920488
mcuentas_saldo_delta3_avg3	0.00117703541509183	0.00130477851408109	0.00134971508425954
mv_fultimo_cierre	0.00117364012872373	0.00123028838235171	0.00141481388253573
cpayroll_trx_avg3	0.00117324079958651	0.000946597588185055	0.000412292389082498
mprestamos_personales_delta5	0.0011710441547351	0.00100961242877245	0.000499090786784076
Master_Fvencimiento_lag1_lag5	0.00116808340870082	0.00104455219291106	0.00186182563069886
mcaja_ahorro_max6_lag5_avg6_avg3	0.00116319920651888	0.00208682053195551	0.00216995994253946
mrentabilidad_max6_avg6_avg3	0.00116161977615233	0.0018067419433832	0.00137141468368494
Visa_mconsumospesos_avg6	0.00115795844954003	0.00182038325385194	0.00213958050334391
mcuenta_corriente_min6_lag3_lag5_avg6	0.00115650574264705	0.00139280460439356	0.00174030787391665
mrentabilidad_annual_delta1_lag5	0.00115522926897208	0.00105329245301486	0.0019963631471363
ctrx_quarter_tend6_lag3_lag5_avg6	0.00115485534805058	0.00232204474018859	0.00190956474943473
Visa_fultimo_cierre_avg6_delta3_delta5_avg6_avg3	0.00115117541330465	0.00121620335856648	0.0017706873131122
mcomisiones_otras_min6_lag3_lag5_tend6_avg3	0.0011501431337261	0.00178539879237422	0.00177502723299728
mcaja_ahorro_max6	0.00114804926129446	0.00269303462802349	0.00213090066357375
ctrx_quarter_delta1_avg6_avg3	0.00114065879716651	0.000908554361678461	0.00129329612575352
Master_fultimo_cierre_avg6_lag3_lag5_avg6_avg3	0.00113821096382848	0.00153045945435223	0.00211354098403343
chomebanking_transacciones_tend6_lag3_delta5_avg6_avg3	0.00112997458830641	0.00110334965510162	0.00180106675230775
Visa_mpagominimo_delta1_avg6_avg3	0.00112967427450077	0.00214120526864528	0.00191824458920488
Visa_cconsumos_max6_lag3_lag5_avg3	0.00111830387973354	0.0024901075931651	0.00166218931598523
chomebanking_transacciones_max6_lag3_lag5_avg6_avg3	0.00111299638580322	0.00194989362234687	0.00184446595115854
Master_Fvencimiento_lag1	0.0011126647669957	0.00132240080463971	0.00173162803414649
mcuentas_saldo_lag1_delta3	0.00111165789253972	0.00135058204799281	0.00187918531023917
mpasivos_margen_max6_lag3_delta5_avg6_avg3	0.00111055426849067	0.00101974568445238	0.00165350947621507
Visa_cconsumos_max6_avg3	0.00110945577153687	0.00185787883071512	0.00196598370794075
mtransferencias_recibidas	0.00110794963342042	0.00203005014985813	0.000824584778164995
mrentabilidad_annual_lag1	0.00110754496745625	0.000993744187056088	0.00187484539035409
ccomisiones_otras_tend6_delta3_delta5_avg6_avg3	0.00110475072928569	0.00136983905150367	0.0018314461915033
mv_msaldototal	0.00110164610054742	0.0018671373997906	0.00226109826012612
mcomisiones_mantenimiento_delta5_avg3	0.00109987835968645	0.00104702148497056	0.000989501733797994
mactivos_margen_min6_tend6	0.00109468710963849	0.00100244009298653	0.00163614979667475
mcuenta_corriente_delta5	0.00109153180910233	0.00107376361984969	0.00141047396265065
ctrx_quarter_min6_delta3	0.0010911554746567	0.000910355981873005	0.00131065580529383
mactivos_margen_delta5	0.00109093287917157	0.00114283147533356	0.00176634739322712
mpasivos_margen_delta5	0.00108866776772295	0.000937358708244556	0.00195730386817059
ccaja_seguridad	0.00108709171501853	0.00165292115541888	9.11383175866574e-05
mactivos_margen_delta1	0.00108663844279206	0.00103380926037815	0.0017099284347211
Visa_mpagospesos_tend6_lag3_lag5_tend6	0.00108379020779648	0.00191232057581533	0.00191824458920488
mcuentas_saldo_lag1_lag3	0.00107907009810402	0.00184676759553958	0.00207448170506772
Master_fultimo_cierre_avg6	0.00107618943707547	0.00123069095867375	0.00186182563069886
Visa_fechaalta_lag5	0.00107468883506704	0.00162142377272341	0.00229147769932167
Visa_fultimo_cierre_avg6_delta5_avg6_avg3	0.00107296399948097	0.000958017887015397	0.00153633163931794
mrentabilidad_annual_tend6_delta3_delta5_avg6_avg3	0.00107293645781411	0.00114309970226395	0.00186616555058394
mpasivos_margen_max6_lag3	0.00107100286175528	0.0017880381230635	0.00163180987678967
cliente_antiguedad_lag3_lag5	0.00106877405771387	0.00136595973426763	0.00190088490966457
mcuentas_saldo_min6_lag3_lag5_tend6	0.00106776755568435	0.000992468768645507	0.00172728811426141
Visa_fultimo_cierre_avg6_delta3_delta5_tend6_avg3	0.00106726769203795	0.00102415660833297	0.00169256875518078
ctrx_quarter_min6_delta5_tend6_avg3	0.00106718943160621	0.0013854467017276	0.00184012603127346
mrentabilidad_annual_delta1_delta5_avg3	0.00106637975177718	0.0012198735591728	0.00187484539035409
mcomisiones_mantenimiento	0.00106463786962404	0.00168471786444095	0.000802885178739601
mcuentas_saldo_min6_delta5	0.00106232050447038	0.000954948097786769	0.00168388891541062
mcuenta_corriente_avg3	0.00106145044633901	0.00120106052635274	0.00174030787391665
cproductos_avg6_delta3_avg6	0.00105813384590215	0.0015881390541078	0.00108497997126973
mactivos_margen_max6_lag3_lag5_avg6_avg3	0.00105570224223874	0.000992073656178556	0.00150595220012239
Visa_fultimo_cierre_tend6_delta3_lag5_tend6	0.00105212678886451	0.00108003162808938	0.00166652923587031
mcuentas_saldo_delta1_avg6	0.00105080187142899	0.00106894226973049	0.00171426835460617
Visa_mpagominimo_max6_lag5_tend6	0.00104892308168151	0.00196202882122869	0.00170124859495094
Visa_mpagospesos_tend6_lag3_lag5_tend6_avg3	0.00104833442616065	0.00189285621439922	0.00196598370794075
Visa_mpagominimo_delta1_avg6	0.00104441037376708	0.00145504341853001	0.00163180987678967
ctrx_quarter_min6_delta5_avg6	0.00104368609609618	0.000652919684052823	0.00122385740759226
ccajas_transacciones_avg6_lag3_avg6	0.00104075481348091	0.00323592610672085	0.00161011027736428
mrentabilidad_annual_delta3	0.00103964419564983	0.000984107363531189	0.00201372282667662
Visa_mconsumospesos_avg6_avg6_avg3	0.00103597557270571	0.00206172289025253	0.0017706873131122
mcomisiones_otras_min6_delta3_avg6_avg3	0.00103280655485491	0.00138545026207227	0.00156237115862841
mactivos_margen_max6_lag3_lag5_avg6	0.00102924263503849	0.00107344091535627	0.00152765179954778
mvr_msaldopesos2_avg6_lag3_lag5_tend6_avg3	0.00102678010547727	0.00146539050936875	0.00171860827449125
ctrx_quarter_delta1_delta5_avg3	0.00102644115769026	0.00116972147175579	0.00184880587104362
Visa_mpagospesos_max6_lag3_lag5_avg6_avg3	0.00102551117543737	0.00163933299274587	0.0017099284347211
cliente_edad_min6_lag5_avg6_avg3	0.00102407407023388	0.0012125491151676	0.00148859252058207
mcuenta_corriente_min6_lag3_delta5_avg3	0.0010229417080356	0.00111964063412791	0.00140179412288049
Visa_mpagominimo_max6_avg3	0.00102209938962763	0.00132047298524011	0.00195730386817059
Visa_cconsumos_tend6_lag3_lag5_avg6_avg3	0.00101474098209673	0.001024963905763	0.00189654498977949
Visa_mpagominimo_max6_delta5_tend6_avg3	0.00101087173973867	0.00169062511968455	0.00190088490966457
chomebanking_transacciones_delta1_avg3	0.00100893974571649	0.00104556650508059	0.00184012603127346
ctrx_quarter_min6_delta5_avg6_avg3	0.00100531043947805	0.00133072476179142	0.00158841067793889
mcuenta_corriente_min6	0.00100358636157442	0.00141865240642897	0.00187484539035409
mactivos_margen_min6_lag3_lag5_tend6	0.00100314369004332	0.00122749179595687	0.00181408651196299
mrentabilidad_min6_delta3_tend6	0.00100272169243437	0.00174831449966403	0.00171860827449125
Master_fultimo_cierre_avg6_tend6_avg3	0.00100126462913845	0.00106691862129483	0.00172294819437633
mcaja_ahorro_dolares_delta1	0.00100072649478582	0.00703217878578032	0.00102422109287863
canarito119	0.00099658910201622	0.00102961002687042	0.00186616555058394
mpasivos_margen_avg6	0.000996447017006544	0.00160612128264386	0.00187050547046902
Visa_fultimo_cierre_tend6_delta3_lag5_tend6_avg3	0.000993782603645003	0.000880727865920814	0.00180106675230775
Visa_mpagospesos_tend6_lag3_lag5_avg6	0.000993597592680754	0.00123703231859279	0.00169256875518078
mcomisiones_otras_min6_delta3_delta5_tend6_avg3	0.000991697805164159	0.00118653436299416	0.00181842643184807
canarito81	0.000990211653055968	0.00140562827956401	0.00202674258633186
mcomisiones_otras_min6_lag3_lag5_avg6_avg3	0.000990069149118441	0.00105414230299806	0.00162313003701952
ccomisiones_otras_tend6_lag3_lag5_avg6	0.000989992984420499	0.00110714030688666	0.00175332763357188
mactivos_margen_max6_lag3	0.000989281829499566	0.00112013577941138	0.00163180987678967
canarito30	0.000988558823239175	0.000774924888878744	0.00187918531023917
canarito71	0.000987361778238859	0.00112538394193381	0.00197900346759599
cproductos_avg6_lag3_avg6_avg3	0.000987100948126907	0.00227643252118324	0.00157105099839857
mcomisiones_otras_min6_lag3_lag5_avg3	0.00098572664083806	0.00105189649763412	0.00151463203989254
mrentabilidad_annual_delta3_lag5_avg3	0.000985438362772527	0.000941511614375856	0.00137575460357002
Visa_mconsumospesos_avg6_lag5_tend6_avg3	0.00098540751594225	0.00101449683559845	0.00166652923587031
mpasivos_margen_max6	0.000984039732470711	0.00219676993787532	0.0017099284347211
Master_fechaalta_lag3_lag5_avg6_avg3	0.000982132533745044	0.00136940636238695	0.00191824458920488
ctransferencias_emitidas_avg6_lag3_lag5_avg6_avg3	0.000982086461493667	0.00108404885506175	0.00157973083816873
ccomisiones_otras_tend6_lag3_lag5_avg3	0.00097851091923708	0.00130724870695069	0.0016882288352957
Visa_cconsumos_tend6	0.000976565270122292	0.000839264692432066	0.00174464779380173
cliente_edad	0.00097526061777088	0.00147704025739958	0.00146689292115668
mcuenta_corriente_min6_lag3_delta5_avg6_avg3	0.000973639221248447	0.00186657357846114	0.00172728811426141
mcomisiones_mantenimiento_tend6	0.000973632262161217	0.00111990053928883	0.00100252149345323
mvr_msaldopesos2_avg6_delta5_avg6_avg3	0.000971028547768968	0.0010120437581207	0.00154935139897318
mactivos_margen_min6_lag3_delta5_avg3	0.000970562720262404	0.00166621561110445	0.0015450114790881
ccomisiones_otras_tend6_avg6	0.000969531400808726	0.00123350530389622	0.00169256875518078
mrentabilidad_max6_lag3_avg3	0.000968672694420993	0.00128848706320189	0.00133669532460431
mactivos_margen_max6_lag3_avg3	0.000965971126397951	0.00150930821878969	0.00178370707276744
Visa_mpagospesos_max6_lag5_avg6_avg3	0.000963940334271138	0.000920137149492062	0.00136707476379986
mttarjeta_visa_debitos_automaticos_delta1_avg3	0.000963403715903786	0.00135244822624433	0.00141047396265065
Visa_fultimo_cierre_tend6_delta3_avg3	0.000959011257232683	0.00101862031526657	0.00166652923587031
canarito91	0.000959001662493648	0.000973066606021832	0.00167086915575538
Visa_fultimo_cierre_avg6_lag3_lag5_avg6_avg3	0.000958952769537887	0.00173847696707031	0.00160143043759412
mv_fultimo_cierre_avg3	0.000955915381056188	0.00119013919052485	0.00159275059782396
mactivos_margen_lag5	0.000955510558478614	0.000757165203332428	0.00177502723299728
Visa_mpagospesos_max6_lag5_tend6_avg3	0.000953365357869634	0.000873136052899598	0.00151463203989254
canarito68	0.000952436339587729	0.00102359107117476	0.00193126434886012
canarito77	0.000951720780910827	0.00135944640541144	0.00197466354771091
canarito52	0.000949026549977741	0.00131099865069848	0.00177502723299728
canarito65	0.000947779522589671	0.00137759832941154	0.00197900346759599
mprestamos_personales_delta1_tend6	0.000945996107265802	0.00335152003160589	0.000551169825405023
canarito76	0.000944638077195093	0.000905151959045345	0.00180974659207791
mrentabilidad_lag1	0.000943711211178827	0.00110953114267626	0.00202240266644678
canarito103	0.000942175788122532	0.00133926439861784	0.00173596795403157
mcaja_ahorro_max6_lag5	0.000942165508671683	0.00177098475842489	0.00177936715288236
mvr_msaldopesos2_avg6_lag3_avg6_avg3	0.000941475016827496	0.00154552846303372	0.00173596795403157
chomebanking_transacciones_avg6_lag3_lag5	0.000939214722728254	0.00109893667222652	0.00186182563069886
canarito51	0.00093625308497592	0.00194931508778582	0.00187918531023917
ctrx_quarter_lag1_lag3_lag5_tend6_avg3	0.000934976489567571	0.000995972062009518	0.00159709051770904
mpasivos_margen_lag3	0.000933333236508023	0.00157053173415507	0.00198334338748107
canarito88	0.000932493826637875	0.000937609648200224	0.00188786515000933
ctransferencias_emitidas_max6_avg6_avg3	0.000932114335276207	0.00114825761219377	0.00137575460357002
cliente_edad_lag3	0.000931520212084063	0.00158715138017971	0.00161011027736428
Visa_mpagospesos_max6_lag3_lag5_tend6_avg3	0.000930260318107502	0.00156759912543555	0.00167520907564046
chomebanking_transacciones_tend6_lag3_lag5_tend6_avg3	0.000930211607325768	0.00115983242140366	0.00170124859495094
mactivos_margen_max6_lag3_lag5_tend6_avg3	0.000929322090304832	0.00155226523568975	0.00155369131885825
mcomisiones_otras_min6_lag3_lag5_avg6	0.000927709913967565	0.00108713674628376	0.00150161228023731
ctrx_quarter_tend6_lag3_lag5_tend6_avg3	0.00092566637426453	0.00110269785465266	0.0017706873131122
mcomisiones_mantenimiento_avg6_delta3_delta5_tend6_avg3	0.000924872251349976	0.00113860774837032	0.00143217356207604
canarito47	0.000923995006892261	0.000886233359861028	0.00181842643184807
ctrx_quarter_max6_lag3_delta5_tend6_avg3	0.000923623411515731	0.000930973079943588	0.00164482963644491
cliente_edad_min6	0.000922744350939669	0.00143038721667042	0.00143651348196112
ctrx_quarter_min6_delta3_lag5_avg6_avg3	0.000920903609827815	0.00126273071483921	0.0012759364462132
canarito64	0.000919777519210812	0.000894883796329414	0.00172728811426141
mcuentas_saldo_min6_lag5_avg6_avg3	0.000918678058374032	0.00123248644478049	0.00150595220012239
mactivos_margen_max6_lag3_lag5_tend6	0.000918444954769048	0.00106705382860086	0.0015233118796627
mpasivos_margen_lag3_lag5	0.000918197367777596	0.000945302866700962	0.0018531457909287
ccomisiones_otras_tend6_delta3_delta5_tend6_avg3	0.000916978710600476	0.00134540500657235	0.00159709051770904
cpayroll_trx_min6_delta3	0.000915004417887767	0.000845718224656081	0.000269075032874893
cliente_edad_avg6_lag3_avg6	0.000913786775031953	0.00128304033639659	0.00153199171943286
ccomisiones_otras_tend6_avg3	0.000913347036581723	0.00135994270887932	0.00151029212000746
canarito107	0.000911754138292875	0.00163809793920679	0.00164916955632999
canarito40	0.000910848968220668	0.00107927503339911	0.00184012603127346
mvr_msaldopesos2_tend6	0.000909962832250743	0.00180160625343577	0.00125423684678781
canarito57	0.000909857207373256	0.000963775693574285	0.00187918531023917
mactivos_margen_delta1_avg3	0.000909217343884125	0.00130515097760845	0.00165350947621507
mcomisiones_mantenimiento_delta3_delta5_tend6_avg3	0.000908576604636763	0.00121773164724008	0.00155369131885825
canarito63	0.000908414811481375	0.00115077297425539	0.00164916955632999
mrentabilidad_annual_max6_lag3_lag5_tend6	0.000907854069612878	0.00150408978300047	0.00156237115862841
mrentabilidad_lag1_delta3	0.000907627458476192	0.000765391358244999	0.00176634739322712
Master_mpagominimo_tend6	0.000907025589701534	0.00192514266384418	0.00124121708713257
Visa_mconsumospesos_avg6_tend6_avg3	0.000906872668903529	0.00126676698751078	0.00168388891541062
mtarjeta_visa_consumo_delta5	0.000906629555481128	0.000848754126266764	0.00134103524448939
mcuenta_corriente_min6_lag3_delta5_tend6_avg3	0.000905688852236269	0.00119823009523567	0.00161011027736428
Visa_fultimo_cierre_avg6_delta5	0.000904336624178283	0.000659725990669217	0.00144953324161636
Visa_mpagospesos_max6_delta3_tend6_avg3	0.000903675681959729	0.00106013110300332	0.00166652923587031
mv_fechaalta_delta3_avg6_avg3	0.000900343404595366	0.000922403287426767	0.00136273484391478
Visa_mpagospesos_max6_delta5_avg6	0.000899733567620575	0.00100457273944396	0.00163180987678967
mdescubierto_preacordado_delta1_avg6	0.000899199930383617	0.000477490992702357	0.000112837917012052
mrentabilidad_max6_avg6	0.000898668061329186	0.000737042263943777	0.00108931989115481
canarito102	0.000898002423730746	0.00085677356670987	0.00175766755345696
canarito33	0.00089640625944083	0.00100346083951389	0.00171860827449125
canarito31	0.000896279268471009	0.00128018378178671	0.00180106675230775
mactivos_margen_lag1_avg3	0.000895768188408413	0.00167942444693507	0.00149727236035223
ctrx_quarter_delta1_lag3	0.000894619537250794	0.00127929481090786	0.00172728811426141
Visa_mpagospesos_max6_avg3	0.000893735651308133	0.00136342309592943	0.00186182563069886
mcuentas_saldo_min6_delta3	0.000893445033382969	0.00092554063741269	0.00122819732747733
canarito123	0.000892442280563983	0.00110471558347912	0.00192258450908996
canarito69	0.00089228736035674	0.000920945733793662	0.0017706873131122
mcomisiones_mantenimiento_avg6_avg6_avg3	0.000892175471173574	0.000976085349344948	0.00125857676667289
ctrx_quarter_delta1_lag3_avg6_avg3	0.000887097945523113	0.00119614755097793	0.00155803123874333
mactivos_margen_tend6_tend6	0.000886310523149446	0.00162649220218357	0.00153199171943286
canarito3	0.000886170205575904	0.000883394521183053	0.0016274699569046
canarito114	0.000883500294311084	0.000903654255019332	0.00170558851483602
Visa_cconsumos_tend6_tend6	0.000882916554926246	0.000768956507235689	0.00153199171943286
mv_fultimo_cierre_avg6_avg3	0.000881776895884406	0.00101225772196666	0.00149293244046715
mcuenta_corriente_min6_lag3_lag5_tend6_avg3	0.000878704400804622	0.00134316627900203	0.00151029212000746
canarito29	0.000877248299734429	0.00128726320544545	0.0018314461915033
internet_avg6_tend6	0.00087687039551769	0.00233643698311271	0.0008853436565561
Visa_mconsumospesos_avg6_avg3	0.000875472606118266	0.00123364359969401	0.00157539091828365
mvr_msaldopesos2_tend6_delta3_avg6	0.000874962991808331	0.000982085430924283	0.00144953324161636
ccallcenter_transacciones_tend6	0.000873897876497527	0.000904538464473383	0.00076382589977389
canarito66	0.000873159685980937	0.000768592408373515	0.0017099284347211
Visa_fultimo_cierre_avg6_delta5_avg6	0.000872492613937513	0.00090460400913189	0.00145387316150144
mcuentas_saldo_delta1_avg6_avg3	0.000871297433802773	0.000738053530517263	0.00126725660644305
canarito22	0.000870076709482628	0.0011291264218265	0.00168388891541062
mactivos_margen_max6_delta3_avg6	0.000869997071150402	0.00131518711738076	0.00146689292115668
canarito73	0.000869370168859283	0.000935388336291789	0.00179238691253759
Master_fultimo_cierre_avg6_lag3_tend6	0.000869303132661272	0.00100870278215708	0.00151897195977762
mrentabilidad_annual_delta3_lag5	0.000868881034408348	0.000753751562020956	0.00157105099839857
canarito116	0.000868847229282802	0.0010600836603382	0.00178370707276744
mcomisiones_mantenimiento_delta5	0.000868179140713627	0.00150898427032042	0.000889683576441179
canarito25	0.000866786059948307	0.00117656788586938	0.00176634739322712
canarito17	0.000865981510322415	0.000902746452919876	0.00170558851483602
mvr_msaldopesos2_tend6_avg3	0.000864481715318903	0.00172441592199196	0.0013800945234551
mpasivos_margen_max6_tend6	0.000863193702896414	0.00124418736740399	0.00157105099839857
mcaja_ahorro_avg6_avg3	0.000862827501500011	0.00155850754939381	0.00202674258633186
ctrx_quarter_min6_delta3_delta5_tend6_avg3	0.000862127087534476	0.000801814156073758	0.00156671107851349
Visa_cconsumos_max6_lag3_lag5	0.000861794771363487	0.00190615688996404	0.00171426835460617
cliente_edad_avg6_lag3	0.000860881588833794	0.00120651596098897	0.0013800945234551
canarito27	0.000860825256022908	0.00129642491598762	0.00172728811426141
mpasivos_margen_max6_lag3_tend6_avg3	0.000859064254263002	0.00107065573922266	0.00146689292115668
canarito105	0.000857443729781829	0.00100991814656117	0.00166218931598523
mactivos_margen_delta1_lag5_avg3	0.000855097547942218	0.00103721372200578	0.00153199171943286
ctarjeta_visa_transacciones_delta5	0.000854062095146753	0.00102512643764198	0.00136273484391478
canarito35	0.000852960431154491	0.00100888530344107	0.00185748571081378
mcomisiones_otras_min6	0.000852907966742412	0.00134695598708126	0.00142349372230589
ctrx_quarter_max6_lag3_delta5_avg6_avg3	0.000851806209493658	0.000900241557413676	0.00145387316150144
Visa_cconsumos_tend6_avg6	0.00085079781889434	0.00124460744517935	0.00146689292115668
mttarjeta_visa_debitos_automaticos_tend6_delta3_delta5_tend6_avg3	0.000850611200369192	0.00127844586173475	0.00127159652632812
mvr_mpagominimo_min6_avg6_avg3	0.000850297086678411	0.00130229283585697	0.00157105099839857
mcuentas_saldo_min6_delta3_delta5_tend6	0.000849725452323036	0.000994808043780967	0.0016057703574792
mcomisiones_mantenimiento_avg6_tend6	0.00084844811419582	0.00111374890713456	0.00118045820874147
mcomisiones_mantenimiento_tend6_lag3_lag5_tend6_avg3	0.000848302024591555	0.00159360478371657	0.00126725660644305
ctrx_quarter_delta1_delta5_tend6_avg3	0.000847978815640339	0.00110601751144399	0.00151463203989254
canarito14	0.000847966601564657	0.00104885446193563	0.00171426835460617
mcuentas_saldo_min6_lag3_lag5_tend6_avg3	0.000846944368942896	0.000874249411284108	0.0015233118796627
canarito56	0.000846232778139056	0.000854319202360555	0.00172728811426141
canarito49	0.000845759580305612	0.0016721445286861	0.00160143043759412
mrentabilidad_max6_avg3	0.000845540598387949	0.00105609796171924	0.00123253724736241
mcuentas_saldo_min6_avg3	0.000845086930326831	0.00134790218084914	0.00151029212000746
canarito8	0.000844543369509314	0.00132833508418623	0.00165350947621507
mcuenta_corriente_min6_delta5	0.000843984347205065	0.00141419146614012	0.00140613404276557
cliente_edad_avg6_lag3_tend6	0.000843884873001691	0.00121056162782298	0.00133235540471923
mtarjeta_master_consumo	0.000843670203384728	0.00398217297692571	0.000594569024255812
canarito117	0.000841034668323275	0.00121480654527136	0.00178370707276744
mcuentas_saldo_min6_delta5_avg6_avg3	0.000840822427736618	0.000819406762794889	0.00141047396265065
cliente_edad_min6_avg6_avg3	0.000840411064700116	0.00105532270739124	0.00140179412288049
mv_mpagominimo_lag1	0.000839782571348295	0.00206282668289172	0.00134537516437447
canarito87	0.000839674001459146	0.000752985873438274	0.00168388891541062
Visa_mpagominimo_max6_delta5_avg6_avg3	0.00083922403922149	0.000891311526649384	0.0013800945234551
ctrx_quarter_delta1_lag3_delta5_avg6	0.000839056167924938	0.000791776472055572	0.00141481388253573
ctrx_quarter_min6_delta3_lag5_tend6_avg3	0.000838769024838132	0.000953818653507665	0.00144519332173128
canarito110	0.000838673637871144	0.00111456396868972	0.0018314461915033
mrentabilidad_lag1_delta3_avg3	0.000838143095231448	0.0012476591324146	0.00159709051770904
mactivos_margen_min6_delta3_delta5_avg6_avg3	0.000837754048633542	0.0010404435980574	0.00153199171943286
Visa_mpagominimo_delta1_tend6	0.000837679920764569	0.00160036780855258	0.00132367556494907
canarito78	0.000836272986793573	0.00108258924243413	0.00180106675230775
canarito104	0.000835678574943641	0.00103780130756351	0.00163180987678967
mrentabilidad_annual_tend6_delta3_avg6	0.000835661651128192	0.00108771751142218	0.00147557276092683
mv_cconsumos_delta5_avg6_avg3	0.000835277932625195	0.0012354426032497	0.00133669532460431
canarito115	0.000834956366072809	0.00078634896253235	0.0016057703574792
mcomisiones_otras_min6_avg6	0.000833614703715867	0.00115200987231038	0.00154935139897318
canarito43	0.000832479138443937	0.000906914458344236	0.00171860827449125
mcomisiones_mantenimiento_avg6_delta3_lag5_avg6	0.000832136245057786	0.00154926137718109	0.00124989692690273
Visa_fultimo_cierre_avg6_delta5_avg3	0.000831449877613759	0.000630048201474519	0.0011110194905802
ctrx_quarter_max6_lag3_lag5_avg6_avg3	0.000831395985428565	0.00117393327370917	0.00159709051770904
mvr_msaldopesos2_tend6_delta3_tend6_avg3	0.000831089437375254	0.00103498267276915	0.00147557276092683
canarito58	0.000830584695099404	0.00119596803239426	0.00171860827449125
mrentabilidad_min6_delta5	0.00083057516189446	0.000798318970000622	0.00140179412288049
canarito13	0.00083054022310875	0.0012827102109438	0.00164916955632999
canarito109	0.000830430463115645	0.00190508942999877	0.00180540667219283
canarito95	0.000830352998169261	0.000816070162194593	0.0015450114790881
mcuenta_corriente_min6_lag3_tend6	0.000830250126022801	0.00149235531592478	0.00133235540471923
mcuentas_saldo_min6_tend6	0.000829817469580532	0.000735928562393517	0.00156671107851349
cliente_edad_min6_lag5_avg3	0.000829705437316269	0.00102160547124178	0.0012759364462132
mrentabilidad_annual_delta1_tend6_avg3	0.000829480829985609	0.000918746641867626	0.00155803123874333
mactivos_margen_delta1_lag5	0.000828993627395588	0.000777381398014006	0.00162313003701952
mcomisiones_otras_min6_delta3_avg6	0.000828967323068492	0.00141469171601414	0.00144519332173128
canarito99	0.000827187873555194	0.000760219807476559	0.00166652923587031
Visa_mpagospesos_tend6_lag5_avg6_avg3	0.000826884061369681	0.000993698974968349	0.00157105099839857
cproductos_tend6	0.000826762084715405	0.00140277185364128	0.000867983977015784
chomebanking_transacciones_max6_avg6_avg3	0.00082623459385436	0.000919026622225002	0.00133235540471923
canarito41	0.000826184722953038	0.000828808818050152	0.00161445019724936
canarito9	0.000822343846675505	0.000950989123200695	0.0016274699569046
Visa_mpagospesos_max6_delta3	0.000819997739418765	0.00114286004388236	0.00129329612575352
mcuentas_saldo_delta1_tend6	0.000818268114117661	0.00101332282266739	0.00146689292115668
ctrx_quarter_max6_lag3_delta5_tend6	0.000817898163171386	0.00107229396962385	0.00148859252058207
mcuentas_saldo_min6_lag3_avg3	0.000814824514207574	0.000883037886175971	0.00129329612575352
mttarjeta_visa_debitos_automaticos_delta1_tend6	0.000814288469529502	0.00136907537901978	0.000954782374717363
canarito111	0.000812983670473462	0.00115648295208769	0.00170124859495094
mcomisiones_otras_min6_delta3_delta5_avg6	0.000812261357565956	0.000882598891388567	0.00134103524448939
canarito55	0.000811287068743986	0.00138238527716416	0.00150161228023731
mvr_mpagominimo_min6	0.000810718517887328	0.00194669874920187	0.00150161228023731
ctrx_quarter_tend6_lag3_lag5_tend6	0.000810114399927163	0.00116831316240801	0.00147123284104175
mcaja_ahorro_max6_tend6_avg3	0.000809121058197744	0.00118821934972896	0.00140179412288049
mttarjeta_visa_debitos_automaticos_delta1_avg6_avg3	0.000806929154400265	0.000994663957061122	0.00109365981103989
ccomisiones_otras_tend6_lag3_lag5	0.000806783451555812	0.000910388239453631	0.00136273484391478
mrentabilidad_annual_max6_lag3_delta5_tend6	0.000806658230726551	0.00137792858355149	0.00134971508425954
canarito39	0.000806498031668725	0.000987110192542587	0.00167086915575538
mrentabilidad_annual_tend6_delta3_delta5_avg3	0.000806076548810095	0.00110242392259166	0.00128461628598336
canarito70	0.000805293855433488	0.00114619818872853	0.00165784939610015
Visa_cconsumos_tend6_tend6_avg3	0.000803557265867496	0.00117655321553351	0.00153199171943286
cproductos_delta1	0.000803355187031822	0.00490746250279986	0.000342853670921235
canarito62	0.000803120978855654	0.00124954873172864	0.00166652923587031
mcomisiones_mantenimiento_max6_avg6_avg3	0.000801497756553798	0.00121536393224298	0.00134537516437447
Visa_cconsumos_tend6_avg3	0.000800940734651442	0.00181232525015753	0.0015450114790881
canarito61	0.000800899305527736	0.000951272663902741	0.00154935139897318
chomebanking_transacciones_avg6_delta5_avg3	0.000800825705897285	0.00212726373103983	0.0013583949240297
canarito118	0.000800413173564805	0.000736939786071283	0.00158841067793889
mcuenta_corriente_min6_lag3_delta5	0.000800079133737115	0.00132720092137805	0.00140613404276557
mpasivos_margen_min6_lag3_delta5_avg6_avg3	0.000800058779410151	0.00104539539405783	0.00151463203989254
Visa_fultimo_cierre_avg6_tend6_avg3	0.000799734058571346	0.000913294038348837	0.00144953324161636
mcuenta_corriente_min6_delta3_avg6	0.000798966471247371	0.00109519067488487	0.00125857676667289
chomebanking_transacciones_delta1_lag5_tend6_avg3	0.000798893405283145	0.00125772765845468	0.00138443444334018
canarito20	0.000796479817774373	0.00102599228772834	0.00158841067793889
mvr_mpagominimo_avg6	0.000796337382720422	0.00103383486912234	0.00145387316150144
Visa_mpagospesos_max6_lag3_lag5_tend6	0.000796220935014063	0.000701369583551733	0.00137141468368494
ctarjeta_visa_transacciones_delta5_avg6	0.000795764016451407	0.000496292272095433	0.00103290093264878
canarito19	0.000794257614117637	0.000796722262655348	0.00158407075805381
ctarjeta_visa_transacciones_delta3_avg6	0.000793410424207247	0.000948033608167264	0.00113705900989068
ccomisiones_otras_tend6_lag3_lag5_avg6_avg3	0.000792885395328743	0.00101241467740218	0.00158407075805381
canarito89	0.000792832616660323	0.000967675472068252	0.00169690867506586
mcomisiones_mantenimiento_avg6_delta3_delta5	0.000792575457031376	0.00142822282738098	0.00147123284104175
canarito10	0.00079249669592362	0.00106322315511007	0.00164048971655983
canarito12	0.00079237141712168	0.000836288973515025	0.00164482963644491
canarito121	0.000791788023614868	0.000723474691215853	0.00154935139897318
mpasivos_margen_delta5_avg3	0.000791126411984936	0.000955374867294281	0.00136707476379986
Visa_cconsumos_tend6_lag3_avg6_avg3	0.00079012903318173	0.00171260870377698	0.00146689292115668
canarito59	0.000789138499904183	0.0011730458470762	0.00166218931598523
ctrx_quarter_tend6_avg6_avg3	0.000787981536065953	0.000713910061185892	0.00141047396265065
canarito18	0.00078701105212934	0.00133483695988547	0.00172728811426141
canarito11	0.000786244849165835	0.000860505622942869	0.00170558851483602
canarito82	0.000785334116018577	0.000727386480511117	0.00153199171943286
mcomisiones_mantenimiento_delta3_delta5_tend6	0.000783979552051779	0.000764859065268949	0.00122819732747733
canarito92	0.000781595765595002	0.000697560315024682	0.00164916955632999
canarito96	0.000780911977878433	0.000850354822913898	0.00149727236035223
mcaja_ahorro_delta5_tend6	0.000780814876061886	0.00153186750632571	0.00147557276092683
canarito85	0.000778929168948769	0.00104245973974226	0.00164482963644491
cliente_edad_min6_lag5_avg6	0.000777733700279823	0.00119067199824952	0.00134537516437447
mcuenta_corriente_delta1_avg6	0.000775224623074561	0.00105364033729529	0.00116309852920115
canarito120	0.000774769734932552	0.000812511962310368	0.00157973083816873
mttarjeta_visa_debitos_automaticos_delta1_avg6	0.000773787005050018	0.00106278325951257	0.000928742855406889
mactivos_margen_min6_delta5_tend6_avg3	0.000773662264360294	0.000989428405880057	0.00125423684678781
canarito23	0.000773510988174657	0.00101502479610689	0.00157973083816873
mcuentas_saldo_min6_delta5_avg3	0.000773210735847159	0.000704922078305342	0.00131933564506399
mrentabilidad_max6_lag5_tend6_avg3	0.000771067166661389	0.00148210984504415	0.00153633163931794
canarito93	0.000770214255620911	0.000854962337874288	0.00155803123874333
mcuentas_saldo_min6_avg6	0.000769887543726894	0.000611079800360539	0.000989501733797994
Visa_mpagospesos_max6_delta3_avg6	0.000768308652815197	0.00174437868876617	0.00155803123874333
canarito74	0.000768107203817272	0.000931138013982826	0.00145821308138652
canarito24	0.000766364325576025	0.000674260776067299	0.00159275059782396
canarito37	0.000766205898058561	0.000887740029092294	0.00157539091828365
ccomisiones_otras_tend6_tend6	0.000765455792400073	0.0017599128586236	0.00148425260069699
mcuenta_corriente_delta3_delta5_tend6_avg3	0.000764338868633479	0.00125020739549262	0.00143651348196112
mvr_mpagominimo_avg6_delta3_delta5_tend6_avg3	0.000764012832473335	0.00122714901626699	0.00143651348196112
thomebanking_tend6_delta5_tend6_avg3	0.000762810330292829	0.00129299021287816	0.00115441868943099
mrentabilidad_annual_delta1_delta5_tend6_avg3	0.000762523701732779	0.00100748098339514	0.00126291668655797
mrentabilidad_annual_lag1_avg3	0.000762415153239058	0.0010969289809983	0.00112837917012052
canarito101	0.000761581272398607	0.000943529300306589	0.0014625530012716
mtarjeta_visa_consumo_delta3	0.000760524195784917	0.00101149512187575	0.00138877436322526
ctrx_quarter_tend6_lag3_delta5_tend6_avg3	0.000760202303379149	0.00104970684276625	0.00130631588540876
canarito50	0.00075809759850786	0.00118034682712315	0.00158407075805381
tcallcenter_tend6	0.000755847542419903	0.00154817152565055	0.000590229104370733
cliente_edad_min6_lag5	0.000755729990468449	0.00101760415858113	0.00121083764793702
mrentabilidad_lag1_delta3_tend6_avg3	0.00075437866058466	0.000938938171510825	0.00132801548483415
canarito67	0.000754371457594603	0.00119255709351308	0.00141915380242081
Visa_mpagominimo_delta1	0.000754186140127048	0.00200924280927414	0.00141047396265065
canarito44	0.000752195504041689	0.000804006599163361	0.00155803123874333
canarito72	0.000750859005807629	0.00101796057910962	0.00141481388253573
canarito7	0.00075064940397072	0.00102324142816986	0.00149293244046715
Visa_mpagospesos_tend6_lag5_tend6	0.000750429471182404	0.00105790610206306	0.00147991268081191
canarito45	0.000750280922235268	0.000835913121225867	0.00146689292115668
ctrx_quarter_min6_delta3_avg3	0.00074985725918917	0.0011212992828913	0.00137141468368494
canarito46	0.000749585234515988	0.00103322900998835	0.00161445019724936
canarito79	0.000747723705722391	0.0011557299606378	0.00174464779380173
ccomisiones_otras_tend6	0.000746677058684655	0.00168820511480609	0.00140613404276557
Visa_cconsumos_max6_lag5_tend6_avg3	0.000745881589353907	0.00154830531739786	0.00145387316150144
canarito100	0.000744484105260089	0.000961437319248923	0.00154935139897318
mrentabilidad_max6_lag3	0.000742551661616419	0.000999146817062338	0.00128461628598336
mvr_mpagominimo_avg6_lag5_avg6_avg3	0.0007417980652364	0.00105350264203756	0.00141481388253573
ctarjeta_visa_transacciones_tend6_lag5_avg6	0.000741316198161642	0.00103677095239511	0.00133235540471923
canarito16	0.000741218247348688	0.00098018073231718	0.00159275059782396
canarito84	0.000740800337386017	0.000953593365191909	0.00137575460357002
canarito112	0.000739423538679688	0.000729386622092812	0.00145387316150144
canarito15	0.00073867495073027	0.000772338019653692	0.00139311428311033
mcomisiones_mantenimiento_tend6_lag3_lag5_avg6_avg3	0.000738015560456715	0.0011699994789101	0.00118479812862655
mcomisiones_mantenimiento_avg6_delta5_avg6_avg3	0.000737328645058233	0.000892760501138706	0.00117177836897131
mcuentas_saldo_lag1_delta3_avg6	0.000736821051427398	0.000758859798708273	0.00133669532460431
mtransferencias_recibidas_max6_delta5_avg6_avg3	0.000736047186359522	0.00163232451860622	0.00118913804851162
mrentabilidad_max6_tend6	0.000736036700332785	0.00119441490709941	0.00130631588540876
mactivos_margen_delta1_lag5_avg6_avg3	0.000735996067286912	0.00124196605549555	0.00131499572517891
mcuenta_corriente_delta5_avg3	0.0007351182526936	0.00081553997110877	0.00120649772805194
mcomisiones_otras_min6_lag5	0.000733796499376161	0.00118249899113269	0.00126725660644305
mcuenta_corriente_min6_lag3_lag5_tend6	0.000731926091518942	0.00115997187538586	0.00129329612575352
chomebanking_transacciones_delta1	0.000731789581571658	0.00115658989111495	0.00144519332173128
Visa_cconsumos_tend6_lag3_tend6_avg3	0.000728012443490872	0.000907657926944518	0.00135405500414462
ctrx_quarter_min6_delta3_avg6_avg3	0.000727481291189811	0.000564393258074899	0.00122819732747733
canarito108	0.000727081418039387	0.000948135271021099	0.00151029212000746
mcomisiones_mantenimiento_tend6_avg6	0.000726530629952655	0.000725694973627034	0.00104592069230402
mv_fultimo_cierre_tend6	0.000724999420967951	0.00123656179545199	0.00131065580529383
canarito2	0.00072158198322648	0.000792103122955131	0.00147123284104175
mactivos_margen_lag1_tend6	0.000721261078449794	0.000815754921556267	0.00133235540471923
canarito48	0.000719347693550829	0.000934141486430008	0.00145821308138652
canarito80	0.000719248746825758	0.000822598547448119	0.00149293244046715
ctrx_quarter_tend6_lag3_lag5	0.000718306735722505	0.00071764490564062	0.0012151775678221
chomebanking_transacciones_tend6_lag3_lag5_avg6_avg3	0.000718238247386031	0.000671341507916353	0.00128461628598336
ccallcenter_transacciones_tend6_delta3_lag5_avg6	0.000717914470025609	0.00117230255005879	0.00120215780816686
mttarjeta_visa_debitos_automaticos_tend6_delta5_tend6_avg3	0.00071748526282195	0.00150342665808172	0.00106328037184434
mpasivos_margen_lag5_tend6_avg3	0.000717359188621438	0.00115583059399439	0.0011934779683967
ctarjeta_visa_transacciones_tend6_lag5_tend6_avg3	0.000717211045238785	0.000988427005321923	0.00130197596552368
mrentabilidad_annual_min6_delta5_avg6	0.000715276993593179	0.00107420990690931	0.00115007876954591
Visa_fultimo_cierre_avg6_lag3_delta5_avg3	0.000715210514305606	0.000679472391437208	0.00123253724736241
mrentabilidad_lag1_lag3	0.000714250507533396	0.000740041060757597	0.00129329612575352
mcuenta_corriente_min6_delta5_tend6_avg3	0.000712981612955192	0.000900907942407063	0.00123687716724749
Visa_mpagospesos_max6_tend6_avg3	0.000712238565131076	0.000784064079168479	0.00130197596552368
Visa_mpagospesos_tend6_lag5_avg3	0.000712173563577021	0.000650935714157159	0.00132801548483415
canarito86	0.000711973127876728	0.00118292284373132	0.00152765179954778
Visa_mpagospesos_tend6_lag3_lag5_avg6_avg3	0.00071192973968914	0.00123397617020278	0.00124121708713257
canarito94	0.00071175875926039	0.000606467180809598	0.00140179412288049
canarito122	0.000711708558977384	0.000495194356169734	0.00137575460357002
mrentabilidad_annual_delta3_tend6_avg3	0.000711650795277426	0.000749475931237831	0.00128027636609828
mrentabilidad_avg6	0.000708930761897709	0.000715409609727818	0.00110667957069513
ccaja_seguridad_avg6	0.000708761527717527	0.00239165638470118	0.000134537516437447
mpasivos_margen_max6_lag3_delta5_avg3	0.000708230294393535	0.000806812622616364	0.00119781788828178
canarito106	0.000708111575037899	0.000927851601373664	0.00159709051770904
canarito90	0.000705460125666359	0.000703156790784721	0.00145821308138652
canarito75	0.000705130709385962	0.000742347134606614	0.00137575460357002
canarito36	0.000705009036784043	0.00099886452033614	0.00140613404276557
mdescubierto_preacordado_tend6_avg6_avg3	0.000704952614806801	0.00276353327021186	0.00060324886402597
mcuentas_saldo_min6_lag3	0.000703596529688882	0.00133502003881381	0.00137575460357002
mvr_mpagominimo_avg6_delta5_avg6_avg3	0.000703561585713358	0.00107206469200623	0.00126725660644305
mcomisiones_mantenimiento_avg6_delta3	0.000703323291393466	0.00099833342844022	0.000972142054257678
canarito38	0.000702644386299669	0.00112705644601441	0.00165350947621507
mcaja_ahorro_min6_delta3_tend6_avg3	0.000702089326436707	0.000672684572875667	0.00116743844908623
mrentabilidad_annual_min6_delta5_avg6_avg3	0.000701588580567376	0.000687445547399602	0.00101120133322339
canarito1	0.000698980395831848	0.00130581260117704	0.00138877436322526
mdescubierto_preacordado	0.000698283365350678	0.00381698194943502	0.000256055273219656
canarito83	0.000698150658503993	0.000885978687977814	0.00147557276092683
canarito97	0.000697788108947777	0.00173868415339268	0.00141481388253573
canarito4	0.000695797043293323	0.000740510168339681	0.00137141468368494
Visa_cconsumos_max6_lag3_lag5_tend6	0.000695020630475997	0.00236440310443543	0.00115875860931607
thomebanking_tend6_avg6_avg3	0.000694186770624986	0.00134840877928956	0.0011327190900056
mcuenta_corriente_delta1_tend6	0.000692381489379633	0.00126610124595317	0.00138877436322526
Visa_mpagospesos_max6_delta3_avg3	0.000691900374814872	0.000877597465041355	0.00128027636609828
chomebanking_transacciones_delta1_delta5	0.000691250047777635	0.000788058271139784	0.00161879011713444
Visa_mpagospesos_max6_delta5_tend6_avg3	0.00069113799700796	0.000892666173452806	0.00136707476379986
chomebanking_transacciones_delta1_avg6_avg3	0.000691040272938562	0.000925930902663404	0.00126725660644305
ctrx_quarter_delta1_delta5_avg6_avg3	0.000690591807896821	0.00131045640591564	0.00134103524448939
mvr_msaldopesos2_tend6_delta3	0.000690220327728431	0.00137045846568484	0.0012759364462132
ctrx_quarter_delta1_lag3_tend6	0.000689030152502586	0.00115058127328755	0.00120215780816686
ctarjeta_visa_debitos_automaticos_tend6_avg6_avg3	0.000683720607460171	0.00102405657551646	0.000937422695177047
mpayroll_lag3	0.000683004098002597	0.000845648218842807	0.000672687582187233
mrentabilidad_annual_avg6_delta3_lag5_tend6	0.00068299563201581	0.00120340846642342	0.00125857676667289
mrentabilidad_lag1_delta3_avg6_avg3	0.000680235758744657	0.000756813072375832	0.0011327190900056
chomebanking_transacciones_delta1_tend6_avg3	0.00068021684144826	0.000855540314790986	0.00118045820874147
mcomisiones_mantenimiento_max6	0.000679531305686119	0.00111878216210521	0.00107630013149957
canarito42	0.000675509848303885	0.000911528707932497	0.00149727236035223
mcuentas_saldo_avg6_delta3_delta5_avg3	0.000674386855489967	0.00096938739731454	0.00114139892977576
Visa_mpagominimo_max6_tend6	0.000674346478523462	0.00111614896550373	0.00122385740759226
canarito26	0.000673904706852508	0.000642004353625581	0.00141481388253573
tcallcenter_tend6_delta5_avg6_avg3	0.000672921872475058	0.00133589373881672	0.00108931989115481
chomebanking_transacciones_delta1_lag5_tend6	0.000669760368423869	0.000677562802718147	0.00109799973092497
canarito34	0.000669463827965161	0.000631643150095318	0.00129329612575352
Visa_mconsumospesos_avg6_lag5_tend6	0.000668277288496726	0.000871654520559618	0.0012759364462132
mactivos_margen_max6_lag3_avg6_avg3	0.000666534127656215	0.000533374720289709	0.00106328037184434
mpasivos_margen_lag5	0.000665096815846563	0.000720570608149404	0.00143217356207604
mcuenta_corriente_delta3_tend6	0.000664442047382483	0.00103750691424458	0.00125857676667289
ctrx_quarter_delta3_tend6	0.000663806886517354	0.00071451973803887	0.00124555700701765
mcuenta_corriente_delta3_tend6_avg3	0.000662326320431492	0.000852133751273135	0.00120215780816686
Master_fechaalta_tend6	0.000660374301175938	0.00104607632069993	0.0012151775678221
mvr_msaldopesos2_avg6_avg3	0.000659823628294591	0.00133420008714669	0.00135405500414462
mdescubierto_preacordado_tend6	0.000659598947248655	0.00274011430957301	0.000303794391955524
mcuenta_corriente_lag1_delta5	0.000659297328506096	0.00193324695201931	0.00111535941046528
mcuentas_saldo_tend6	0.000657095450754115	0.00081355900391343	0.0013800945234551
ctransferencias_recibidas_avg6_lag3_lag5_avg6_avg3	0.000655779995910729	0.000741911571476723	0.000577209344715497
mactivos_margen_max6_delta3	0.000655554316084037	0.000894476758852604	0.00115875860931607
mcomisiones_mantenimiento_tend6_lag3_lag5_avg6	0.000653887817012505	0.0015050342609396	0.00113705900989068
chomebanking_transacciones_max6_lag3_lag5_tend6_avg3	0.000651083428686924	0.000698876784638267	0.00110233965081005
canarito6	0.000650529065833461	0.000831625951494354	0.00130197596552368
Visa_mpagospesos_max6_delta5_avg3	0.00065044777335571	0.000674886710397746	0.00126291668655797
chomebanking_transacciones_delta1_lag5_avg6_avg3	0.000648489440739035	0.000759697466307298	0.00124555700701765
mcuenta_corriente_min6_delta3_avg6_avg3	0.000647920340508736	0.00142194092092836	0.0011934779683967
canarito5	0.00064769525945531	0.000824095050394002	0.00128461628598336
mrentabilidad_lag1_avg3	0.00064447538550947	0.000667316002070238	0.00109799973092497
Visa_mpagospesos_max6_delta5	0.000644463251104375	0.00118012248251321	0.00124989692690273
mtransferencias_recibidas_tend6	0.000643903679941108	0.00150625211329539	0.000876663816785942
ccallcenter_transacciones_tend6_delta3_avg6_avg3	0.000642040404275143	0.000994377113388719	0.00108064005138465
canarito60	0.000641410042438765	0.000893044728172255	0.00133235540471923
chomebanking_transacciones_delta1_lag5_avg3	0.000638444082485331	0.000727268045431185	0.00109799973092497
mcuentas_saldo_lag1_lag3_avg3	0.000637739921552985	0.00125543239432683	0.00131499572517891
canarito28	0.000637138524579199	0.000585906747983705	0.00126725660644305
mcuentas_saldo_min6_delta3_delta5	0.000636580901030819	0.000718854693601257	0.00120215780816686
cproductos_delta1_avg3	0.000636249401262266	0.00157095279853197	0.000425312148737734
ccajas_transacciones_avg6_lag3_tend6_avg3	0.000635310780777794	0.00134261618430263	0.00110667957069513
mactivos_margen_tend6_delta5_avg6_avg3	0.000633191166101362	0.000950152785368956	0.0011934779683967
canarito53	0.000632999131851446	0.0015083486415575	0.00133669532460431
mcaja_ahorro_min6_delta3_avg6	0.000631592786523421	0.00122441222650432	0.00117177836897131
canarito21	0.000631064511692275	0.000967699579462284	0.00139745420299541
tcallcenter_tend6_delta5_avg6	0.000630963151781534	0.00104920860899102	0.00114139892977576
cproductos_avg6_delta3_avg6_avg3	0.000630911205790566	0.0013080353286442	0.00104592069230402
chomebanking_transacciones_tend6_lag3_lag5_avg6	0.000630522435044457	0.000762299434825409	0.00108064005138465
mactivos_margen_delta1_lag5_avg6	0.000629053235315312	0.0010039488212123	0.00115875860931607
mcaja_ahorro_dolares_max6_lag3_delta5_avg6_avg3	0.000627852641054494	0.000930485655889526	0.00106762029172941
Visa_mpagominimo_delta1_delta3	0.00062713494387754	0.00116287690215812	0.00126725660644305
mpayroll_delta1	0.00062371060779835	0.00121208339634731	0.000538150065749786
chomebanking_transacciones_tend6_lag3_delta5_tend6	0.00062276635646793	0.000831301402485023	0.00121951748770718
canarito32	0.000621889861998322	0.0010998991663676	0.00136273484391478
ccomisiones_otras_tend6_delta3_delta5_avg6	0.000621346297785459	0.00114089859423913	0.00117611828885639
ctransferencias_emitidas_avg6_lag3_lag5_avg6	0.000619549708529998	0.000740630919788434	0.00109799973092497
chomebanking_transacciones_max6_lag3_lag5_tend6	0.000619004330899761	0.00134786833612692	0.00108931989115481
Visa_cconsumos_max6_lag5_tend6	0.000614934379217796	0.000971666017903449	0.00115007876954591
canarito98	0.000614933522469649	0.000907559910226791	0.0012759364462132
ccomisiones_mantenimiento_tend6_avg6	0.000613215888534974	0.00119063227681381	0.000594569024255812
chomebanking_transacciones_tend6	0.000611564260073571	0.00117777329846668	0.0010502606121891
mv_cconsumos_tend6	0.000611533036763331	0.00070804458637252	0.000872323896900863
cliente_edad_avg6_tend6	0.000608815101821342	0.00104343591761767	0.00102422109287863
mcaja_ahorro_min6_delta3_tend6	0.000604281751658832	0.000886819229590006	0.00122819732747733
mdescubierto_preacordado_delta3_avg6	0.000603740583529652	0.00120392840543242	0.00024303551356442
internet_avg6_delta5_avg6_avg3	0.000600303698076909	0.00233547187233278	0.000915723095751652
thomebanking_tend6_tend6	0.000597446964147864	0.000983255282970607	0.000976481974142757
mv_status04_delta3	0.000595982109867404	0.00196238446963424	0.000394932709542182
mcaja_ahorro_delta1_tend6_avg3	0.000595654834909729	0.000668898682515427	0.00117177836897131
mtransferencias_emitidas_max6_lag5_avg6_avg3	0.000594582656967338	0.0010889828064431	0.00120215780816686
mcomisiones_mantenimiento_avg6_delta3_delta5_avg6	0.000592624112998861	0.000648873030617282	0.00101988117299355
canarito113	0.000592072140091436	0.000718177541782422	0.00119781788828178
mcomisiones_otras_min6_avg3	0.00059134889348994	0.000906841149560606	0.00117611828885639
ccallcenter_transacciones_tend6_delta3_avg6	0.000587880600465341	0.00150946255758635	0.00100686141333831
chomebanking_transacciones_tend6_avg6	0.000586377921317461	0.000846346046398161	0.00118913804851162
ccajas_transacciones_avg6_delta3_tend6	0.000582110210291778	0.000655927703446209	0.000980821894027836
mprestamos_personales_tend6_avg6_avg3	0.000581570083172738	0.0013875783615835	0.000607588783911049
chomebanking_transacciones_delta1_delta5_tend6	0.000580074102021565	0.000397631732523197	0.00101988117299355
ccallcenter_transacciones_tend6_delta3	0.000578483973389693	0.00100895569531582	0.000954782374717363
thomebanking_tend6_delta5_tend6	0.000577760987450419	0.00130093115415564	0.000972142054257678
mcuentas_saldo_lag1_delta3_delta5_avg6	0.000576919478459074	0.00130068634828778	0.00118045820874147
cproductos_delta1_avg6	0.000575917271695642	0.00113572099517432	0.000499090786784076
ctransferencias_emitidas_max6	0.000573815572339101	0.00189997488764078	0.000972142054257678
thomebanking_tend6	0.000573540728896256	0.00176555531859431	0.000776845659429127
canarito54	0.000572958189422788	0.00070955271405823	0.00126291668655797
internet_avg6_delta5_avg6	0.000572677984932604	0.00239071023382901	0.000889683576441179
chomebanking_transacciones_delta1_lag5	0.000570200489454568	0.000896429543560615	0.000889683576441179
ctarjeta_visa_transacciones_tend6_lag5_avg3	0.000566080127104784	0.00069660996037206	0.000946102534947205
mpasivos_margen_lag3_lag5_tend6	0.000562322605395728	0.00093764113365791	0.0011110194905802
mcuentas_saldo_delta5_avg3	0.000561947816098869	0.00095681800796583	0.00114139892977576
chomebanking_transacciones_delta1_avg6	0.000560521163413649	0.000718408663915951	0.000954782374717363
ctransferencias_emitidas_avg6_lag3_delta5_tend6	0.00056032914288415	0.000972376156530132	0.000950442454832284
mcomisiones_mantenimiento_avg6	0.000559885685751468	0.00122506668648785	0.000850624297475469
ccajas_transacciones_tend6_avg6_avg3	0.000557942565921795	0.00123807485614537	0.000933082775291968
internet_avg6_delta5_tend6_avg3	0.000557894348008506	0.00182987521853406	0.000850624297475469
mv_cconsumos_delta3_avg6	0.000555907065929783	0.00145454055201714	0.000933082775291968
mcomisiones_mantenimiento_avg3	0.000555726114642772	0.00127294092543889	0.000755146060003732
mcuenta_debitos_automaticos_delta5_avg6	0.000552069862889175	0.001078822869626	0.000698727101497706
Visa_fechaalta_tend6	0.000551932408268334	0.00205797371862768	0.000833264617935153
mtransferencias_recibidas_max6_lag5	0.000547072045539576	0.00164930345917251	0.000854964217360548
tcallcenter_tend6_tend6_avg3	0.000546579849172652	0.00100272522083017	0.000915723095751652
mes	0.00054593420098213	0.000433319169042549	0.000837604537820232
tcallcenter_tend6_avg6_avg3	0.000545086453977268	0.000757622943548999	0.000824584778164995
mcomisiones_mantenimiento_tend6_lag3_tend6_avg3	0.000544807065322036	0.000981883949732527	0.00100686141333831
mcaja_ahorro_min6_delta3_avg3	0.000541026255694501	0.000642199529146657	0.000980821894027836
ctransferencias_recibidas_avg6_delta3_tend6_avg3	0.000535934509624335	0.000991978513473997	0.000876663816785942
mpayroll_avg3	0.000534856409712021	0.00088344380836409	0.000824584778164995
mv_cconsumos_delta3	0.000533882439013768	0.000755897291672658	0.000681367421957391
ccajas_transacciones_tend6_tend6_avg3	0.000526257788103077	0.000864976171872755	0.00102422109287863
mprestamos_personales_min6_delta3	0.000525884565647064	0.000922573926596622	0.000386252869772024
ctransferencias_recibidas_avg6_lag3_lag5_avg6	0.000517450021916162	0.000370728867385287	0.000512110546439313
ctarjeta_visa_transacciones_tend6_avg3	0.000516853346462246	0.000788465694678064	0.0010502606121891
ctransferencias_emitidas_avg6_lag3_delta5_tend6_avg3	0.00050418367678937	0.000761960429958803	0.0008853436565561
ccajas_transacciones_tend6_avg3	0.000503875587294093	0.00107146067738815	0.000898363416211337
ctransferencias_emitidas_max6_avg6	0.000502239195197566	0.000760489192591362	0.000946102534947205
mtransferencias_recibidas_max6_delta5	0.00050133441158978	0.000868132524662159	0.000807225098624679
ccomisiones_mantenimiento_delta1_avg6_avg3	0.000496690245388043	0.00122711877478516	0.000334173831151077
thomebanking_tend6_avg3	0.000496183191055604	0.00104660136429948	0.000703067021382785
mcaja_ahorro_dolares_delta1_avg6	0.000495392033038505	0.00155632196961923	0.0008853436565561
mprestamos_personales_delta1_avg6	0.000491131937614655	0.000925186962210214	0.000386252869772024
ccajas_transacciones_tend6_tend6	0.000489340808513188	0.000948297030777138	0.000894023496326258
tcallcenter_tend6_avg6	0.00048783749712005	0.000889263256071063	0.000815904938394837
mcaja_ahorro_delta1_tend6	0.000484203941242784	0.00104635394179276	0.00102422109287863
mprestamos_personales_min6_delta5_tend6	0.000483407041860612	0.00124665314201454	0.000607588783911049
ccajas_transacciones_avg6_delta3_avg6	0.000482147513888897	0.00110057026989006	0.000837604537820232
ctarjeta_visa_transacciones_delta3	0.000478434327450784	0.00126764810847307	0.000902703336096416
Visa_cconsumos_max6_tend6_avg3	0.000476708823690981	0.000827150726931106	0.00103290093264878
ccajas_transacciones_tend6_avg6	0.000466915427211955	0.00133582948102978	0.000889683576441179
mv_cconsumos_delta3_avg3	0.000466665508107127	0.000695446242413541	0.000824584778164995
mtransferencias_emitidas_max6_delta5	0.000461925802396072	0.000878390478196987	0.000768165819658969
chomebanking_transacciones_tend6_lag3_lag5_avg3	0.000460738155797791	0.000582657997815752	0.000950442454832284
ccomisiones_mantenimiento_tend6_avg6_avg3	0.000459489114478076	0.0013275799479504	0.00064230814299168
mv_msaldopesos_lag1_delta5_avg6_avg3	0.000454988929383161	0.000728319333710421	0.00084628437759039
mtarjeta_master_consumo_delta5	0.000454108591205445	0.00143723654769288	0.000620608543566286
mcuenta_debitos_automaticos_tend6	0.000443846285853208	0.00090966137149657	0.000542489985634865
mpayroll_avg6_avg6_avg3	0.00043883989265914	0.000779844084132791	0.000837604537820232
ctransferencias_recibidas_avg6_lag3_delta5_avg6	0.000434613929065619	0.000452716913407177	0.000637968223106602
mplazo_fijo_dolares	0.000429911032744307	0.00254071501863841	0.000151897195977762
thomebanking_max6_avg6_avg3	0.000429211657563371	0.000915171326591552	0.000507770626554234
mtransferencias_emitidas_max6_delta5_avg6_avg3	0.000426717961928889	0.000697838622449021	0.000841944457705311
cproductos_delta1_tend6	0.000425979626044257	0.00170832355014425	0.000742126300348496
mtransferencias_recibidas_delta5	0.000421631557772822	0.000670681257010772	0.00056418958506026
mtransferencias_emitidas_max6_delta3	0.000419621088103771	0.00101585276927344	0.000655327902646917
ctransferencias_emitidas_max6_tend6_avg3	0.00041903538871428	0.00107339445929268	0.000720426700923101
mcuenta_debitos_automaticos_tend6_tend6_avg3	0.000416440476155923	0.000990398363876225	0.000646648062876759
cproductos_avg6_delta3	0.000414312879965604	0.000806469285282147	0.000737786380463417
mpayroll_avg6	0.000412652954159157	0.000955939031789487	0.00068570734184247
mrentabilidad_lag1_lag3_avg3	0.000408505902476515	0.000649895707451999	0.000824584778164995
ccallcenter_transacciones_delta1_avg6_avg3	0.000404753787297297	0.000946236406231768	0.00052513030609455
ccomisiones_mantenimiento_tend6	0.000395512950887469	0.00151579499519586	0.000256055273219656
mtransferencias_recibidas_max6_delta5_tend6_avg3	0.000393781444885762	0.00080303046418367	0.000664007742417075
mv_cconsumos_tend6_avg3	0.000383652846644073	0.000682617419756817	0.000811565018509758
cpagomiscuentas_tend6	0.000380804253216996	0.00123631355792661	0.000529470225979628
mprestamos_personales_min6_delta5	0.000379634744199989	0.00102865229415414	0.000455691587933287
mcuenta_debitos_automaticos_delta5	0.000367865548493208	0.00082531706363453	0.000329833911265998
mv_status06_tend6	0.000362915379710397	0.00292700439385254	0.000277754872645051
cpayroll_trx_min6_delta3_tend6	0.000359647632781634	0.00182969831658924	0.000316814151610761
mplazo_fijo_dolares_delta3	0.00035785717522783	0.00158891846932053	0.000138877436322525
mdescubierto_preacordado_tend6_avg3	0.000353306348498419	0.00149073167006802	0.000203976234598709
mcuenta_debitos_automaticos_delta5_avg3	0.000337940839126017	0.00084267829084782	0.000416632308967577
mprestamos_personales_min6_delta3_tend6	0.000337797284626474	0.00145530606901694	0.00048173110724376
ccomisiones_mantenimiento_delta1_tend6	0.000324461383830532	0.00147537225736947	0.000412292389082498
mv_status07_tend6	0.000317460847834083	0.00105351409519451	0.000225675834024104
cpagomiscuentas_tend6_avg6	0.00031725516414774	0.00102652745471755	0.000598908944140891
ccomisiones_mantenimiento_tend6_avg3	0.000314348386042024	0.00106488677977685	0.000308134311840603
mv_fechaalta_delta3	0.000299444194290921	0.00137155633871482	0.000351533510691393
mv_status04	0.000283380972768149	0.00060711271848359	0.000407952469197419
ccajas_transacciones_tend6	0.000283172524940276	0.00114593914148199	0.000494750866898997
ccomisiones_mantenimiento_delta1	0.000261566620833355	0.00193416166032951	0.000134537516437447
thomebanking_max6_avg6	0.000257584927069944	0.000414696679005922	0.000386252869772024
cpayroll_trx_min6_delta3_delta5_tend6	0.000242546876793853	0.00257694478573204	0.000407952469197419
mtarjeta_master_consumo_tend6	0.000241800273239956	0.000885658256957498	0.000399272629427261
mplazo_fijo_dolares_delta5	0.000237878595374378	0.00123996256804778	0.000130197596552368
mdescubierto_preacordado_delta1_avg3	0.000224960871536433	0.000583496823599189	0.000112837917012052
ccajas_transacciones_avg6_delta3	0.000220916426588872	0.000558451343090416	0.000347193590806314
ccomisiones_mantenimiento_delta1_avg6	0.000205419865253776	0.000938471294506125	0.000138877436322525
mplazo_fijo_dolares_delta3_avg6	0.000193084473805563	0.00135457195039222	0.000203976234598709
mv_status06_tend6_avg6_avg3	0.000181774025821501	0.00135056463233093	0.000260395193104735
thomebanking_max6	0.000175078176466264	0.000169403558671282	0.000147557276092683
cpayroll_trx_min6_delta3_delta5_tend6_avg3	0.000173578890261147	0.00154047122935619	0.000347193590806314
mv_Finiciomora_lag1_tend6_avg3	0.000162749770977505	0.00240992781617419	0.000212656074368867
ccaja_seguridad_lag5_avg6_avg3	8.27333228386286e-05	0.000453538109050138	4.33991988507892e-05
ccaja_seguridad_avg6_lag3_lag5	5.28700001227359e-05	0.000637694792328793	3.47193590806314e-05
