Feature	Gain	Cover	Frequency
mdescubierto_preacordado_delta1	0.0905028980495147	0.00157812601548951	0.000307287093942054
mprestamos_personales_delta1_avg3	0.0339666757124687	0.00102037696046884	0.000921861281826163
mcuenta_corriente_delta1_avg3	0.0332398040594238	0.00115467208133104	0.00122036874451273
ctrx_quarter	0.032939428823355	0.00536936266839798	0.00155399473222125
mv_status01_max6	0.0323176235015712	0.00146681580008406	0.000561896400351185
ctrx_quarter_avg3	0.0232650203849642	0.00165329955122459	0.00119402985074627
mpasivos_margen_avg3	0.0197845290369826	0.00232388042187682	0.00143107989464443
ctarjeta_visa_transacciones	0.0164281888565819	0.00921349398136208	0.00127304653204565
mv_Finiciomora	0.0124916774226399	0.00353842738877553	0.000913081650570676
mcuenta_corriente_delta1	0.0107446843813028	0.00124715152807149	0.0014486391571554
mcaja_ahorro	0.0102647497054892	0.00398180461965142	0.00154521510096576
mtarjeta_visa_consumo	0.009071400928161	0.00905889467132318	0.00119402985074627
mv_status01	0.00903309877251034	0.00272326813415778	0.000553116769095698
mprestamos_personales_tend6	0.0079532861748064	0.000705787363666416	0.000658472344161545
cproductos_delta3	0.00759324270567956	0.00153082770197891	0.000517998244073749
mpayroll	0.00740143120686371	0.0074035817989192	0.000790166812993854
cpayroll_trx_min6_avg3	0.00672836478976744	0.00241048057988143	0.000447761194029851
mautoservicio	0.00655906315279236	0.00627483563098966	0.000948200175592625
mdescubierto_preacordado_tend6_avg6	0.00638850370365233	0.000866034533152567	0.000412642669007902
cpayroll_trx	0.00611250649366052	0.00637028987207836	0.000298507462686567
mcuentas_saldo	0.0054645166453983	0.00749808911165849	0.00190517998244074
mprestamos_personales_delta1	0.00535328319665375	0.0094074726325111	0.00143985952589991
foto_mes	0.00470315751132379	0.00967472058436165	0.00252853380158033
mprestamos_personales_min6_avg3	0.00467454986202639	0.00194128682476695	0.000886742756804214
mcaja_ahorro_avg6	0.00422579772686106	0.000974616079826345	0.00109745390693591
mv_msaldototal_avg3	0.00397006809090906	0.0017358142058042	0.000930640913081651
mcomisiones_mantenimiento_delta3	0.00318586848074713	0.003743793345729	0.000913081650570676
Visa_fultimo_cierre_avg6_delta5_avg6_avg3	0.00299451311924011	0.00100562533187031	0.00151009657594381
mactivos_margen_avg3	0.00297185344153947	0.00266257987501511	0.00187006145741879
mprestamos_personales	0.00289435064553218	0.00822652707719718	0.00156277436347673
cpayroll_trx_avg6_avg3	0.00269853368447259	0.00308704149244589	0.000702370500438982
ctrx_quarter_min6	0.00242791854300359	0.00537705824146227	0.0014486391571554
ctrx_quarter_delta1	0.00235287038029986	0.00401933964735395	0.00215978928884987
mactivos_margen_max6_lag3_avg3	0.00234231909002737	0.000767761021227717	0.00165057067603161
mrentabilidad_avg6	0.00225929728772379	0.00116546698876011	0.00120280948200176
ctrx_quarter_delta1_lag3	0.00223833841677215	0.000567709377679699	0.00167690956979807
mprestamos_personales_delta3_avg6	0.00216893398733013	0.000589030113378056	0.000904302019315189
ctrx_quarter_min6_delta5	0.00213653333828854	0.000644923278867826	0.00149253731343284
ccaja_ahorro	0.00210816326950755	0.00579076616178576	0.000913081650570676
mprestamos_personales_min6	0.00205473482258403	0.0028759453311559	0.00100087796312555
mv_msaldopesos_avg3	0.00205098455737022	0.00128670942199117	0.000992098331870061
mv_fechaalta	0.00204748074972743	0.000861864639473083	0.00240561896400351
mcuentas_saldo_avg3	0.00203035203616202	0.00235985013914063	0.0011062335381914
Master_mfinanciacion_limite	0.00191605652174052	0.00405708693851528	0.00318700614574188
ccaja_ahorro_delta3	0.00189553572054219	0.00800198945737292	0.00057945566286216
mcaja_ahorro_avg3	0.00189212510325133	0.00221010781399155	0.00145741878841089
Visa_mfinanciacion_limite_avg3	0.00187926073370387	0.00169129569515614	0.00244951712028095
mcuentas_saldo_min6_delta3_avg6	0.00185366359811311	0.000467924113583575	0.00118525021949078
mpayroll_avg3	0.00182618169030048	0.00111067339646968	0.000517998244073749
mcomisiones_mantenimiento	0.00179816359176798	0.00124723561530892	0.000886742756804214
Master_mfinanciacion_limite_avg6_avg3	0.00176278999904306	0.00161058838590136	0.00280070237050044
mcuentas_saldo_delta1	0.00175922219396843	0.00398232050621618	0.00211589113257243
mdescubierto_preacordado_delta1_tend6	0.00174874650777294	0.00710232457450521	0.000684811237928007
mcuenta_corriente	0.00173338887462013	0.00297238369593958	0.00184372256365233
mrentabilidad_annual_lag1_lag3_lag5	0.00172397089938071	0.00176472203445515	0.00263388937664618
ctrx_quarter_min6_delta3_lag5_avg6_avg3	0.00169499056650444	0.000916903145311804	0.00143985952589991
mcuentas_saldo_delta3	0.00167335147732854	0.00067200270250745	0.0020017559262511
mpagomiscuentas	0.00166783781220166	0.00970481328551764	0.000711150131694469
mpayroll_delta1_avg3	0.00165233276380804	0.00174966238900312	0.000842844600526778
ccaja_ahorro_delta3_avg6_avg3	0.00164537197317682	0.00310049499590877	0.000640913081650571
mdescubierto_preacordado_delta1_avg6_avg3	0.00164507415364136	0.000489911714102724	0.000359964881474978
mprestamos_personales_delta1_tend6	0.00163873975441927	0.00206162861550632	0.000798946444249342
mcuentas_saldo_delta1_avg3	0.00163054087874939	0.0010707994557441	0.0019315188762072
ctrx_quarter_min6_delta3_lag5_avg6	0.00162152582141367	0.00062457325835902	0.00158033362598771
mcuenta_corriente_delta3	0.00160910936153975	0.00140143388225328	0.00165935030728709
mv_mpagominimo	0.00159824736146878	0.00319416742086094	0.00101843722563652
cpayroll_trx_min6	0.00158817628450841	0.0021157476917949	0.000237050043898156
mcuentas_saldo_tend6	0.00156221133222915	0.00091854398275567	0.00107111501316945
numero_de_cliente	0.00155252401530281	0.00243473020284166	0.00247585601404741
mprestamos_personales_delta3	0.00154495537022637	0.00146313565774689	0.000939420544337138
Master_mfinanciacion_limite_lag5_avg6_avg3	0.00153140452540106	0.00210942849802504	0.00226514486391572
Master_Fvencimiento_lag1_avg3	0.00151655543840575	0.000739614219952632	0.00284460052677788
mcuenta_corriente_min6_lag3_lag5_avg6	0.00149797604082259	0.00143425449459827	0.00201053555750658
ctrx_quarter_delta3	0.00145913592280573	0.000761094797156371	0.00191395961369622
mactivos_margen	0.00145732733903678	0.00233216021185557	0.00233538191395961
mcuentas_saldo_delta5	0.00145603035440639	0.00115506501871892	0.00165057067603161
cproductos	0.00144629009976054	0.00422095084401632	0.00139596136962248
ctarjeta_visa_transacciones_tend6	0.00142930712400615	0.00121631529877553	0.0010359964881475
Master_fultimo_cierre_avg6_lag3_avg6_avg3	0.00142548694159906	0.00161749588731613	0.00261633011413521
mdescubierto_preacordado_tend6_avg6_avg3	0.00142475169330744	0.00307133308744311	0.000755048287971905
mactivos_margen_max6_lag3	0.00142463885416544	0.000660312076614107	0.00147497805092186
mv_msaldopesos	0.00140467416117431	0.0029516267992576	0.00106233538191396
Visa_mpagominimo_delta1_avg3	0.00139831491131348	0.00144957314389243	0.00140474100087796
mdescubierto_preacordado_delta3_avg6	0.00139549965922124	0.0018028084774741	0.000412642669007902
Master_fultimo_cierre_avg6_lag3_lag5_avg6_avg3	0.00136794079126292	0.00190895278208502	0.00244073748902546
mactivos_margen_min6	0.00134718931277399	0.00319411507466179	0.00199297629499561
Visa_fechaalta	0.00131961907551298	0.0017350934796989	0.00232660228270413
mes	0.00131921221949	0.000467492996044653	0.000851624231782265
Master_Fvencimiento_lag1_lag5	0.00129440320557727	0.000969478728390831	0.00219490781387182
mvr_msaldopesos2_avg6_lag3_lag5_avg6_avg3	0.00128612368319091	0.00165266541224755	0.00249341527655838
mv_Finiciomora_lag1	0.00126269794834067	0.00733119079320032	0.000816505706760316
mcuentas_saldo_lag1_delta3	0.00125921694358562	0.000602029545758826	0.00164179104477612
mrentabilidad_max6_lag3_lag5	0.00124224448086442	0.00149672608496283	0.00237050043898156
Visa_Finiciomora	0.00124173100155549	0.00401289864072122	0.000693590869183494
Visa_fultimo_cierre_avg6_delta3_delta5_tend6_avg3	0.00123934896298073	0.00066627484655324	0.00183494293239684
cliente_antiguedad_lag3	0.00123608980833506	0.00199014537318032	0.00211589113257243
Visa_fultimo_cierre_avg6_delta5_avg6	0.00123211153930728	0.00104091576061338	0.00145741878841089
Visa_mfinanciacion_limite_lag3_lag5	0.00123206410379288	0.00169539339501827	0.0025548726953468
Visa_mfinanciacion_limite	0.00122337121952118	0.00424664737349446	0.00223880597014925
ctrx_quarter_delta1_avg3	0.00121606604822231	0.00120332775981483	0.00196663740122915
Visa_mpagominimo_max6_avg3	0.00120559951904205	0.00120880032388604	0.00191395961369622
Master_Fvencimiento_lag1_lag5_avg6_avg3	0.00120006931736567	0.000538754051102749	0.0022739244951712
Visa_mpagospesos_tend6_lag3_lag5_avg6	0.00119817652714918	0.00160934078886244	0.00197541703248464
mcuenta_corriente_min6_lag3_lag5_avg6_avg3	0.00118014085639112	0.00329548026977034	0.00182616330114135
mv_Finiciomora_avg3	0.00117249944560597	0.00222862450546162	0.000597014925373134
mrentabilidad_annual_delta3_lag5_avg3	0.00116470933159886	0.00044791013900741	0.00171202809482002
ctarjeta_visa_transacciones_delta3_avg6	0.00116089819742926	0.0005059262421023	0.000992098331870061
chomebanking_transacciones_avg6_lag5	0.00115686036690942	0.000475476738344241	0.00159789288849868
Visa_mpagominimo_delta1_avg6_avg3	0.00114767309361825	0.00430239228788184	0.00150131694468832
Visa_cconsumos_max6_lag3_lag5_avg3	0.00114557248627971	0.0035411501486743	0.00190517998244074
Visa_fultimo_cierre_avg6_delta3_avg6	0.00113891111853935	0.00087080773382203	0.00139596136962248
Visa_fechaalta_lag5	0.00113887807050389	0.00111667942209581	0.00201053555750658
Visa_mpagospesos_max6	0.00113862002252319	0.00333297469318525	0.00183494293239684
Master_fechaalta_lag3	0.001129141812628	0.00100690307910788	0.002071992976295
Visa_mpagominimo_delta1_avg6	0.00112817578709608	0.00183260755508752	0.00146619841966637
mcuenta_debitos_automaticos	0.0011261816473858	0.0023791027075696	0.000948200175592625
cproductos_avg6_lag3_avg6_avg3	0.00112043107784889	0.00329461954977786	0.00197541703248464
chomebanking_transacciones_max6	0.00111976491407322	0.00101733285096541	0.00166812993854258
mcaja_ahorro_dolares_delta1	0.00111854072173716	0.0107353179098234	0.00129938542581212
mrentabilidad_annual_lag1	0.00111206224052035	0.00111822586972181	0.0020017559262511
mcaja_ahorro_delta1	0.00110161255149311	0.00208490169019837	0.00124670763827919
mactivos_margen_max6_lag3_lag5_avg6_avg3	0.00109311369798327	0.00111201583785208	0.00169446883230904
mcuentas_saldo_min6	0.00109079131344283	0.00439747790870268	0.00122914837576822
Visa_mpagospesos_max6_lag5_avg6_avg3	0.00108983285374734	0.000805667775123089	0.0014486391571554
ctrx_quarter_delta1_delta5_avg3	0.00108717933273578	0.000691830245830182	0.00189640035118525
cpayroll_trx_min6_delta3	0.00108047047214947	0.00138805757238944	0.000298507462686567
Master_Fvencimiento_lag1	0.00108040021421401	0.00105809970724735	0.00199297629499561
internet_avg6_avg6_avg3	0.00106737609218386	0.0021676680762104	0.00202809482001756
mrentabilidad_annual_delta1_avg3	0.00106286841927388	0.000625172777635602	0.00195785776997366
mpasivos_margen	0.00106236288398667	0.00146246439917856	0.00210711150131694
mcaja_ahorro_max6	0.00106038650000917	0.00081313919130851	0.00167690956979807
mrentabilidad_max6	0.00105853628318588	0.00113164657158667	0.00175592625109745
mvr_msaldopesos2_tend6_delta3_avg6	0.00105838781527696	0.0006154688831736	0.00160667251975417
Visa_cconsumos_max6_avg3	0.00105506153786901	0.00218625787054904	0.0017910447761194
ctrx_quarter_min6_delta3	0.00105488996483868	0.00127817184023858	0.00115013169446883
Master_fechaalta_lag3_lag5_avg6	0.00104876719604766	0.000841717110122517	0.00211589113257243
mactivos_margen_lag1	0.00104766123648391	0.00106942731868866	0.00169446883230904
mrentabilidad_annual_tend6_delta3_delta5_avg6_avg3	0.00104726487477257	0.00136680009150482	0.00198419666374012
mcuenta_corriente_avg3	0.00104198122331095	0.000671701503538068	0.00114135206321335
mtarjeta_master_consumo	0.00104020895395365	0.00304923647653238	0.000623353819139596
mcuentas_saldo_min6_tend6	0.00103742075474193	0.000390354394598872	0.00141352063213345
ccomisiones_otras_tend6_lag3_lag5_tend6_avg3	0.00103520416009981	0.00110584906166935	0.00222124670763828
Visa_mpagominimo_max6_lag5_tend6	0.00103213816985005	0.00140276632407231	0.00171202809482002
mactivos_margen_max6_lag3_lag5_avg6	0.00103125365242843	0.0011243350726609	0.00157155399473222
mcuentas_saldo_delta5_avg3	0.00102962451346363	0.000740464561610407	0.00108867427568042
mcuentas_saldo_min6_lag5_avg6_avg3	0.0010235285862889	0.000699910423312875	0.00170324846356453
chomebanking_transacciones_tend6_lag3_delta5_avg6_avg3	0.00102151296490402	0.00101204527881654	0.00196663740122915
mcuenta_corriente_min6	0.00101778331966656	0.00145331085947324	0.00160667251975417
Visa_mconsumospesos_avg6_avg6_avg3	0.00101666305207626	0.00122133841277497	0.00194029850746269
Visa_mconsumospesos_avg6	0.00101455709220347	0.00153591217693539	0.00195785776997366
mcaja_ahorro_max6_lag5_avg6_avg3	0.00101030055552477	0.00156717270588616	0.00206321334503951
Visa_fultimo_cierre_avg6_delta3_delta5_avg6_avg3	0.00100807257828716	0.000633896563378825	0.0015891132572432
chomebanking_transacciones_max6_lag3_lag5_avg6_avg3	0.0010075591508303	0.00103648436320092	0.0018612818261633
Visa_fultimo_cierre_avg6_lag3_lag5_avg6_avg3	0.00100605157240442	0.00282025586889266	0.00208955223880597
Visa_mpagominimo_max6_delta5	0.00100513357112609	0.000899560341977937	0.00141352063213345
ctrx_quarter_delta1_avg6	0.00100241941464528	0.000900238191167583	0.00136962247585601
cliente_edad	0.00100027412411255	0.00177475977797602	0.00170324846356453
mcomisiones_otras_min6_lag3_lag5_avg6_avg3	0.000998632834410979	0.00174080292736599	0.0017910447761194
Master_fultimo_cierre_avg6	0.000995756256334118	0.000716918771553728	0.00173836698858648
Master_mpagominimo_tend6	0.000993313936223634	0.00259291731076509	0.00164179104477612
Visa_mpagospesos_max6_delta3	0.000989464871095652	0.0011117481980234	0.00153643546971027
cliente_antiguedad_lag3_lag5	0.000987650344429709	0.00150218364968898	0.00188762071992976
mcuenta_corriente_delta1_tend6	0.000987597763840081	0.00262014574304978	0.00162423178226514
mcomisiones_mantenimiento_delta3_delta5_tend6	0.000987250601374667	0.00105782350718639	0.00158033362598771
mtarjeta_visa_consumo_delta3	0.00098541732029081	0.00100867595624079	0.00126426690079017
mactivos_margen_delta5	0.000985098758099624	0.00112036433695186	0.00165935030728709
mcomisiones_otras_min6_lag3_lag5_tend6_avg3	0.000985088953593055	0.00119134108624233	0.00185250219490781
mttarjeta_visa_debitos_automaticos_delta1_avg3	0.000979566081729789	0.001194827146145	0.00143107989464443
mrentabilidad_annual_delta1	0.000972821912317037	0.00151999711428964	0.00206321334503951
mcomisiones_otras_min6_delta3_delta5_tend6_avg3	0.000971979741499221	0.00105415237960711	0.0020017559262511
Visa_mconsumospesos_avg6_tend6_avg3	0.000963520937475322	0.00188576993072611	0.00175592625109745
Visa_mpagospesos_max6_lag3_lag5_tend6_avg3	0.000963220390683169	0.000687513237362333	0.00157155399473222
Visa_fultimo_cierre_tend6_delta3_lag5_tend6_avg3	0.000961826292193497	0.000750822518421917	0.00197541703248464
mcomisiones_otras_min6_avg3	0.000961453217745386	0.00060901969507994	0.00142230026338894
ctarjeta_visa_transacciones_delta5_avg6_avg3	0.000961348296952747	0.002262904599533	0.00100965759438104
mttarjeta_visa_debitos_automaticos_tend6_delta3_delta5_tend6_avg3	0.00096053150513717	0.00188625915178855	0.0015188762071993
mcuentas_saldo_min6_lag3_avg3	0.000958835206981728	0.001078483892931	0.00138718173836699
chomebanking_transacciones_delta1_avg3	0.000958652186921334	0.000940334622178142	0.0017910447761194
mv_fultimo_cierre_avg3	0.000957560168462219	0.00105925147513731	0.00192273924495171
mv_fultimo_cierre_avg6_avg3	0.00095751146373895	0.00129493610822809	0.00197541703248464
mcaja_ahorro_max6_lag5	0.000955973279094211	0.00169216989940832	0.0017208077260755
Visa_mpagospesos_max6_lag3_lag5_avg6_avg3	0.000941757147919598	0.0015419360048145	0.00185250219490781
Master_fultimo_cierre_avg6_avg6_avg3	0.000940943607868275	0.000654537101505231	0.00201053555750658
Visa_mpagominimo_delta1	0.000940591304589452	0.00184346064179437	0.00131694468832309
mactivos_margen_max6_lag3_lag5_tend6_avg3	0.000940023201810535	0.00241091101563194	0.00175592625109745
ccajas_transacciones_avg6_lag3_avg6	0.00093814992167221	0.00636419816837517	0.00183494293239684
cliente_edad_lag3	0.00093793882772238	0.00142457855346114	0.0015891132572432
mv_fechaalta_delta3_avg6_avg3	0.000936216126613095	0.00112407697786998	0.00148375768217735
ctrx_quarter_min6_delta5_avg6	0.000935147212768029	0.000555870879455312	0.00122914837576822
Master_fultimo_cierre_avg6_lag3_tend6	0.000932019746152481	0.000931340923978202	0.00170324846356453
Visa_mpagospesos_tend6_lag3_lag5_tend6_avg3	0.00093048839461655	0.002732965589507	0.00187006145741879
cliente_edad_avg6_lag3_avg6	0.000928773886642169	0.000628446195308128	0.00143107989464443
Master_fultimo_cierre_avg6_tend6_avg3	0.000925871184455882	0.0012343197398857	0.00171202809482002
mrentabilidad_min6_avg6_avg3	0.00092276311944518	0.00194879195160161	0.00173836698858648
cliente_edad_min6	0.0009193205221092	0.00121225032475716	0.00169446883230904
mactivos_margen_delta1_lag5_avg3	0.000918808169644241	0.000454132897594158	0.0018612818261633
mpasivos_margen_max6_lag3_delta5_avg6_avg3	0.000917264293448076	0.00222227016171144	0.00170324846356453
mactivos_margen_delta1	0.000913900971539106	0.000721822724089679	0.00184372256365233
ccomisiones_otras_tend6_lag3_lag5_avg6	0.00091315103926804	0.000547425187629745	0.00157155399473222
cliente_edad_avg6_lag3	0.000908667010294554	0.000999416587823133	0.00160667251975417
mrentabilidad_max6_avg6_avg3	0.000907514326939377	0.00118966865926873	0.00145741878841089
mvr_mpagominimo_avg6	0.000905851998487464	0.000630820182557245	0.00115013169446883
mcuenta_corriente_min6_lag3_delta5_avg6_avg3	0.000902097261920223	0.00139995432564588	0.00190517998244074
ctransferencias_emitidas_max6_avg6_avg3	0.00090207041289649	0.000607644224836714	0.00125548726953468
mcuenta_corriente_min6_delta5	0.000900185849503532	0.00115229680625937	0.00155399473222125
mactivos_margen_min6_lag3_lag5_tend6	0.000897906424862255	0.000533039755162503	0.00165935030728709
Visa_mpagospesos_max6_avg3	0.000897189575025585	0.00162317071528278	0.00129938542581212
mcomisiones_otras_min6_delta3_avg6	0.000896714222109654	0.00107636974282097	0.00152765583845479
ctrx_quarter_max6_lag3_lag5_avg6_avg3	0.000895693949365059	0.000764943416985466	0.00158033362598771
mcuenta_corriente_min6_lag3_delta5_avg3	0.000893365131818987	0.00140064421976413	0.00164179104477612
chomebanking_transacciones_tend6_lag3_lag5_tend6_avg3	0.000892987033605149	0.00136648752939525	0.00183494293239684
mttarjeta_visa_debitos_automaticos_tend6_delta5_tend6_avg3	0.000892312288768005	0.000926056457754322	0.00143107989464443
mrentabilidad_annual_lag1_avg3	0.000889779701098378	0.000765211890111092	0.00147497805092186
Visa_fultimo_cierre_tend6_delta3_avg3	0.000888166409689772	0.000958911235274163	0.00174714661984197
Visa_cconsumos_tend6_lag3_lag5_avg6_avg3	0.000887950129314974	0.000760203472439634	0.00181738366988586
mactivos_margen_lag5	0.00088655054850866	0.000775103958174689	0.00166812993854258
mcomisiones_mantenimiento_avg6_delta3_lag5_avg6	0.000882664660595469	0.00379536707861434	0.0015891132572432
canarito52	0.000882133328343801	0.00110322144913112	0.00208955223880597
mprestamos_personales_min6_delta3	0.000879481882023998	0.000621700050484091	0.000763827919227393
mcomisiones_mantenimiento_delta5_avg3	0.000878251510970553	0.000514357540616955	0.000992098331870061
mcuentas_saldo_min6_lag3_lag5_tend6_avg3	0.000877525708888688	0.000575080949739957	0.00166812993854258
Visa_mpagospesos_max6_avg6_avg3	0.000877249188886004	0.000898541447073967	0.00143107989464443
mcuentas_saldo_min6_lag3	0.000876731054965633	0.00101274267260732	0.00112379280070237
ctrx_quarter_max6_lag3_delta5_tend6_avg3	0.000876558190098235	0.00057465187756627	0.00179982440737489
canarito77	0.000876355821604201	0.000719257608822515	0.0020017559262511
ctrx_quarter_delta1_avg6_avg3	0.000875164894554658	0.000545549133183884	0.00139596136962248
mcomisiones_otras_min6_avg6	0.000874829314431911	0.000836598469991187	0.00151009657594381
mrentabilidad_max6_avg6	0.000874771821137407	0.00038501818820998	0.00124670763827919
Master_fechaalta_lag3_lag5_avg6_avg3	0.000873543635582886	0.0012193576659308	0.00182616330114135
mcuentas_saldo_lag1_lag3	0.000870003553305373	0.000594900235847482	0.00165057067603161
mrentabilidad_max6_avg3	0.000868956250815828	0.000542794632246837	0.00143985952589991
ctrx_quarter_tend6_lag3_lag5_avg6	0.000868540018192717	0.00157177803509784	0.0017910447761194
mactivos_margen_min6_tend6	0.000868537023963809	0.000592411026356808	0.00158033362598771
ctrx_quarter_min6_delta5_avg6_avg3	0.000867812615698138	0.000722988127747871	0.00150131694468832
cproductos_tend6	0.000867730226001119	0.00163198002759452	0.000921861281826163
mactivos_margen_max6_lag3_lag5_tend6	0.000867707023669759	0.000684961227583525	0.00177348551360843
ccomisiones_otras_tend6_delta3_delta5_avg6_avg3	0.000866425061427153	0.00131923489570822	0.0018612818261633
mcaja_ahorro_max6_tend6_avg3	0.000863471454914097	0.000768224788856127	0.00159789288849868
mactivos_margen_min6_lag3_delta5_avg3	0.000862183211467626	0.00240981932087646	0.00162423178226514
mrentabilidad_annual_delta1_lag5_avg3	0.000861761902313471	0.000541304924567537	0.00181738366988586
Visa_cconsumos_tend6	0.000860124981986195	0.000448533066352789	0.00138718173836699
mcuentas_saldo_min6_delta5	0.000859361482331015	0.000602648003602396	0.00121158911325724
mcaja_ahorro_min6_delta3_tend6_avg3	0.000858878729484984	0.000964864460175533	0.00155399473222125
Visa_mpagospesos_tend6_lag3_lag5_tend6	0.000855753430306385	0.000941978792809798	0.00174714661984197
mcuentas_saldo_min6_delta3	0.000852191676602064	0.00067981796731511	0.00109745390693591
mpasivos_margen_avg6	0.000851909213702386	0.00076640039882101	0.00122036874451273
ctrx_quarter_tend6_avg6_avg3	0.000850816610765892	0.000462926150001094	0.00146619841966637
mcuentas_saldo_min6_delta3_delta5	0.000850732795289071	0.000593386665573777	0.00129060579455663
ccomisiones_otras_tend6_avg6	0.000848499845224562	0.00113790834362141	0.0017208077260755
cliente_edad_min6_lag5_avg3	0.000847304153060828	0.000484372865047058	0.00129938542581212
ctransferencias_recibidas_avg6_lag3_lag5_avg6_avg3	0.000845356446628308	0.000446887380635774	0.000930640913081651
Visa_mpagospesos_max6_delta3_tend6_avg3	0.000844482150153389	0.00050616161061283	0.00159789288849868
mcuenta_corriente_min6_lag3_lag5_tend6_avg3	0.000841245024622501	0.00119362742580342	0.00166812993854258
mpasivos_margen_delta5	0.000839486476379049	0.00061375267023312	0.00163301141352063
mrentabilidad_lag1_lag3	0.000839441899933159	0.000509015804166503	0.00165935030728709
chomebanking_transacciones_delta1_lag5	0.000836605876164278	0.000690599996518622	0.00107111501316945
mvr_msaldopesos2_avg6_delta5_avg6_avg3	0.000835957287907526	0.000796611200880748	0.00160667251975417
ccallcenter_transacciones_tend6	0.000835009084572389	0.00213001411430718	0.000992098331870061
Visa_mpagominimo_max6_delta5_tend6_avg3	0.000831848328215625	0.00148875317552356	0.00166812993854258
mcomisiones_mantenimiento_tend6	0.000831820950726928	0.00149549492660005	0.0010359964881475
mactivos_margen_max6_delta3_avg6	0.000828802826739222	0.0010983034820556	0.00165057067603161
mpasivos_margen_max6	0.000827870447418831	0.00115399953494016	0.0013784021071115
ccaja_seguridad_avg6	0.000826609281104625	0.00485399994439955	0.00028972783143108
mactivos_margen_delta1_avg3	0.000826246788132405	0.00206767774531092	0.00174714661984197
mrentabilidad_lag1_delta3	0.000825999803821435	0.000372440555593173	0.00162423178226514
Visa_mpagospesos_tend6_lag5_avg6_avg3	0.000825942748783494	0.00106316918285878	0.00165935030728709
mttarjeta_visa_debitos_automaticos_delta1_tend6	0.000823927849471707	0.00135619593332247	0.00114135206321335
ctrx_quarter_tend6_lag3_lag5_tend6_avg3	0.000822670599460359	0.000783575103434289	0.00165057067603161
chomebanking_transacciones_max6_avg6_avg3	0.000822498900605038	0.000583020300038525	0.00151009657594381
mrentabilidad_lag1	0.000821736694816362	0.000653224886075745	0.00185250219490781
mcuentas_saldo_min6_lag3_lag5_tend6	0.000821531754418915	0.000746764665304735	0.00160667251975417
thomebanking_tend6_delta5_tend6	0.000820138417271914	0.00241840273396117	0.00167690956979807
mrentabilidad_annual_delta3_lag5	0.000819535421294914	0.00045659036604656	0.00176470588235294
ccomisiones_otras_tend6_delta3_delta5_tend6_avg3	0.000819055354203619	0.00120091688023722	0.00170324846356453
Visa_fultimo_cierre_avg6_lag3_delta5_avg3	0.000818149575605546	0.000380037799617664	0.00127304653204565
mv_status04_delta3	0.000816568116397692	0.00157116828899508	0.000395083406496927
mvr_msaldopesos2_avg6_lag3_lag5_tend6_avg3	0.000815988362326042	0.000646760547128495	0.00171202809482002
chomebanking_transacciones_avg6_delta5_avg3	0.000812699602176077	0.00152357392780532	0.00118525021949078
ccomisiones_otras_tend6_lag3_lag5_avg6_avg3	0.000811222528294345	0.000680171512483648	0.00169446883230904
mv_fultimo_cierre	0.000810608420752943	0.00363375974124709	0.0015891132572432
Visa_cconsumos_tend6_avg6	0.000809474669086857	0.00260276589587888	0.00143107989464443
mtransferencias_recibidas	0.000808281669070581	0.00215373156353505	0.000763827919227393
canarito119	0.000805542042465887	0.000948625699542816	0.00184372256365233
mcomisiones_mantenimiento_avg6_delta3_delta5	0.000803733914812532	0.000597150819394104	0.00154521510096576
Visa_mpagominimo_max6_delta5_avg6_avg3	0.000803117529838785	0.00103271157339405	0.00136962247585601
mcuentas_saldo_delta1_tend6	0.000802113961072102	0.000477054623991439	0.00136084284460053
ctransferencias_emitidas_avg6_lag3_lag5_avg6_avg3	0.000801325297433357	0.000778739481248032	0.00129938542581212
mpasivos_margen_max6_tend6	0.000801286319286339	0.00105767745295778	0.00152765583845479
mcomisiones_otras_min6_lag3_lag5_avg6	0.000799635830763175	0.0023812618557148	0.0015188762071993
mvr_msaldopesos2_avg6_lag3_avg6_avg3	0.000798938887150449	0.000959820437998137	0.00164179104477612
mrentabilidad_annual_delta1_delta5_avg3	0.000797618182885628	0.000691874562076934	0.00187006145741879
ctrx_quarter_delta1_lag3_delta5_avg6	0.000797285886592214	0.000873428983001747	0.00152765583845479
ctrx_quarter_min6_delta3_delta5_tend6_avg3	0.000797257897634648	0.000532751282910137	0.00154521510096576
canarito114	0.000797139690940576	0.000782825363444356	0.00190517998244074
Visa_mpagospesos_max6_lag3_lag5_tend6	0.000795675473836173	0.000918218542420544	0.00158033362598771
mpasivos_margen_max6_lag3	0.000795403947665044	0.00261243282225812	0.00150131694468832
Visa_fultimo_cierre_tend6_delta3_lag5_tend6	0.000795024520881357	0.000696062864043531	0.00169446883230904
mvr_mpagominimo_avg6_lag5_avg6_avg3	0.000793494516789024	0.00102908612563835	0.00136962247585601
mcomisiones_otras_min6_delta3_delta5_avg6	0.000792623426821951	0.000808645069362186	0.00157155399473222
thomebanking_tend6	0.000792391231716646	0.00110384907324111	0.00126426690079017
mcomisiones_mantenimiento_delta3_delta5_tend6_avg3	0.000791684264824221	0.000497347071256599	0.00157155399473222
chomebanking_transacciones_avg6_lag3_lag5	0.000790674312570131	0.00093890051813152	0.00147497805092186
ctrx_quarter_max6_lag3_delta5_tend6	0.000790202085086104	0.000714902192940814	0.00170324846356453
mv_cconsumos	0.000790167300259869	0.00101013877115496	0.000719929762949956
ccomisiones_otras_tend6_lag3_lag5_avg3	0.000790087362831049	0.00121921994467166	0.00153643546971027
canarito39	0.000790039359987994	0.00140671956054544	0.0017910447761194
Visa_cconsumos_tend6_lag3_tend6_avg3	0.000788555481511021	0.00213668048988707	0.00141352063213345
chomebanking_transacciones_tend6_lag3_lag5_avg6	0.000786197672060436	0.000453508530917688	0.0014486391571554
mactivos_margen_delta1_lag5	0.000785562704257533	0.00107522661091755	0.00155399473222125
canarito9	0.000781235873113522	0.000593434542271123	0.00187884108867428
Visa_mconsumospesos_avg6_avg3	0.000780746582238583	0.00108607825829331	0.00156277436347673
Visa_mpagospesos_max6_lag5_tend6_avg3	0.00078012903480427	0.000906486781959703	0.00150131694468832
tcallcenter_tend6	0.000778790943047712	0.00164831749603838	0.000930640913081651
Visa_mpagominimo_max6_tend6	0.000776451160563941	0.000832565312765358	0.00131694468832309
ctrx_quarter_delta1_lag3_avg6_avg3	0.00077532987105148	0.000673712855106493	0.00136084284460053
ctransferencias_emitidas_avg6_lag3_lag5_avg6	0.000774853135785664	0.000846056238836608	0.0011062335381914
canarito17	0.00077460200686036	0.000640926862461954	0.00188762071992976
canarito73	0.000773560093739319	0.000474544809339881	0.00176470588235294
mtransferencias_recibidas_tend6	0.000770387484059533	0.000768198199108075	0.000983318700614574
mcomisiones_otras_min6_delta3_avg6_avg3	0.000769327161321642	0.00125478263425376	0.00141352063213345
mcomisiones_mantenimiento_avg6_delta3	0.000767887205000604	0.000770209247659429	0.00114135206321335
internet_avg6_delta5_tend6_avg3	0.000767632062258074	0.00112520904965027	0.00145741878841089
mvr_mpagominimo_avg6_delta3_delta5_tend6_avg3	0.000767141387511173	0.00110478198705096	0.00147497805092186
mcuentas_saldo_min6_delta3_delta5_tend6	0.000766798155503928	0.00047959314951055	0.00154521510096576
ctarjeta_visa_transacciones_delta3	0.000765952928660897	0.00162763786870971	0.000851624231782265
cliente_edad_min6_avg6_avg3	0.000763941963105112	0.0011464594096337	0.00136084284460053
canarito91	0.000763424883476403	0.000593893688889188	0.00185250219490781
cliente_edad_min6_lag5	0.00076315140894587	0.00123559710835193	0.00119402985074627
mcuentas_saldo_min6_delta5_avg6_avg3	0.000762254260217188	0.00045691050358293	0.00136084284460053
mcomisiones_mantenimiento_max6_avg6_avg3	0.000761148830539009	0.00135392383556374	0.00122036874451273
canarito49	0.000760724904732391	0.0014875817872782	0.00182616330114135
canarito43	0.000760531955253682	0.000482893762965272	0.00177348551360843
Visa_mpagospesos_max6_delta5_avg6	0.000758962508578053	0.000636646216042722	0.00136962247585601
mactivos_margen_tend6_tend6	0.000758216383730638	0.00140514023556716	0.00132572431957858
ctrx_quarter_min6_delta3_avg6_avg3	0.000758148288564418	0.0004899711054488	0.00111501316944688
mrentabilidad_annual_min6_delta5_avg6	0.000757990548368346	0.000464683042983465	0.00133450395083407
canarito3	0.000754328709508455	0.0010489540459859	0.00160667251975417
canarito76	0.000754090120362679	0.000798351730941241	0.00181738366988586
Visa_fultimo_cierre_avg6_delta5_avg3	0.000752982229385313	0.00100006489284828	0.00118525021949078
ccomisiones_otras_tend6_avg3	0.000752973957914204	0.00177551277539947	0.00156277436347673
canarito81	0.00075213175797399	0.00122567519310676	0.00195785776997366
canarito51	0.000751195208062493	0.00172567775447219	0.00180860403863038
mcuenta_corriente_delta5	0.000750655736557429	0.00112346442885931	0.00140474100087796
mrentabilidad_annual_delta1_tend6_avg3	0.0007498360186005	0.000770127433050039	0.00164179104477612
canarito72	0.000748243585626902	0.0024534807477369	0.00155399473222125
canarito47	0.00074815191024846	0.000494292810681262	0.00181738366988586
ctrx_quarter_lag1_lag3_lag5_tend6_avg3	0.000747833006604777	0.000367275705358392	0.00148375768217735
mcuentas_saldo_lag1_lag3_avg3	0.000747608477792961	0.000517893674090743	0.00119402985074627
ctrx_quarter_tend6_lag3_lag5	0.000747568918618604	0.000632685555651325	0.0014486391571554
mcuenta_corriente_min6_lag3_lag5_tend6	0.000747536924164497	0.000773976431650474	0.00154521510096576
cproductos_avg6_delta3_avg6	0.000747405183673466	0.000737077891307291	0.00112379280070237
canarito40	0.000745464372957834	0.000720169690208672	0.0019315188762072
mrentabilidad_annual_tend6_delta3_avg6	0.000745109677583569	0.000631116305990674	0.00138718173836699
mcuenta_corriente_min6_lag3_delta5	0.000744991246129533	0.00102312918877785	0.0015188762071993
Visa_cconsumos_max6_lag3_lag5	0.000744855945907434	0.00244966455073449	0.00166812993854258
canarito19	0.000744723693186923	0.00044597332963865	0.00167690956979807
canarito65	0.000744497229511448	0.000388403191919201	0.00181738366988586
canarito85	0.000742830038025089	0.00165356294881426	0.00178226514486392
mcaja_ahorro_delta5_tend6	0.000740368201951077	0.0014876250429652	0.00146619841966637
mcomisiones_mantenimiento_delta5	0.000740348409781399	0.00219287402104927	0.00107989464442493
Visa_fultimo_cierre_avg6_delta5	0.000740099794920602	0.000549754025335162	0.00124670763827919
mpasivos_margen_lag3_lag5	0.000738136963106452	0.000680219767952334	0.00151009657594381
mrentabilidad_max6_lag3	0.00073799704459981	0.000499319485131297	0.00132572431957858
mtarjeta_visa_consumo_delta5	0.000736725025778622	0.00102272557003819	0.000746268656716418
canarito103	0.000736565345340889	0.000836894290407544	0.00159789288849868
Visa_mpagospesos_max6_delta5	0.000736384586274413	0.000863357907602977	0.00131694468832309
mcuentas_saldo_min6_delta5_avg3	0.000735145923049619	0.00090488170053031	0.00136962247585601
mrentabilidad_min6_delta3_tend6	0.000735076826458527	0.00186432783669049	0.0015891132572432
mpasivos_margen_lag5	0.000734987346218827	0.000459499329935963	0.00139596136962248
ctrx_quarter_min6_delta5_tend6_avg3	0.000734771283095082	0.000685866415331298	0.00142230026338894
canarito88	0.000734204815330751	0.000345561274729481	0.00172958735733099
ccajas_transacciones_avg6_lag3_tend6_avg3	0.000733845582747885	0.00200843025659045	0.0017208077260755
canarito27	0.000733744772170651	0.00106714810002875	0.00172958735733099
mcomisiones_otras_min6	0.000733727219584348	0.000704981414009662	0.0013081650570676
ctrx_quarter_max6_lag3_delta5_avg6_avg3	0.000732037077416611	0.0013987896037761	0.00124670763827919
ctarjeta_visa_transacciones_tend6_lag5_avg3	0.000731672177026712	0.00121093000362101	0.00114135206321335
mactivos_margen_min6_delta5_tend6_avg3	0.000731624590217903	0.000323254976005053	0.00134328358208955
mcomisiones_mantenimiento_tend6_lag3_lag5_avg6	0.000731257548570771	0.00143139621031413	0.00140474100087796
mcomisiones_otras_min6_lag3_lag5_avg3	0.000730410384631702	0.000793342479972835	0.0014486391571554
mrentabilidad_annual_min6_delta5_avg6_avg3	0.000730395753113164	0.000488253680440033	0.00111501316944688
canarito46	0.000729496184181361	0.000392079698051506	0.00171202809482002
canarito71	0.000729045554962997	0.00138317119484365	0.00176470588235294
chomebanking_transacciones_tend6_lag3_lag5_avg6_avg3	0.000728667321081407	0.000451327262526243	0.00115013169446883
canarito87	0.000728310349695402	0.00033310522771274	0.00173836698858648
mrentabilidad_annual_max6_lag3_lag5_tend6	0.000728181687654847	0.00121395138684405	0.00155399473222125
mactivos_margen_lag1_avg3	0.000727958182946842	0.00188380759216905	0.00114135206321335
mcuentas_saldo_delta1_avg6	0.000727282006190854	0.000893019491220054	0.00122036874451273
mv_fechaalta_tend6	0.00072725133249327	0.000637086424093799	0.00106233538191396
canarito58	0.000727011541312938	0.000492152449594512	0.00174714661984197
internet_avg6_tend6	0.000726447579292428	0.00108248735448379	0.00151009657594381
ctrx_quarter_tend6_lag3_delta5_tend6_avg3	0.000726070515786202	0.00127068262180019	0.00157155399473222
Visa_mpagospesos_max6_delta3_avg6	0.000725856462006393	0.00219379435965063	0.00143985952589991
canarito4	0.000725768605314968	0.000558740602633915	0.00170324846356453
cliente_edad_min6_lag5_avg6_avg3	0.000725722555194602	0.000731324960690389	0.00118525021949078
Visa_mpagospesos_tend6_lag3_lag5_avg6_avg3	0.000725706671514456	0.00138220729753822	0.00141352063213345
mcomisiones_mantenimiento_avg6_delta5_avg6_avg3	0.000724602829057661	0.000934574722168588	0.00138718173836699
canarito48	0.000724584792045141	0.000846213277434075	0.00177348551360843
mcomisiones_mantenimiento_avg6_tend6	0.000723994154010262	0.000808882483237951	0.00118525021949078
Visa_mpagominimo_delta1_tend6	0.000722798332774441	0.00227450068409994	0.00131694468832309
mcuenta_corriente_min6_delta3_avg6	0.000722507096625765	0.00237051664308552	0.00140474100087796
canarito99	0.000722504146029716	0.0015160379689836	0.00175592625109745
canarito89	0.000722321080611441	0.000719058223589262	0.00182616330114135
mcomisiones_mantenimiento_avg6_delta3_delta5_tend6_avg3	0.000722103451372441	0.000882931825636601	0.00150131694468832
canarito13	0.000721239643932633	0.000881832176682992	0.00178226514486392
Visa_mconsumospesos_avg6_lag5_tend6_avg3	0.000718963885973666	0.000481741995075311	0.00161545215100966
mprestamos_personales_delta5	0.000718309914944077	0.000457685924269699	0.00077260755048288
mrentabilidad_annual_delta3	0.000717400751501527	0.000346248214431281	0.00170324846356453
mcomisiones_mantenimiento_avg6_avg6_avg3	0.000715968596177749	0.00118859272140099	0.00139596136962248
Visa_mpagospesos_tend6_lag5_avg3	0.000715684952552587	0.000602035984871602	0.00142230026338894
mrentabilidad_max6_lag3_avg3	0.000715501405041946	0.000562688081782688	0.00140474100087796
canarito57	0.000714950750942242	0.000907724379435254	0.00178226514486392
internet_avg6_delta5_avg6_avg3	0.000714080057425364	0.00160674294775152	0.00156277436347673
mcuentas_saldo_avg6_delta3_delta5_avg3	0.000713905881441261	0.000835765324552237	0.00143985952589991
Visa_cconsumos_tend6_tend6	0.000713889410848413	0.000773543874780461	0.00145741878841089
canarito90	0.000713288128932506	0.000743629196154152	0.00174714661984197
canarito123	0.000712849988859258	0.000555018719695106	0.0017208077260755
mv_msaldototal	0.00071277601715858	0.00143428411451704	0.000719929762949956
mrentabilidad_annual_delta1_delta5_tend6_avg3	0.000712708876232859	0.00203053883667553	0.00147497805092186
canarito59	0.000712376759645944	0.000563326690261534	0.0017910447761194
ctrx_quarter_delta1_delta5_tend6_avg3	0.000712227125522001	0.00156009187870631	0.0013784021071115
ctrx_quarter_tend6_lag3_lag5_tend6	0.000711836753080251	0.00118757640214213	0.00152765583845479
canarito64	0.000709839388394264	0.000527482800836796	0.00158033362598771
canarito102	0.000708151501842442	0.000446062416657763	0.00161545215100966
mcomisiones_mantenimiento_avg6_delta3_delta5_avg6	0.000707039870209847	0.00046368354117209	0.00133450395083407
cliente_edad_avg6_lag3_tend6	0.000706780632675621	0.00103624550999407	0.00139596136962248
ctarjeta_visa_transacciones_tend6_lag5_tend6_avg3	0.000706685713143307	0.000815473256058416	0.00132572431957858
ccomisiones_otras_tend6	0.000706510547200643	0.00200154131497133	0.0014486391571554
Visa_mconsumospesos_avg6_lag5_tend6	0.000704790921903567	0.00196768158133282	0.00131694468832309
mcuenta_corriente_min6_lag3_delta5_tend6_avg3	0.00070438193497347	0.000415234217314207	0.00149253731343284
Visa_cconsumos_tend6_tend6_avg3	0.000704037821582455	0.000729962368672715	0.00151009657594381
mactivos_margen_delta1_lag5_avg6_avg3	0.00070382664462872	0.000573128156220659	0.00135206321334504
mrentabilidad_annual_tend6_delta3_delta5_avg3	0.000703173433419723	0.000680076516631634	0.00151009657594381
thomebanking_tend6_tend6	0.000702774842678071	0.00151252122860241	0.00162423178226514
chomebanking_transacciones_delta1	0.000701670089106276	0.00090524479073661	0.00126426690079017
chomebanking_transacciones_tend6_avg6	0.000700415938854475	0.000701724965293158	0.00141352063213345
canarito30	0.000700350427362393	0.000975927613467419	0.00176470588235294
canarito106	0.000700218050643381	0.000451055910738435	0.00165057067603161
mcuenta_corriente_min6_delta5_tend6_avg3	0.000700165444026245	0.00127073898297555	0.00151009657594381
mrentabilidad_max6_lag5_tend6_avg3	0.00069954732804562	0.00082753651719582	0.00163301141352063
mcaja_ahorro_min6_delta3_avg6	0.000699191117089039	0.00120406840929261	0.00123792800702371
canarito61	0.000698591835283137	0.000726160261964143	0.00169446883230904
canarito33	0.000695950900728121	0.000475476662589973	0.00160667251975417
ccomisiones_otras_tend6_lag3_lag5	0.000694586957618246	0.000825648039050015	0.00129060579455663
tcallcenter_tend6_avg6_avg3	0.000694318280165511	0.000544728411444879	0.00128182616330114
mvr_msaldopesos2_tend6_avg3	0.000693919143810166	0.00242736378207162	0.00127304653204565
mvr_mpagominimo_min6	0.000693132488500638	0.00129554502103389	0.000939420544337138
Visa_mpagominimo_max6	0.000693044472498539	0.000574950425136274	0.00129060579455663
ccallcenter_transacciones_tend6_delta3_avg6_avg3	0.000691817250114033	0.00177914117757163	0.0013081650570676
mrentabilidad_lag1_delta3_avg3	0.00069129167252923	0.000309525954269625	0.00140474100087796
canarito42	0.000691191948613152	0.000651104978641343	0.00173836698858648
chomebanking_transacciones_delta1_avg6_avg3	0.000691128447073836	0.000768045630012417	0.00136084284460053
mrentabilidad_annual_delta1_lag5	0.000690542700282555	0.000430838763215619	0.00158033362598771
canarito10	0.000690447740364478	0.000369113428144669	0.00147497805092186
canarito80	0.000689757197489359	0.000574597940527487	0.00154521510096576
mttarjeta_visa_debitos_automaticos_delta1_avg6_avg3	0.000689396365812912	0.00118622487024757	0.000930640913081651
mactivos_margen_min6_delta3_delta5_avg6_avg3	0.00068813631244105	0.0012381253312906	0.00153643546971027
mrentabilidad_annual_max6_lag3_delta5_tend6	0.000688097976711791	0.00253441781968639	0.00146619841966637
chomebanking_transacciones_delta1_lag5_avg3	0.000687375790576352	0.000552049455408412	0.00141352063213345
mprestamos_personales_tend6_avg6_avg3	0.000687281379924951	0.00128483192821422	0.00106233538191396
mcuenta_corriente_delta3_tend6_avg3	0.000686604883786576	0.000811684785118076	0.00125548726953468
mcaja_ahorro_dolares_max6_lag3_delta5_avg6_avg3	0.000685737354260873	0.000927700325368906	0.00122914837576822
ccomisiones_otras_tend6_tend6	0.000685266755500182	0.000818067460964474	0.00146619841966637
mcaja_ahorro_avg6_avg3	0.000685116418887194	0.000876746489658222	0.00129938542581212
canarito31	0.000685061610840067	0.00107487367178316	0.00172958735733099
canarito109	0.000684634065636983	0.000876347567683181	0.00170324846356453
thomebanking_tend6_avg6_avg3	0.000684562196025435	0.00162316351862732	0.00151009657594381
mvr_msaldopesos2_tend6_delta3_tend6_avg3	0.000683899315876151	0.000680722549028739	0.00145741878841089
cliente_edad_min6_lag5_avg6	0.000682288399008371	0.000595995188036478	0.00111501316944688
canarito118	0.000682153145057399	0.000590186881049702	0.00165057067603161
canarito8	0.000681805901363835	0.00133573106934344	0.00157155399473222
Visa_cconsumos_tend6_lag3_avg6_avg3	0.000681312205498006	0.000432613155433887	0.00129060579455663
Visa_cconsumos_max6_tend6_avg3	0.000680826048375655	0.000511543951350905	0.00129938542581212
mcuenta_corriente_delta3_delta5_tend6_avg3	0.00068009054508548	0.00268414832716967	0.00150131694468832
canarito93	0.000678651481715994	0.000353050417413603	0.00165057067603161
ccallcenter_transacciones_tend6_delta3_lag5_avg6	0.000678608260831443	0.00129194752660307	0.00136962247585601
canarito22	0.000678077561763603	0.00113721678290927	0.00170324846356453
mcomisiones_otras_min6_lag5_avg6_avg3	0.000677982022543207	0.00100566510286099	0.00122036874451273
chomebanking_transacciones_delta1_tend6_avg3	0.00067793603036322	0.00063304402484728	0.00129938542581212
canarito111	0.000676380988416728	0.000514971907730056	0.00162423178226514
mcomisiones_mantenimiento_tend6_lag3_lag5_tend6_avg3	0.000676121130382645	0.000978368264472335	0.00138718173836699
mcomisiones_otras_min6_lag5	0.000675964175780996	0.000910984767373692	0.0013081650570676
canarito110	0.000675354109454197	0.00121807446438594	0.00167690956979807
mactivos_margen_lag1_tend6	0.000674878834367111	0.000908423061048587	0.00122036874451273
mactivos_margen_max6_delta3	0.000673287496679769	0.000481074145449036	0.00113257243195786
canarito7	0.000671985426791762	0.0011518312962828	0.0015891132572432
chomebanking_transacciones_max6_lag3_lag5_tend6_avg3	0.000671928562520743	0.00041244827835596	0.00133450395083407
mv_cconsumos_delta5_avg6_avg3	0.000671568039622884	0.00055723665315224	0.00107989464442493
canarito116	0.000670803910132444	0.000555906332452714	0.0015891132572432
canarito74	0.000670357332072916	0.00112519995913812	0.00166812993854258
Visa_fultimo_cierre_avg6_tend6_avg3	0.000669634439592505	0.0011804933780885	0.00132572431957858
canarito62	0.000669569596697897	0.00139994705323616	0.00158033362598771
ctarjeta_visa_transacciones_delta5	0.000668910881051414	0.00280556560125117	0.000939420544337138
canarito41	0.000668730049026737	0.000402205240768935	0.0015188762071993
mpasivos_margen_lag3	0.00066708046583468	0.0011260625729873	0.00146619841966637
mrentabilidad_lag1_delta3_tend6_avg3	0.000665397614007534	0.000480922939930201	0.00128182616330114
mprestamos_personales_min6_delta3_tend6	0.000665060062085406	0.00150701624170452	0.0010359964881475
mcuenta_debitos_automaticos_delta5_avg6	0.000664914250301464	0.00155779440326782	0.000913081650570676
ctarjeta_visa_transacciones_tend6_lag5_avg6	0.000664540835314102	0.000632313526441407	0.00121158911325724
ctrx_quarter_delta1_lag3_tend6	0.000663690658982678	0.00087526428165145	0.00149253731343284
ctrx_quarter_delta1_delta5_avg6_avg3	0.000663374874276706	0.00167571054234733	0.00129060579455663
tcallcenter_tend6_delta5_avg6_avg3	0.000663329314873807	0.00058146673151134	0.00135206321334504
mvr_msaldopesos2_tend6_delta3	0.000663142909613784	0.000760758523960927	0.00140474100087796
mrentabilidad_min6_delta5	0.000661177174083542	0.00062588827669642	0.0013081650570676
canarito112	0.000660630889256665	0.000493919266385985	0.00138718173836699
mcaja_ahorro_dolares_delta1_avg6	0.000659345043283639	0.00215768790593317	0.00119402985074627
canarito84	0.000657313439385109	0.000935827925023338	0.00155399473222125
canarito115	0.000657271893292077	0.000469565632815853	0.00166812993854258
mvr_mpagominimo_min6_avg6_avg3	0.000657158121726009	0.000498767842552062	0.00117647058823529
canarito63	0.000656722216061076	0.00108296256100666	0.00167690956979807
canarito35	0.000656482958317826	0.00088978448096138	0.0017208077260755
canarito18	0.000655460522803983	0.00137138845176048	0.0017208077260755
Visa_cconsumos_tend6_avg3	0.000655393690048019	0.000954129928898028	0.00129938542581212
mvr_mpagominimo_avg6_delta5_avg6_avg3	0.000655219500263756	0.000704629232417948	0.00123792800702371
canarito25	0.000654969943643486	0.00310081763333598	0.00169446883230904
chomebanking_transacciones_tend6_lag3_delta5_tend6	0.000654374460737607	0.00125992468245389	0.00129938542581212
mvr_msaldopesos2_tend6	0.000654003253572957	0.00306013440976586	0.00125548726953468
mcomisiones_mantenimiento_max6	0.000653255218215108	0.0010903032253256	0.0009657594381036
mcuenta_corriente_delta1_avg6	0.00065316195490498	0.000759944089826162	0.00111501316944688
canarito70	0.000653037697449426	0.00114787222673103	0.00152765583845479
canarito16	0.000652622305925795	0.000707722506441281	0.00164179104477612
internet_avg6_delta5_avg6	0.000651728172430678	0.00333442137244035	0.00132572431957858
mv_cconsumos_delta3_avg6	0.000651598862492888	0.00153079232473578	0.0010359964881475
canarito101	0.000651205351427905	0.000441788285105575	0.0014486391571554
mactivos_margen_max6_lag3_avg6_avg3	0.000651089516839337	0.000554478743273136	0.00121158911325724
mcuenta_corriente_min6_delta3_avg6_avg3	0.000649923363005584	0.00251248173206945	0.00134328358208955
mpasivos_margen_max6_lag3_tend6_avg3	0.00064925845321801	0.001279825555908	0.00125548726953468
Visa_mpagospesos_max6_tend6_avg3	0.00064921535064954	0.000297216264498569	0.00114135206321335
canarito104	0.000648641729024145	0.000813494251562407	0.00164179104477612
canarito20	0.000648349287492346	0.000544720987526619	0.00167690956979807
mcuenta_corriente_delta3_tend6	0.000647735795174269	0.00138498702464649	0.00124670763827919
canarito6	0.000646301238571854	0.000489045161031608	0.00156277436347673
canarito97	0.000644826864752378	0.00233763853325115	0.00165935030728709
canarito69	0.000643376278451944	0.000371423933317241	0.00164179104477612
mcaja_ahorro_delta1_tend6_avg3	0.000643236046803428	0.000700552213470974	0.00138718173836699
mcuenta_corriente_lag1_delta5	0.000642436674240252	0.00248668005566739	0.00122036874451273
canarito92	0.00064236395865858	0.000423471433394366	0.00158033362598771
mcuenta_corriente_min6_lag3_tend6	0.000642053087114107	0.00118570254457004	0.00134328358208955
mv_mpagominimo_lag1	0.000641890158970991	0.00298367517259508	0.000860403863037752
ctrx_quarter_min6_delta3_lag5_tend6_avg3	0.000641495994833713	0.000263739847455905	0.00146619841966637
canarito67	0.000640172195781463	0.00041418630852561	0.00155399473222125
canarito78	0.000639896377557521	0.000992469769943289	0.00164179104477612
mcuentas_saldo_delta1_avg6_avg3	0.000639191723206672	0.000350185315245345	0.000992098331870061
canarito107	0.000639190345828903	0.00166120981188426	0.00156277436347673
cproductos_avg6_delta3_avg6_avg3	0.000638737761351056	0.00260801748475047	0.00119402985074627
canarito66	0.000636608245720739	0.000847794875040402	0.00165057067603161
chomebanking_transacciones_delta1_delta5_tend6	0.000636407390272227	0.000535180040494985	0.00113257243195786
ccajas_transacciones_avg6_delta3_tend6	0.000635692145617443	0.000507471704922813	0.00121158911325724
canarito105	0.000635032254420536	0.0004285255308894	0.00151009657594381
canarito5	0.000635028708185213	0.000997605227522104	0.00158033362598771
mtransferencias_recibidas_max6_delta5_avg6_avg3	0.000633223651371951	0.00233841713561717	0.00115891132572432
ctransferencias_emitidas_max6_avg6	0.000632137907521037	0.000588038944536157	0.00109745390693591
canarito12	0.000631870058585281	0.000565467657382427	0.00155399473222125
chomebanking_transacciones_max6_lag3_lag5_tend6	0.000630108623571522	0.00054402624513522	0.00122914837576822
canarito44	0.000629860693645153	0.000643209717326724	0.00164179104477612
mcomisiones_mantenimiento_tend6_lag3_lag5_avg6_avg3	0.000629758427353946	0.00105393420731541	0.00128182616330114
canarito60	0.000626560729794421	0.000858353429153452	0.00145741878841089
canarito21	0.000626135818899886	0.000398072163663676	0.00163301141352063
chomebanking_transacciones_tend6	0.000625680323197036	0.00104208608829899	0.00107989464442493
canarito11	0.000625651852857406	0.000423341969350434	0.00156277436347673
canarito79	0.000625404568494421	0.000946339359981721	0.00166812993854258
ccallcenter_transacciones_tend6_delta3_avg6	0.00062500855706362	0.00272901333783935	0.0013081650570676
Visa_cconsumos_max6_lag5_tend6_avg3	0.000624145394172478	0.000682338539072717	0.00134328358208955
mrentabilidad_annual_delta3_tend6_avg3	0.000623912258474626	0.000811049888598361	0.0013081650570676
ccomisiones_mantenimiento_tend6_avg6	0.000621865153393777	0.00102627321816071	0.00086918349429324
canarito50	0.0006206123928993	0.00131780306428964	0.00168568920105356
ctrx_quarter_min6_delta3_avg3	0.000617951996668152	0.000431043375493361	0.00116769095697981
canarito82	0.000616882075715795	0.00045379344271946	0.00158033362598771
canarito23	0.000616470694660822	0.00363666779608528	0.00162423178226514
canarito56	0.000616414749724014	0.000552029456281673	0.00150131694468832
mcuentas_saldo_min6_avg3	0.000615606239425252	0.00065419514673969	0.000983318700614574
ccomisiones_mantenimiento_tend6_avg6_avg3	0.000614129086801429	0.00218922948321804	0.00101843722563652
mrentabilidad_lag1_delta3_avg6_avg3	0.000613617275992764	0.000630542164393857	0.00114135206321335
mpasivos_margen_min6_lag3_delta5_avg6_avg3	0.000612756495354302	0.000804729255497417	0.0013784021071115
canarito113	0.000611935169577221	0.000273189207577584	0.00134328358208955
canarito1	0.000610933869719254	0.00143585321266915	0.00146619841966637
canarito45	0.000610666115659601	0.000734524972477268	0.00156277436347673
Visa_mpagospesos_tend6_lag5_tend6	0.000607380234263674	0.000646356019337624	0.00136962247585601
chomebanking_transacciones_delta1_lag5_tend6_avg3	0.000606472437595093	0.000353297300572863	0.00123792800702371
canarito29	0.000606404175101929	0.000814161495154539	0.00159789288849868
canarito38	0.000605743995826674	0.00110678606620966	0.00165935030728709
canarito2	0.000605362388008822	0.000397572943037864	0.0014486391571554
mv_status04	0.00060524639989347	0.000219777524643157	0.000298507462686567
mcomisiones_mantenimiento_tend6_lag3_tend6_avg3	0.000604247079648212	0.000733671903665847	0.00133450395083407
mpayroll_delta1	0.000603260642055582	0.00333645385944953	0.000755048287971905
mttarjeta_visa_debitos_automaticos_delta1_avg6	0.0006016105033056	0.000767960860986578	0.000974539069359087
canarito120	0.000601058215307499	0.000571933132643697	0.0013784021071115
Visa_mpagospesos_max6_delta5_tend6_avg3	0.000600867795012589	0.000543669442533161	0.00113257243195786
canarito54	0.000600781545938374	0.000556080946040346	0.0014486391571554
canarito121	0.000598945477120654	0.000478592814402228	0.00145741878841089
thomebanking_tend6_delta5_tend6_avg3	0.000598885407762395	0.000522169093465486	0.00143107989464443
mcomisiones_mantenimiento_tend6_avg6	0.000598846244023514	0.000590290285625458	0.00106233538191396
Visa_cconsumos_max6_lag3_lag5_tend6	0.000597969196648985	0.00363353035732373	0.00128182616330114
ccallcenter_transacciones_delta1_avg6_avg3	0.000597827166108979	0.000939000968290826	0.00107111501316945
canarito36	0.000596727747110934	0.000719875081860602	0.00136962247585601
canarito24	0.000596640601330711	0.000579430987068634	0.00147497805092186
tcallcenter_tend6_tend6_avg3	0.000594909361473682	0.000762466631194736	0.00122914837576822
canarito94	0.000594677529637303	0.00040259257234098	0.00143107989464443
canarito108	0.000592922588207818	0.00029559254751926	0.00143107989464443
canarito32	0.000592757839661197	0.000991837752085755	0.00151009657594381
canarito55	0.000592201834447846	0.00276054893053705	0.00125548726953468
canarito86	0.000592148211743168	0.002165513397567	0.0014486391571554
mcuentas_saldo_min6_avg6	0.000591767241624638	0.000276446792608107	0.000877963125548727
canarito83	0.000590022818555605	0.000918779124003397	0.00160667251975417
cpayroll_trx_avg3	0.000589614051007469	0.00192965180250629	0.000228270412642669
thomebanking_tend6_avg3	0.000589082049955383	0.000544678489382297	0.00119402985074627
ccajas_transacciones_tend6_tend6	0.000589036952959327	0.000451231584885818	0.00120280948200176
mpasivos_margen_lag3_lag5_tend6	0.000587202076637817	0.000534757634696878	0.00112379280070237
mv_fultimo_cierre_tend6	0.000585509091637048	0.00102787390584256	0.00117647058823529
mv_cconsumos_delta3_avg3	0.000585163452009182	0.000785110339428628	0.000781387181738367
canarito95	0.000584905823411297	0.000559261261717557	0.00139596136962248
canarito122	0.000584653919951994	0.000588003112767415	0.00141352063213345
canarito96	0.000583969309623749	0.000675823520520206	0.00133450395083407
canarito75	0.000583378087314434	0.000340261657652011	0.00138718173836699
mtransferencias_recibidas_delta5	0.000582864578477216	0.00117819635717562	0.000597014925373134
mrentabilidad_annual_avg6_delta3_lag5_tend6	0.00058238384989147	0.000445550469314935	0.00127304653204565
canarito37	0.000581469443554913	0.000285433900186736	0.00139596136962248
ccallcenter_transacciones_tend6_delta3	0.000581183335180525	0.000702090328127496	0.0011062335381914
mdescubierto_preacordado_delta1_avg6	0.000580798692037699	0.000649072946157766	0.000210711150131694
canarito117	0.000580727738513266	0.00038306956117542	0.00145741878841089
ccajas_transacciones_tend6_avg3	0.000580686393334333	0.000392038411975471	0.00101843722563652
mpasivos_margen_delta5_avg3	0.000580263935215357	0.000524559216373678	0.00120280948200176
Visa_mpagominimo_delta1_delta3	0.000577968212584709	0.00107151495480492	0.00121158911325724
canarito53	0.000577790573166245	0.000972139521298419	0.00148375768217735
ctransferencias_emitidas_avg6_lag3_delta5_tend6	0.000577725668678275	0.00044913076752694	0.000930640913081651
mtransferencias_emitidas_max6_delta5_avg6_avg3	0.000577084289787644	0.000396070432887281	0.000974539069359087
mcomisiones_mantenimiento_avg3	0.000575925075506583	0.00301967882777093	0.000956979806848112
canarito68	0.000575056048663482	0.000368371263581531	0.00145741878841089
mvr_msaldopesos2_avg6_avg3	0.00057504345865543	0.00168062949422833	0.00115891132572432
chomebanking_transacciones_delta1_delta5	0.000574074832199165	0.000333174239850845	0.00121158911325724
ccajas_transacciones_avg6_delta3_avg6	0.000572933705666506	0.000916681791340845	0.00123792800702371
ctransferencias_emitidas_max6	0.000572202632988841	0.00364939140717643	0.000921861281826163
mcuentas_saldo_lag1_delta3_avg6	0.000570758028905711	0.000362174488708691	0.00115013169446883
ctarjeta_visa_transacciones_tend6_avg3	0.000570231527521939	0.000728524022387087	0.000877963125548727
canarito14	0.000565736545381479	0.00100326801056014	0.00146619841966637
mplazo_fijo_dolares	0.000564934339625089	0.00418347482888853	0.000377524143985953
canarito98	0.000563573010529411	0.000483793875177091	0.00143985952589991
ccomisiones_otras_tend6_delta3_delta5_avg6	0.000562823333256896	0.00045653483816815	0.00129938542581212
mcuenta_corriente_delta5_avg3	0.000561656375969689	0.000773340853342346	0.00108867427568042
mprestamos_personales_min6_delta5_tend6	0.000560756314189513	0.000756478786592911	0.000904302019315189
canarito100	0.00055912595857822	0.000443239736879559	0.00143107989464443
canarito28	0.000555835243371715	0.000241857090843602	0.0013081650570676
tcallcenter_tend6_avg6	0.000554849216232384	0.000576699060903437	0.00101843722563652
ccaja_seguridad	0.000554621679087084	0.00247035326857531	0.000158033362598771
mrentabilidad_max6_tend6	0.000552896512315326	0.000567966411910864	0.00124670763827919
mcuenta_debitos_automaticos_tend6	0.0005512347665143	0.00183677025211155	0.000921861281826163
Visa_cconsumos_max6_lag5_tend6	0.000549260656417633	0.000375028624403527	0.00114135206321335
ccajas_transacciones_tend6_avg6	0.000547847138869973	0.0010238585508697	0.00116769095697981
ctarjeta_visa_debitos_automaticos_tend6_avg6_avg3	0.000544693040075859	0.000817598996571451	0.00101843722563652
cproductos_delta1_avg3	0.000544534249342582	0.00308160233600685	0.00038630377524144
ctransferencias_recibidas_avg6_delta3_tend6_avg3	0.000544445304670868	0.000838461040177352	0.00106233538191396
chomebanking_transacciones_delta1_avg6	0.000543990254226133	0.000755482314952254	0.000992098331870061
mv_cconsumos_tend6	0.000543771037562805	0.00119205643379461	0.000851624231782265
canarito34	0.000542425411628999	0.0005228725475977	0.00139596136962248
mpasivos_margen_lag5_tend6_avg3	0.0005410221586609	0.000632224363668026	0.00106233538191396
Visa_fechaalta_tend6	0.000540606858664803	0.00361677260420127	0.00101843722563652
Master_fechaalta_tend6	0.000540434132103423	0.00121115734217914	0.00118525021949078
canarito15	0.000535323303296941	0.000422533519802838	0.00134328358208955
ccajas_transacciones_tend6_avg6_avg3	0.000534698026656644	0.00106321221128298	0.00119402985074627
mv_status07_tend6	0.000534140191704385	0.00214104120856753	0.000447761194029851
ctrx_quarter_delta3_tend6	0.000532337633024561	0.00042401201585048	0.00108867427568042
ctransferencias_emitidas_avg6_lag3_delta5_tend6_avg3	0.000531970409032663	0.000791825500757072	0.00114135206321335
mpasivos_margen_max6_lag3_delta5_avg3	0.00052859718936457	0.000414657727335083	0.00100087796312555
chomebanking_transacciones_tend6_lag3_lag5_avg3	0.000527544830638334	0.000392824362505486	0.00118525021949078
ccomisiones_mantenimiento_tend6_avg3	0.000526892855253991	0.00221562825476011	0.000746268656716418
mcuentas_saldo_delta3_avg3	0.000526010164121238	0.000846738557528063	0.000983318700614574
mprestamos_personales_min6_delta5	0.000525172729295215	0.000579094865381725	0.000605794556628622
ccajas_transacciones_tend6_tend6_avg3	0.000524104622759529	0.000442805589169919	0.00106233538191396
tcallcenter_tend6_delta5_avg6	0.000520761444112552	0.000600284091670916	0.00106233538191396
mprestamos_personales_delta1_avg6	0.000519944667517741	0.00172389616559847	0.000719929762949956
mcaja_ahorro_min6_delta3_tend6	0.000517612477760427	0.000817421125550297	0.0011062335381914
cpagomiscuentas_tend6	0.000515204683317284	0.00187437050423878	0.000877963125548727
cliente_edad_avg6_tend6	0.000515114459441737	0.00309309948549984	0.00115013169446883
mactivos_margen_delta1_lag5_avg6	0.000514687255640414	0.000703455798807352	0.00109745390693591
mcuentas_saldo_lag1_delta3_delta5_avg6	0.000513463552449004	0.00174786072524839	0.00113257243195786
mactivos_margen_tend6_delta5_avg6_avg3	0.000513207235931807	0.000495774942933766	0.00115013169446883
mtransferencias_recibidas_max6_delta5	0.000510054705282385	0.000750550106074357	0.0009657594381036
mv_cconsumos_delta3	0.000509833245687113	0.00187766619366608	0.000790166812993854
mrentabilidad_lag1_avg3	0.000501513753368688	0.000432818979779916	0.00109745390693591
mcaja_ahorro_min6_delta3_avg3	0.000500242995740097	0.000358992051911977	0.000930640913081651
ctarjeta_visa_transacciones_delta5_avg6	0.000498272386622344	0.000794985817307544	0.000781387181738367
mtransferencias_recibidas_max6_delta5_tend6_avg3	0.000496702905344842	0.000502970840846641	0.000842844600526778
ccajas_transacciones_tend6	0.000490080802003357	0.00155163255111251	0.000930640913081651
canarito26	0.000488431730634894	0.000531135974654571	0.00126426690079017
Visa_mpagospesos_max6_delta3_avg3	0.000487841057896671	0.000549439266351817	0.00104477611940299
chomebanking_transacciones_delta1_lag5_avg6_avg3	0.000487298896679472	0.00115859622816529	0.00109745390693591
mtarjeta_master_consumo_delta5	0.000486088626168406	0.00169157772829573	0.00077260755048288
cproductos_delta1_avg6	0.00048525047972088	0.00140147410776956	0.000430201931518876
ctransferencias_recibidas_avg6_lag3_lag5_avg6	0.000482121330601959	0.000432973745749344	0.000623353819139596
ccomisiones_mantenimiento_tend6	0.000481909164907323	0.00218672762276462	0.000684811237928007
mcuenta_debitos_automaticos_delta5_avg3	0.000481893875547318	0.000833399973289666	0.000702370500438982
mcaja_ahorro_delta1_tend6	0.000478545939396532	0.000365282686322811	0.0009657594381036
Visa_mpagospesos_max6_delta5_avg3	0.000472951330849734	0.000260833459211612	0.000992098331870061
ctransferencias_emitidas_max6_tend6_avg3	0.000472221881365194	0.000877413581741818	0.00077260755048288
thomebanking_max6_avg6_avg3	0.000468575859112611	0.000593730817213088	0.000798946444249342
chomebanking_transacciones_delta1_lag5_tend6	0.000466760272269644	0.000237407663915371	0.000904302019315189
mv_msaldopesos_lag1_delta5_avg6_avg3	0.00045010834724273	0.000974167917577134	0.000860403863037752
mtransferencias_emitidas_max6_lag5_avg6_avg3	0.000443167777702351	0.000598048052943742	0.000763827919227393
mtransferencias_emitidas_max6_delta5	0.000441735760126496	0.000970104382889856	0.000877963125548727
cproductos_delta1	0.000438241021269226	0.0071670419758975	0.000509218612818262
mrentabilidad_lag1_lag3_avg3	0.000431220673357022	0.000332707669314521	0.000921861281826163
mtransferencias_emitidas_max6_delta3	0.000427368468895504	0.000958786392240576	0.000684811237928007
mtransferencias_recibidas_max6_lag5	0.000424846028808491	0.00162796383932471	0.000719929762949956
mdescubierto_preacordado_tend6_avg3	0.000424584582944194	0.000776572757676034	0.000333625987708516
mprestamos_personales_delta5_tend6	0.000420477024983285	0.00131846189915803	0.000728709394205443
mplazo_fijo_dolares_delta5	0.000420335375672709	0.00257895564767278	0.000377524143985953
cpagomiscuentas_tend6_avg6	0.000414061301416266	0.000960698884489322	0.000825285338015803
ccomisiones_mantenimiento_delta1_tend6	0.000410742968638864	0.00135001158214957	0.000763827919227393
cproductos_delta1_tend6	0.000408122509970293	0.00317234897962213	0.000711150131694469
mv_cconsumos_tend6_avg3	0.000406450968896629	0.000551036999617218	0.000790166812993854
cpayroll_trx_min6_delta3_delta5_tend6	0.000404509602420127	0.00156017028437364	0.000491659350307287
mv_status06_tend6	0.000403147269159841	0.00107782217940043	0.000377524143985953
mcomisiones_mantenimiento_avg6	0.000400405611800669	0.00102892916279515	0.000755048287971905
cproductos_avg6_delta3	0.000397084823812385	0.000402068580069547	0.000632133450395083
ccomisiones_mantenimiento_delta1	0.000396618022937	0.00179269225253163	0.000324846356453029
mpayroll_lag3	0.000388035620821092	0.000398400179643913	0.000272168568920105
mcuenta_debitos_automaticos_delta5	0.00037963846150464	0.000930580351127951	0.000544337137840211
mdescubierto_preacordado	0.000369707941714209	0.0050040763458703	0.000351185250219491
ccaja_seguridad_avg6_lag3_lag5	0.00036759089067284	0.000637284900275836	8.77963125548727e-05
ctransferencias_recibidas_avg6_lag3_delta5_avg6	0.000362543289127487	0.000499846810590519	0.00077260755048288
mpayroll_avg6_avg6_avg3	0.000359021168266026	0.000332987354071805	0.000588235294117647
ccomisiones_mantenimiento_delta1_avg6_avg3	0.000354736415130052	0.00116439832330209	0.000412642669007902
mdescubierto_preacordado_tend6	0.000350052987842631	0.00485639491558089	0.000430201931518876
mplazo_fijo_dolares_delta3	0.000350050317613076	0.00180204290484217	0.000368744512730465
mpayroll_avg6	0.000337962451429247	0.000991212021832462	0.000456540825285338
mcuenta_debitos_automaticos_tend6_tend6_avg3	0.000336355866594155	0.00055007832935627	0.000719929762949956
ccomisiones_mantenimiento_delta1_avg6	0.000314970592910062	0.000909830272330085	0.000333625987708516
cpayroll_trx_min6_delta3_delta5_tend6_avg3	0.000288720350017388	0.00256232735859425	0.000561896400351185
mv_fechaalta_delta3	0.000284792226307562	0.00227355837676087	0.0004828797190518
mv_status06_tend6_avg6_avg3	0.000280324778328207	0.000353077310178727	0.000395083406496927
mplazo_fijo_dolares_delta3_avg6	0.00027520060547697	0.00202433100167956	0.000412642669007902
cpayroll_trx_min6_delta3_tend6	0.000273749285332715	0.00285753219577012	0.000395083406496927
mtarjeta_master_consumo_tend6	0.000271916680862603	0.00118210664097883	0.000535557506584724
thomebanking_max6_avg6	0.000263432787436888	0.000292526014752515	0.000544337137840211
mv_Finiciomora_lag1_tend6_avg3	0.000223258676006674	0.00276542561153654	0.000412642669007902
ccajas_transacciones_avg6_delta3	0.000189570985756114	0.00029262093485026	0.000395083406496927
mdescubierto_preacordado_delta1_avg3	0.000182352863636347	0.000360283131900703	0.000105355575065847
thomebanking_max6	0.000182072757925823	0.000299771304448095	0.000210711150131694
ccaja_seguridad_lag5_avg6_avg3	0.000144282677265575	0.000835504502607674	9.657594381036e-05
