Feature	Gain	Cover	Frequency
mdescubierto_preacordado_delta1	0.0692972439868951	0.000953027594400282	0.000209914984431305
ctrx_quarter	0.0475780730694427	0.00502657331154359	0.00180177028303537
mtarjeta_visa_consumo	0.0285583330496035	0.00294590659571284	0.0013207151103803
mv_status01_max6	0.0246792063512939	0.00157921268957261	0.000638491410978554
mcuenta_corriente_delta1_avg3	0.0245844224692683	0.00297033534387544	0.00128572927964175
ctarjeta_visa_transacciones	0.0231985800494983	0.0052014363174527	0.00153937655249624
mcaja_ahorro_avg6	0.0159653538375556	0.00210388323296341	0.00138194031417276
mv_Finiciomora	0.0140852158333166	0.00431865304122244	0.000953363887625512
mv_status01	0.0136426093738706	0.00110433996692076	0.000402337053493335
mcuenta_corriente_delta1	0.0126599481669591	0.00120994798711448	0.00126823636427247
mcaja_ahorro	0.0121519045393273	0.00426859197596904	0.0018542490291432
mpayroll	0.0117538393302538	0.00553397653412838	0.0009970961760487
mpasivos_margen_max6_lag3	0.0110453837158933	0.00168033860481073	0.00162684112934262
mcuentas_saldo_avg3	0.0103471724129724	0.00287342097029733	0.00141692614491131
mcuentas_saldo	0.00948578594343122	0.00713408892970665	0.00250148689780639
mautoservicio	0.00840530352507457	0.00507702194794821	0.00114578595668754
mv_msaldopesos	0.00772144512472653	0.00267698752451501	0.00136444739880348
cpayroll_trx_min6_avg3	0.00753555751702768	0.00340575265630459	0.000647237868663192
mprestamos_personales_tend6	0.00733391333431776	0.00101971933914232	0.000673477241717105
cpayroll_trx	0.00658190740259933	0.0066263336644842	0.000489801630339712
mpasivos_margen_avg6	0.00641988361584998	0.00181520433276354	0.00152188363712696
mv_msaldototal_avg3	0.00632960225229553	0.0021345701411886	0.00150439072175769
mv_cconsumos	0.00613604787950187	0.00362107791438011	0.00128572927964175
foto_mes	0.00608279555703928	0.0113603032173106	0.00311373893573103
ctrx_quarter_min6	0.00588503198892224	0.00738650702133498	0.00202043172515131
cpayroll_trx_min6	0.00567857356523297	0.00275524632493835	0.000349858307385509
mv_status07_tend6	0.00558817692812411	0.00197287774517533	0.000481055172655075
cproductos_delta3	0.00555030905168265	0.00152796764934309	0.000533533918762901
mprestamos_personales	0.00507938418965055	0.00631090707421036	0.00239652940559074
mprestamos_personales_min6	0.00506033203239342	0.00315772717668766	0.00134695448343421
mprestamos_personales_delta1	0.00492707152889871	0.00808100339634677	0.00163558758702725
mdescubierto_preacordado_tend6_avg6	0.0047637640442558	0.000781779881094335	0.000437322884231886
mv_Finiciomora_avg3	0.00450511238305484	0.00323629271741976	0.000603505580240003
mprestamos_personales_min6_avg3	0.00424975433523705	0.00123075088139478	0.00112829304131827
mcaja_ahorro_avg3	0.00413446162858975	0.00234775164488637	0.00158310884091943
mcuentas_saldo_min6	0.004000203563242	0.00453637705298101	0.00194171360598957
cpayroll_trx_avg3	0.00381808635795449	0.00213886853547302	0.000463562257285799
Visa_Finiciomora	0.00380194155501123	0.00228468195567186	0.000551026834132177
cpayroll_trx_avg6_avg3	0.00370344546069862	0.0021749881564183	0.000848406395409859
mcaja_ahorro_max6	0.00353010618602829	0.00130527098900617	0.00156561592555015
cproductos	0.00337169449361512	0.00279411085938658	0.00152188363712696
mpayroll_delta1_avg3	0.003273324223562	0.00349360744420953	0.00169681279081972
mv_msaldopesos_avg3	0.00295385432672262	0.00147717919915033	0.0010670678375258
mtarjeta_visa_consumo_delta5	0.00295002090288706	0.00099633277615139	0.00112829304131827
ccaja_ahorro	0.00287662385317283	0.00721676132573544	0.00111954658363363
mpasivos_margen	0.00284712914884301	0.00165267870741261	0.00169681279081972
ccaja_ahorro_delta3	0.00281937394072545	0.00477007476781639	0.000524787461078263
mcuentas_saldo_delta5	0.00280375528744175	0.00152859595280851	0.00209040338662842
ctrx_quarter_min6_delta5	0.00280328689900978	0.00123818870854333	0.00195920652135885
ctrx_quarter_delta1	0.0027481988090963	0.00336690535341705	0.00230906482874436
mv_Finiciomora_lag1	0.00261638527185168	0.00262450116341654	0.00069097015708638
mcomisiones_mantenimiento_avg6_delta3	0.00256506710467261	0.00107056119790892	0.00152188363712696
mdescubierto_preacordado_delta1_avg6_avg3	0.00252764209441284	0.000494674704127608	0.000279886645908407
mactivos_margen_avg3	0.00240566889063194	0.00288030173629318	0.00184550257145856
mprestamos_personales_delta1_avg3	0.00231756433670313	0.00174265413531685	0.000909631599202323
mcuentas_saldo_delta3	0.0023052921600131	0.00141317335444804	0.00216037504810552
mtransferencias_recibidas	0.00228965388122422	0.00209134963495613	0.00104082846447189
mpayroll_avg6	0.0021502339960695	0.00109945926632081	0.000682223699401742
ctarjeta_visa_transacciones_tend6	0.00212138567703184	0.00116183793289471	0.00124199699121856
mcaja_ahorro_delta1	0.00210759407381294	0.00254055247386203	0.00131196865269566
mactivos_margen_min6	0.00194992467317298	0.00294168236198933	0.00208165692894378
Visa_mfinanciacion_limite_avg3	0.00191053974343162	0.00177299228972377	0.00219536087884407
mcuentas_saldo_min6_delta3	0.00190511219049405	0.00114996043119268	0.00116327887205682
mpagomiscuentas	0.00188271217659552	0.00982613637504675	0.00103208200678725
mactivos_margen_lag1	0.00188195670636262	0.00123289695184251	0.00188923485988175
mv_status04_delta3	0.0018417690957096	0.00326388169675495	0.000638491410978554
mv_mpagominimo	0.00182890298436885	0.00303839292140879	0.00156561592555015
Visa_mpagominimo_delta1_avg3	0.00176250258013636	0.00205651172714033	0.00176678445229682
cproductos_delta1_avg3	0.00175345828968365	0.00160083676962665	0.00038484413812406
ctrx_quarter_delta1_avg6_avg3	0.00172080124689132	0.000565508740037104	0.00146940489101914
mprestamos_personales_delta5	0.00169690166290151	0.000698135291528804	0.000848406395409859
mv_fechaalta	0.00169244502802891	0.0020378197916868	0.00287758457824581
mcuenta_corriente	0.0016852551594599	0.00359065128609979	0.00205541755588986
Visa_mpagominimo_delta1	0.0016797051669539	0.00194019262441022	0.00161809467165798
mrentabilidad_max6	0.00167227962888891	0.00127167315138153	0.00174054507924291
mprestamos_personales_delta3	0.00166084767306482	0.00136055590378844	0.000813420564671308
mcuenta_debitos_automaticos	0.00158304320630004	0.00327307126027566	0.00153937655249624
Master_mfinanciacion_limite	0.00156734126125741	0.00348750747172689	0.00312248539341567
mactivos_margen	0.00155163744445913	0.00277168458533267	0.00267641605149914
mv_status04	0.00150758466559172	0.000839293874272583	0.000472308714970437
ctrx_quarter_min6_delta5_avg6	0.0015058322789603	0.000652498197874399	0.00158310884091943
ctrx_quarter_delta1_avg3	0.00148624343251016	0.00106683802276587	0.0019242206906203
mcuenta_corriente_min6_lag3_lag5_avg6	0.00148580280432604	0.00152441238927392	0.00225658608263653
mcuentas_saldo_delta1	0.00147506420315007	0.00428352622683676	0.00203792464052059
cproductos_avg6_delta3_avg6	0.00145957572652998	0.000901854167054683	0.00119826470279537
mv_fechaalta_tend6	0.0014558221221861	0.00101984019167411	0.000962110345310149
mv_msaldototal	0.00145189061527682	0.00262184115703923	0.00158310884091943
Master_mfinanciacion_limite_avg6_avg3	0.0014347533853674	0.00202551145464622	0.00316621768183886
Visa_fultimo_cierre_avg6_delta3_avg6	0.00142691275949316	0.00100515714175693	0.00212538921736697
ctrx_quarter_delta1_avg6	0.00140682434318856	0.000782418097339293	0.00156561592555015
mcuenta_corriente_min6_lag3_lag5_avg6_avg3	0.00139489887581407	0.00156302720505641	0.0020641640135745
mcomisiones_mantenimiento_delta5_avg3	0.0013908877782362	0.00078531860442381	0.00118951824511073
mcuentas_saldo_min6_lag5_avg6_avg3	0.00138845591243226	0.000936532497648541	0.00209040338662842
mcuenta_corriente_delta3	0.00137132565900979	0.00366117672884453	0.00182800965608928
ctarjeta_visa_transacciones_delta5	0.00136449165486714	0.00196049126393347	0.00133820802574957
tcallcenter_tend6	0.00133306453857477	0.00160939057193659	0.000708463072455656
mdescubierto_preacordado_delta3_avg6	0.00132654057088364	0.00139726760486458	0.000472308714970437
mcuenta_corriente_min6	0.00132647411000394	0.0019528306771738	0.00227407899800581
mcuentas_saldo_tend6	0.00131165132465698	0.001180718396445	0.00140817968722667
mcuentas_saldo_lag1_delta3	0.00130043546993183	0.00159720813646038	0.00190672777525102
mpayroll_lag3	0.00129081754672492	0.00122112575775277	0.00057726620718609
mcuenta_corriente_delta5	0.00128361009518387	0.0010293339015052	0.00167931987545044
mrentabilidad_annual_lag1_avg3	0.00128152512142582	0.000779119967359818	0.00147815134870378
ccaja_ahorro_delta3_avg6_avg3	0.00127943627697179	0.00338555805464504	0.000524787461078263
Master_mfinanciacion_limite_lag5_avg6_avg3	0.00127346551209427	0.00175356370505093	0.00272014833992233
Visa_mfinanciacion_limite	0.00127060979164296	0.0048519028173716	0.00282510583213798
numero_de_cliente	0.00126131136702289	0.00389300685748713	0.00272014833992233
mcomisiones_mantenimiento_tend6	0.00124912168726555	0.00154729284465181	0.0014606584333345
mprestamos_personales_min6_delta5	0.00124046719181987	0.000449769164338539	0.00049854808802435
mrentabilidad_max6_tend6	0.00123096144950113	0.000537146749183854	0.00144316551796522
Visa_mpagominimo_delta1_avg6	0.00122728274960095	0.00235564810021328	0.0019242206906203
mcaja_ahorro_dolares_delta1	0.00121984926827343	0.00914836007982499	0.00157436238323479
mv_status06_tend6	0.00120156377037772	0.00179011582890513	0.000472308714970437
mcuentas_saldo_min6_tend6	0.00119315913208424	0.00092891536036178	0.0014606584333345
mcuentas_saldo_delta1_avg3	0.00118568576671344	0.00111922659938959	0.00187174194451247
mcuentas_saldo_min6_lag3_avg3	0.00118039686001854	0.000694198852661573	0.00138194031417276
ctrx_quarter_delta3	0.00117894176902556	0.00106385339601951	0.00210789630199769
mrentabilidad_max6_avg6_avg3	0.00117785971567439	0.00118958148674067	0.00149564426407305
Master_Fvencimiento_lag1_avg3	0.00117111364521966	0.00108139016840753	0.00260644439002204
mprestamos_personales_delta1_tend6	0.00116453571590474	0.00270809591115601	0.00104082846447189
mttarjeta_visa_debitos_automaticos_delta1_avg3	0.001160075041668	0.00187011960277626	0.00195920652135885
ctrx_quarter_min6_delta5_avg6_avg3	0.00116006470830189	0.000966007313807993	0.00175803799461218
Visa_mfinanciacion_limite_lag3_lag5	0.00115953549753788	0.0010569664229561	0.00216912150579016
Visa_mpagospesos_max6	0.00115643951284806	0.00358128797100883	0.00202917818283595
chomebanking_transacciones_avg6_lag5	0.00114540100976294	0.000815347424523579	0.00188048840219711
mcuenta_corriente_avg3	0.00114176048964669	0.00079596687514222	0.0015306300948116
mdescubierto_preacordado_tend6_avg6_avg3	0.00113870326074375	0.00403332878310967	0.000725955987824931
Master_fechaalta_lag3_lag5_avg6	0.00113682107986217	0.00123138705949815	0.00243151523632929
cproductos_delta1	0.00113649033261688	0.00499715820366834	0.000620998495609278
mcuentas_saldo_min6_delta5	0.00112363273538546	0.00116827267013294	0.00149564426407305
Visa_mpagominimo_max6	0.00112330928751062	0.00099040312745541	0.00154812301018088
mtarjeta_master_consumo	0.00112232348078925	0.00285196401785337	0.000892138683833048
cliente_antiguedad_lag3	0.00112179871602106	0.00364151709303003	0.00253647272854494
mcomisiones_mantenimiento	0.00112089930536524	0.00291567095056345	0.00131196865269566
cliente_edad_lag3	0.00111115248077913	0.00198734206544317	0.00225658608263653
mpasivos_margen_delta5	0.0011085574893499	0.00123416087755451	0.00182800965608928
ctarjeta_visa_transacciones_delta3_avg6	0.00110091507832798	0.00101854717612311	0.00124199699121856
mpasivos_margen_avg3	0.00109493888966369	0.00117205522931039	0.0013207151103803
Visa_fechaalta	0.00108983770094296	0.00102227039758756	0.00211664275968233
Master_fultimo_cierre_avg6_avg6_avg3	0.00108654729139545	0.000707142070806327	0.00208165692894378
mrentabilidad_max6_lag3_lag5	0.00108512165248806	0.00158514247723279	0.00241402232096001
mprestamos_personales_tend6_avg6_avg3	0.00108226269937359	0.000963484650380764	0.000935870972256236
Master_fechaalta_lag3	0.00108102420587485	0.00162127974663135	0.00262393730539132
mcuentas_saldo_delta1_avg6	0.00107500109902536	0.00108136330199571	0.00143441906028059
cpayroll_trx_min6_delta3	0.00106688989333042	0.00136279582139195	0.000393590595808698
mactivos_margen_max6_lag3_lag5_avg6	0.00106676491280234	0.000912906221414209	0.00187174194451247
mrentabilidad_annual_lag1_lag3_lag5	0.00106577648238877	0.000983690183890638	0.00226533254032117
ctrx_quarter_avg3	0.00106475619845814	0.00209865150879659	0.00125074344890319
mcomisiones_mantenimiento_avg6_delta3_delta5	0.00106344735869655	0.000808535770056063	0.00158310884091943
Visa_mpagospesos_max6_delta3	0.0010624385218575	0.00135728931868215	0.00171430570618899
ctrx_quarter_min6_delta3_lag5_avg6	0.00105879341434231	0.000699270119499859	0.00172305216387363
Master_fultimo_cierre_avg6_tend6_avg3	0.00105772941918709	0.00106425500255484	0.00184550257145856
ctrx_quarter_min6_delta3	0.00105723901608383	0.00103418778201473	0.00124199699121856
mprestamos_personales_delta3_avg6	0.00103579620828671	0.000619014727785597	0.00076968827624812
Visa_mpagominimo_max6_avg3	0.00103145129524989	0.00105847210005309	0.00183675611377392
Master_fultimo_cierre_avg6	0.00102311893755166	0.000679654303729465	0.00202917818283595
Visa_mpagospesos_max6_avg6_avg3	0.00102307630583454	0.0016685645387942	0.00168806633313508
mcomisiones_otras_min6_lag3_lag5_avg6_avg3	0.00102240417829694	0.000951014605333865	0.00204667109820523
cliente_edad	0.00101949608759304	0.00207514478809486	0.00210789630199769
mcomisiones_otras_min6_lag3_lag5_avg6	0.00101928528153372	0.00124871941554933	0.0020641640135745
Visa_mpagominimo_delta1_avg6_avg3	0.0010165838246373	0.00248674382208795	0.00164433404471189
internet_avg6_tend6	0.00101516633711283	0.00111018128070753	0.000900885141517685
chomebanking_transacciones_max6	0.00101426651927848	0.00108592457022338	0.00180177028303537
mtarjeta_visa_consumo_delta3	0.00101347206724805	0.00146122893470176	0.00151313717944233
ctarjeta_visa_transacciones_delta5_avg6_avg3	0.00101033894329823	0.00267867556896259	0.00112829304131827
Visa_fechaalta_lag5	0.00100929126122115	0.00172248866981771	0.0020641640135745
mrentabilidad_max6_lag3_avg3	0.00100244683715179	0.000820010599830578	0.00159185529860407
mactivos_margen_delta5	0.00099180836009833	0.00101636358534163	0.0019242206906203
mv_fultimo_cierre_avg6_avg3	0.000990830666635735	0.000931500928249791	0.00209914984431305
Visa_mpagospesos_max6_lag3_lag5_avg6_avg3	0.000989918565946961	0.00209681319772841	0.00215162859042088
Visa_fultimo_cierre_avg6_delta5_avg6_avg3	0.000986231294829336	0.000736847011679449	0.00142567260259595
mcuenta_corriente_lag1_delta5	0.000980279173681745	0.00217661931818706	0.00124199699121856
Master_fultimo_cierre_avg6_lag3_avg6_avg3	0.000976306072376238	0.00154745422840834	0.00223034670958262
Master_fechaalta_lag3_lag5_avg6_avg3	0.00097616882055598	0.00113620028884295	0.00226533254032117
Visa_fultimo_cierre_avg6_lag3_lag5_avg6_avg3	0.000969707122430628	0.00247805221361393	0.00214288213273624
mcomisiones_otras_min6_lag5_avg6_avg3	0.000966213362362689	0.00151861674838725	0.00203792464052059
Visa_fultimo_cierre_avg6_delta3_delta5_avg6_avg3	0.000965536166889861	0.000919596050600535	0.00201168526746668
ccomisiones_mantenimiento_tend6_avg6	0.00096455552325788	0.000746714674170249	0.00076968827624812
Master_mpagominimo_tend6	0.000958645507042142	0.00243718650205621	0.00165308050239653
chomebanking_transacciones_max6_lag3_lag5_avg6_avg3	0.000956008252793915	0.00255379270482161	0.00214288213273624
mcuentas_saldo_min6_delta5_avg3	0.00095020662419053	0.000850891594720481	0.0016705734177658
Visa_mpagospesos_max6_avg3	0.000943087374612742	0.00175538909244859	0.00202043172515131
ctrx_quarter_delta1_lag3_avg6_avg3	0.000939623280922538	0.000753494320550577	0.00164433404471189
ccaja_seguridad_avg6	0.000932206991638175	0.00438982110074511	0.000524787461078263
ctrx_quarter_min6_delta3_avg6_avg3	0.000930163393453048	0.00109310980677942	0.00163558758702725
Master_Fvencimiento_lag1_lag5_avg6_avg3	0.000929113826808107	0.00107753678380995	0.00212538921736697
Visa_mpagospesos_max6_lag3_lag5_tend6_avg3	0.000924820042644981	0.000990582576557817	0.00202917818283595
Visa_mpagominimo_delta1_tend6	0.000922786322992242	0.00185237433776823	0.00147815134870378
chomebanking_transacciones_delta1_avg3	0.000921397629442857	0.00138708671706906	0.00208165692894378
mvr_msaldopesos2_avg6_lag3_lag5_avg6_avg3	0.000921326295857999	0.00132046811381714	0.00195920652135885
mrentabilidad_annual_lag1	0.00092019579982396	0.000828696418129635	0.00195920652135885
Visa_mpagospesos_tend6_lag3_lag5_avg6	0.000908915029731938	0.00118631888527476	0.00197669943672813
mactivos_margen_max6_lag3_avg3	0.000907504137999677	0.00102126633492783	0.00165308050239653
cproductos_tend6	0.000906859526730934	0.00231895219473443	0.000944617429940874
Visa_mpagospesos_tend6_lag3_lag5_tend6_avg3	0.000902981888400619	0.00313055634062749	0.00212538921736697
ccajas_transacciones_avg6_lag3_avg6	0.000902355753131122	0.00447746572845965	0.00202043172515131
mcaja_ahorro_max6_lag5_avg6_avg3	0.000899503284092567	0.00135056863944363	0.00202917818283595
mcomisiones_otras_min6_lag5	0.000896729296450161	0.000852763210875039	0.00151313717944233
cliente_edad_min6_lag5_avg6_avg3	0.000895675829656761	0.00101795041753088	0.00187174194451247
mprestamos_personales_delta1_avg6	0.00089259513361452	0.000844795142664211	0.000874645768463772
Visa_mpagominimo_max6_tend6	0.000890170018911866	0.00129057283831269	0.00159185529860407
Visa_fultimo_cierre_avg6_delta3_delta5_tend6_avg3	0.000887809719656405	0.000667224650943097	0.00174054507924291
mvr_msaldopesos2_avg6_lag3_avg6_avg3	0.000885749608710033	0.00133955855227223	0.00190672777525102
Visa_cconsumos_tend6_lag3_lag5_avg6_avg3	0.000885729792662182	0.0010833197326331	0.00207291047125914
mactivos_margen_lag5	0.000882643126595204	0.000642052953850839	0.00174054507924291
mvr_mpagominimo_min6	0.000881544306269637	0.00144261532873511	0.00123325053353392
Visa_cconsumos_max6_lag3_lag5_avg3	0.00088019905621637	0.00256355526405651	0.00160934821397334
mrentabilidad_annual_delta1_avg3	0.00087834970914275	0.00065051990353635	0.00195046006367421
mactivos_margen_max6_lag3_lag5_avg6_avg3	0.000877908846354424	0.000893443451548397	0.00163558758702725
mvr_msaldopesos2_avg6_delta5_avg6_avg3	0.0008770900667349	0.000823606252160274	0.00169681279081972
cliente_edad_avg6_lag3	0.000875429691123467	0.00169455515191161	0.00193296714830494
internet_avg6_avg6_avg3	0.000872646550245196	0.00103824368377177	0.00160934821397334
mrentabilidad_annual_delta3_lag5_avg3	0.000871848581104741	0.000527359685928518	0.0016705734177658
Visa_mconsumospesos_avg6_avg3	0.000871067469405438	0.00150001921594629	0.00181051674072001
Master_Fvencimiento_lag1	0.00086524144126142	0.00115259366380097	0.00197669943672813
mrentabilidad_min6_avg6_avg3	0.000865174110791504	0.00159391876122544	0.00171430570618899
cproductos_avg6_lag3_avg6_avg3	0.000863777025395731	0.00369086522562077	0.0019242206906203
cliente_edad_min6	0.000862416510288109	0.00115218001370172	0.00172305216387363
Visa_cconsumos_max6_lag5_tend6_avg3	0.000861165571282283	0.00116208834638145	0.00166182696008117
mcaja_ahorro_min6_delta3_avg6	0.000859212876641536	0.00171404372279705	0.00169681279081972
mcuenta_corriente_delta1_avg6	0.000857773138513476	0.0010216471431547	0.00129447573732638
cliente_antiguedad_lag3_lag5	0.000857718179255412	0.00143131906795641	0.00196795297904349
mvr_mpagominimo_avg6	0.000857060159532041	0.00103781627621681	0.00130322219501102
Visa_fultimo_cierre_tend6_delta3_lag5_tend6_avg3	0.000856904084376438	0.000887657491834262	0.0018542490291432
ctarjeta_visa_transacciones_delta3	0.000853143134725612	0.00244711340961722	0.00126823636427247
mcuentas_saldo_min6_delta3_delta5_tend6	0.000852299111443425	0.00116220720709306	0.0019242206906203
Visa_mpagominimo_max6_delta5_avg6_avg3	0.000851359663232083	0.000791874796372025	0.00167931987545044
Visa_mpagominimo_max6_lag5_tend6	0.000851276722402919	0.00193219685600238	0.00188923485988175
Visa_mpagominimo_max6_delta5	0.00085081395525337	0.000915608658193643	0.00143441906028059
ctrx_quarter_min6_delta3_avg3	0.000849957576149616	0.000577238522795524	0.00118951824511073
Visa_cconsumos_max6_lag3_lag5	0.000847122615944113	0.00306251668947582	0.00195046006367421
Visa_fultimo_cierre_avg6_delta5_avg6	0.00084556250070219	0.000992950341224476	0.00130322219501102
ctrx_quarter_min6_delta5_tend6_avg3	0.000844275904591222	0.00125314009832894	0.00195920652135885
Visa_mpagospesos_tend6_lag3_lag5_avg6_avg3	0.00084335581517218	0.00200063283304981	0.00201168526746668
cproductos_delta1_tend6	0.000842837584556924	0.000676148653879371	0.000830913480040584
mcomisiones_otras_min6_avg6	0.000837429674780389	0.000917810453285206	0.00176678445229682
Visa_cconsumos_tend6	0.000835778179988947	0.000923961842521511	0.00163558758702725
mttarjeta_visa_debitos_automaticos_tend6_delta3_delta5_tend6_avg3	0.000835689873574856	0.00196772699081517	0.0019242206906203
mv_mpagominimo_lag1	0.00083099048975285	0.00167547541369986	0.00137319385648812
mcaja_ahorro_avg6_avg3	0.000830053905697165	0.00108428724770847	0.00152188363712696
mactivos_margen_max6_lag3	0.000827624926782759	0.000932072904893189	0.00160934821397334
chomebanking_transacciones_avg6_lag3_lag5	0.00082634631705836	0.00122377205299578	0.00181926319840465
Visa_mpagospesos_max6_delta5_avg6	0.000825823064991221	0.000727662589834107	0.00189798131756639
mcomisiones_mantenimiento_delta5	0.000825227726543307	0.0022461977199151	0.0013906867718574
mcuentas_saldo_lag1_lag3	0.000824998156444209	0.00146007335474365	0.00188048840219711
mcuenta_corriente_min6_delta5	0.000823098340013618	0.00116160887357324	0.00169681279081972
mrentabilidad_annual_delta1_lag5	0.000822024650540699	0.00082214471935719	0.00200293880978204
Visa_fultimo_cierre_avg6_delta5_avg3	0.000818628542618476	0.000707326893191098	0.0015306300948116
chomebanking_transacciones_tend6_lag3_lag5_tend6_avg3	0.000817643513614349	0.00140509258627176	0.00188923485988175
mcuenta_corriente_min6_lag3_delta5_avg6_avg3	0.000816494164167503	0.00107018715260641	0.00191547423293566
mcuenta_corriente_min6_lag3_delta5_avg3	0.00081643592755976	0.00124813155066583	0.00181926319840465
ccomisiones_otras_tend6_lag3_lag5_tend6_avg3	0.000815974520380253	0.000690339955817427	0.00196795297904349
cliente_edad_avg6_lag3_avg6	0.000815591766624355	0.000857176111659502	0.00160934821397334
mpasivos_margen_max6_lag3_delta5_avg6_avg3	0.000811759224800619	0.00285997970446308	0.00168806633313508
mttarjeta_visa_debitos_automaticos_delta1_avg6_avg3	0.000808113260116813	0.00129676651898691	0.00141692614491131
mrentabilidad_annual_delta1_delta5_avg3	0.00080667583818773	0.00120758768019317	0.00188923485988175
chomebanking_transacciones_tend6_lag3_delta5_avg6_avg3	0.00080644558450994	0.000797467549528044	0.0019242206906203
mcomisiones_otras_min6_lag3_lag5_tend6_avg3	0.000802721224990578	0.0012816205330012	0.00176678445229682
ccaja_seguridad	0.000800292270450635	0.00317027119700987	0.000279886645908407
ccomisiones_mantenimiento_tend6	0.000799350587991637	0.00174948709762823	0.000638491410978554
Visa_mpagospesos_tend6_lag3_lag5_tend6	0.00079871854722723	0.00109926128865852	0.00194171360598957
Master_fultimo_cierre_avg6_lag3_lag5_avg6_avg3	0.000798436625781369	0.00132869011594108	0.00181926319840465
Visa_cconsumos_tend6_avg6	0.000797286481586405	0.00131418021541594	0.00175803799461218
Visa_mpagominimo_delta1_delta3	0.000792232590808134	0.00140206520487348	0.0015306300948116
cliente_edad_min6_lag5_avg6	0.000792167738564876	0.00145074765262924	0.00179302382535073
ctransferencias_emitidas_max6	0.000791467901168948	0.00505221549509252	0.00132946156806493
ctrx_quarter_lag1_lag3_lag5_tend6_avg3	0.000790166792252679	0.000706398982912467	0.00195920652135885
mrentabilidad_min6_delta3_tend6	0.000790121128336725	0.00113581971222308	0.00170555924850436
Visa_cconsumos_tend6_tend6_avg3	0.000788567276941193	0.00128715746887059	0.00187174194451247
mactivos_margen_max6_lag3_avg6_avg3	0.000788416589557529	0.000609190885338905	0.00129447573732638
ctarjeta_visa_debitos_automaticos_tend6_avg6_avg3	0.000787781864321008	0.00116423492636458	0.00137319385648812
mcuentas_saldo_min6_lag3_lag5_tend6_avg3	0.000786379059519977	0.00114242250349939	0.0019941923520974
ctransferencias_emitidas_avg6_lag3_lag5_avg6_avg3	0.000785890887226948	0.00110243666692881	0.00175803799461218
Visa_mconsumospesos_avg6_avg6_avg3	0.000783575173317451	0.000904876082527793	0.00170555924850436
mactivos_margen_delta1_avg3	0.000783099939880019	0.00141695846130247	0.00175803799461218
mcaja_ahorro_max6_lag5	0.000779683567951062	0.00165814819932405	0.00176678445229682
ccomisiones_otras_tend6_lag3_lag5_avg3	0.000779491295467843	0.00111474583775458	0.0019242206906203
mv_fechaalta_delta3_avg6_avg3	0.000778937222204657	0.000970498358793737	0.00170555924850436
mttarjeta_visa_debitos_automaticos_delta1_avg6	0.000778314291473943	0.00147284231178276	0.00126823636427247
cliente_edad_min6_lag5_avg3	0.000777736553653934	0.00104092013424597	0.00175803799461218
ccomisiones_otras_tend6_avg6	0.000773041575047387	0.00143370892793072	0.00176678445229682
ccomisiones_otras_tend6_delta3_delta5_avg6_avg3	0.000771342833718604	0.000780900608285381	0.00182800965608928
Visa_fultimo_cierre_tend6_delta3_lag5_tend6	0.00076916316142165	0.000913303890630565	0.00174929153692754
Visa_mpagospesos_max6_lag5_tend6_avg3	0.000768984353798066	0.000726467497722052	0.00174054507924291
Visa_mconsumospesos_avg6_tend6_avg3	0.000767130894940024	0.00298614289209155	0.00179302382535073
Visa_cconsumos_max6_avg3	0.000766122572777142	0.00116027407611971	0.00158310884091943
mpayroll_delta1	0.000764981078626003	0.0038708543429054	0.00110205366826435
ctrx_quarter_tend6_lag3_lag5_avg6	0.000763310265588245	0.000898101346215831	0.00164433404471189
mcomisiones_mantenimiento_avg6_delta5_avg6_avg3	0.000761838891047722	0.00110120058037803	0.00159185529860407
mrentabilidad_annual_delta1	0.000761256175602989	0.00142744734008454	0.00176678445229682
mvr_msaldopesos2_avg6_lag3_lag5_tend6_avg3	0.000760815316095841	0.000768421067351545	0.00188923485988175
mactivos_margen_min6_lag3_delta5_avg3	0.000759385212130552	0.00176403558387931	0.00166182696008117
mvr_msaldopesos2_tend6_delta3_tend6_avg3	0.000757914622182121	0.000957122220847461	0.00179302382535073
Master_Fvencimiento_lag1_lag5	0.000757153043021289	0.00103238643542351	0.00187174194451247
ctrx_quarter_delta1_lag3	0.000755853192749169	0.00106537278425081	0.00172305216387363
ctransferencias_recibidas_avg6_lag3_lag5_avg6_avg3	0.000755174543011503	0.000654574878865393	0.00117202532974145
mactivos_margen_lag1_avg3	0.000750799956878347	0.00156073966905402	0.00131196865269566
mvr_msaldopesos2_tend6_avg3	0.000750428352017478	0.00268026221586624	0.00156561592555015
mrentabilidad_annual_delta1_lag5_avg3	0.000749349667107727	0.000869750009284511	0.00179302382535073
mcuentas_saldo_min6_lag3_lag5_tend6	0.000747084317948131	0.00111672116752305	0.00171430570618899
mactivos_margen_delta1	0.000746885610606663	0.000906059779575524	0.00175803799461218
mcuentas_saldo_min6_delta5_avg6_avg3	0.000743142466969842	0.000590487832749443	0.0016006017562887
ctrx_quarter_min6_delta3_lag5_avg6_avg3	0.000742411988452026	0.000748478454106323	0.00134695448343421
mvr_msaldopesos2_tend6	0.00074140869875641	0.0030428597403025	0.00150439072175769
mactivos_margen_max6_lag3_lag5_tend6_avg3	0.000741242960844916	0.00115230021773392	0.00159185529860407
Visa_mpagospesos_max6_lag3_lag5_tend6	0.000740749181722273	0.000876318522725043	0.00172305216387363
mcuenta_corriente_min6_delta3_avg6	0.000738933586405143	0.000766260590948507	0.00147815134870378
mrentabilidad_annual_max6_lag3_lag5_tend6	0.000736950964611154	0.00184315100594715	0.00162684112934262
mv_cconsumos_delta3	0.000736853748940198	0.00134324128883335	0.000944617429940874
ccomisiones_otras_tend6_lag3_lag5_avg6_avg3	0.000736238412495316	0.000762709268198317	0.00181051674072001
Visa_mconsumospesos_avg6_lag5_tend6_avg3	0.000736113746491557	0.000818869981684561	0.00163558758702725
mttarjeta_visa_debitos_automaticos_tend6_delta5_tend6_avg3	0.000735266093914319	0.00210637147959066	0.00153937655249624
chomebanking_transacciones_max6_avg6_avg3	0.000734358751089484	0.00111931122858683	0.0014606584333345
cliente_edad_min6_avg6_avg3	0.000733172361442964	0.00127932831853744	0.0014606584333345
mdescubierto_preacordado	0.000731439486803598	0.00145433052025263	0.000454815799601162
ctrx_quarter_delta1_delta5_avg3	0.000729968718890337	0.000912517353263794	0.00175803799461218
ctrx_quarter_tend6_lag3_lag5_tend6_avg3	0.000728673321020136	0.000877037940383661	0.00181926319840465
Visa_mpagominimo_max6_delta5_tend6_avg3	0.000726547588003714	0.00143303314503061	0.00163558758702725
ctrx_quarter_tend6_avg6_avg3	0.000726217422151869	0.000589935125808317	0.00157436238323479
ccomisiones_otras_tend6_avg3	0.000725999097430049	0.00159325844967283	0.00170555924850436
mcomisiones_mantenimiento_avg6_tend6	0.000721932675289662	0.000852694238310897	0.00149564426407305
mcuenta_corriente_min6_delta3_avg6_avg3	0.000718356695939164	0.00158539863457309	0.00164433404471189
ctrx_quarter_delta1_lag3_delta5_avg6	0.000718149798465616	0.00139786950513218	0.00157436238323479
mtransferencias_recibidas_max6_delta5_avg6_avg3	0.000717854122479	0.00313199012691216	0.00158310884091943
mcuentas_saldo_min6_lag3	0.000717437848211519	0.00103152749770902	0.00137319385648812
Visa_mpagospesos_max6_delta3_tend6_avg3	0.00071722018800631	0.000815970215742438	0.0016705734177658
mvr_mpagominimo_min6_avg6_avg3	0.000715362161748883	0.00102833961266081	0.00157436238323479
ctarjeta_visa_transacciones_delta5_avg6	0.000714993914860916	0.000631933766159711	0.00117202532974145
ctrx_quarter_max6_lag3_delta5_avg6_avg3	0.000713936951269546	0.00070535753888319	0.00169681279081972
Visa_mpagospesos_max6_delta3_avg3	0.000711698099963734	0.00121583789204952	0.00132946156806493
Visa_fultimo_cierre_avg6_delta5	0.000709295429141668	0.000500514304022586	0.00136444739880348
cliente_edad_min6_lag5	0.000708805084787111	0.00120815785030198	0.00157436238323479
Visa_mpagospesos_tend6_lag5_avg6_avg3	0.000708587107479513	0.000901627979659986	0.00164433404471189
mttarjeta_visa_debitos_automaticos_delta1_tend6	0.000708208195123369	0.00197256998579577	0.00104082846447189
mrentabilidad_annual_min6_delta5_avg6_avg3	0.000708205135972008	0.000342955444432236	0.00111080012594899
mcomisiones_otras_min6_delta3_delta5_avg6	0.000707535377679099	0.00115989359214264	0.00169681279081972
mrentabilidad_max6_lag3	0.000707116208866006	0.000918270934319544	0.00149564426407305
mvr_mpagominimo_avg6_lag5_avg6_avg3	0.000706660024227702	0.00115011458881085	0.00159185529860407
mcomisiones_mantenimiento_tend6_lag3_lag5_tend6_avg3	0.000703375983133657	0.0019439559138854	0.00174054507924291
mcomisiones_mantenimiento_delta3	0.000702451569903613	0.00207856163982174	0.00119826470279537
mvr_msaldopesos2_avg6_avg3	0.000701560877024501	0.00104876660878261	0.00129447573732638
mcomisiones_otras_min6_delta3_avg6_avg3	0.000700500248591988	0.00129364765282424	0.00157436238323479
ccallcenter_transacciones_tend6	0.000698216314451171	0.00157025343605117	0.00103208200678725
mcomisiones_mantenimiento_avg6_delta3_lag5_avg6	0.000697158111199609	0.00263922933037703	0.00143441906028059
mcomisiones_otras_min6	0.000697109804451248	0.000795099784861385	0.00145191197564986
mrentabilidad_annual_tend6_delta3_delta5_avg6_avg3	0.000696979691223736	0.000694829240589982	0.00166182696008117
mactivos_margen_delta1_lag5_avg3	0.00069620385409574	0.000417630775053995	0.00176678445229682
mv_fultimo_cierre_avg3	0.000695995409937512	0.00134571327664931	0.00156561592555015
mrentabilidad_annual_delta3	0.000695666389372938	0.00100753968295009	0.00175803799461218
mv_cconsumos_delta3_avg6	0.000695045422895828	0.00193101575295303	0.00126823636427247
mcomisiones_otras_min6_lag3_lag5_avg3	0.000694995349155142	0.000630697262716331	0.0015306300948116
mcomisiones_otras_min6_delta3_delta5_tend6_avg3	0.000694354187654155	0.000700806692970444	0.00171430570618899
mvr_msaldopesos2_tend6_delta3_avg6	0.000690531920916571	0.000829051610622473	0.00159185529860407
mv_cconsumos_delta5_avg6_avg3	0.000690479773784059	0.00124316237619247	0.00133820802574957
mrentabilidad_lag1_lag3	0.000689275732260763	0.000741716178250878	0.00149564426407305
mrentabilidad_annual_delta1_tend6_avg3	0.00068921337511879	0.00077420248756851	0.00162684112934262
mcuenta_corriente_min6_lag3_delta5	0.000687393508801995	0.00122308112299797	0.00150439072175769
chomebanking_transacciones_delta1	0.000684583547811414	0.00238155704870303	0.00145191197564986
mpasivos_margen_min6_lag3_delta5_avg6_avg3	0.000683906134687131	0.000788847831866348	0.00163558758702725
Visa_fultimo_cierre_tend6_delta3_avg3	0.000683356961940993	0.00110471859804184	0.00138194031417276
ctrx_quarter_max6_lag3_lag5_avg6_avg3	0.000683264389917743	0.00063184658928549	0.00153937655249624
chomebanking_transacciones_max6_lag3_lag5_tend6_avg3	0.000682963072961641	0.000726300555397561	0.00169681279081972
mcomisiones_mantenimiento_max6_avg6_avg3	0.000680846705051418	0.00161341182528665	0.00146940489101914
ccomisiones_otras_tend6_lag3_lag5_avg6	0.000680800319354488	0.000702835801883955	0.00156561592555015
mcaja_ahorro_dolares_delta1_avg6	0.000680726695038843	0.00376566817169868	0.00144316551796522
Visa_mpagospesos_max6_delta5	0.000678190173102855	0.000676473552176811	0.00150439072175769
mrentabilidad_max6_avg3	0.000675993820235853	0.000602768562235801	0.00128572927964175
mcomisiones_mantenimiento_avg6_delta3_delta5_tend6_avg3	0.000675954499383294	0.000803773374310923	0.00155686946786551
mtransferencias_recibidas_tend6	0.000674978484086856	0.0008668334749957	0.00104957492215653
ctarjeta_visa_transacciones_tend6_lag5_avg3	0.000674319398449466	0.00113596576359631	0.0013207151103803
Visa_cconsumos_tend6_tend6	0.000674107079142229	0.000706473375080372	0.00158310884091943
mpasivos_margen_lag3_lag5	0.000671774827550162	0.000518015084683041	0.00163558758702725
mrentabilidad_lag1_delta3_avg3	0.00067114115416547	0.000772263844348598	0.00154812301018088
ctrx_quarter_min6_delta3_delta5_tend6_avg3	0.000671036345068038	0.000716627396464068	0.00157436238323479
ctarjeta_visa_transacciones_tend6_lag5_avg6	0.000671009775497084	0.00112605604127459	0.00133820802574957
Visa_fultimo_cierre_avg6_tend6_avg3	0.00067052918256834	0.000875257901636294	0.00142567260259595
mcaja_ahorro_dolares_max6_lag3_delta5_avg6_avg3	0.000669946378922425	0.00141935142481057	0.00154812301018088
Visa_mpagospesos_max6_lag5_avg6_avg3	0.000669700218251297	0.000723759131803457	0.0013207151103803
mcomisiones_mantenimiento_delta3_delta5_tend6	0.00066830851984623	0.000798069079224445	0.0014606584333345
ctransferencias_emitidas_max6_avg6_avg3	0.000664797292116207	0.00131064802340383	0.00136444739880348
mcomisiones_mantenimiento_avg6_avg6_avg3	0.000664127231173715	0.00137465775910369	0.00138194031417276
mcuenta_corriente_delta3_tend6_avg3	0.000663161579789597	0.000882347716108962	0.00140817968722667
mcuentas_saldo_delta1_tend6	0.000663094283303308	0.00131956192827497	0.00143441906028059
mcomisiones_otras_min6_delta3_avg6	0.000660091306642753	0.0010910669404102	0.00144316551796522
ctrx_quarter_max6_lag3_delta5_tend6_avg3	0.000658847173424504	0.000656933518216313	0.00164433404471189
mactivos_margen_lag1_tend6	0.000657467511004299	0.000830788616789526	0.00154812301018088
mcomisiones_mantenimiento_tend6_lag3_lag5_avg6	0.00064857176181065	0.00108658858748797	0.00144316551796522
mcuenta_corriente_min6_lag3_delta5_tend6_avg3	0.000647246726155833	0.000652566846188742	0.00161809467165798
mdescubierto_preacordado_tend6	0.000646792517802119	0.00262002656252769	0.00057726620718609
mpayroll_avg3	0.000645909423115003	0.0013119604939427	0.000612252037924641
Visa_cconsumos_tend6_lag3_tend6_avg3	0.000645211299275077	0.00153112371158971	0.00161809467165798
mcuenta_corriente_delta5_avg3	0.000641412277494184	0.00136368533123023	0.00136444739880348
mactivos_margen_min6_delta3_delta5_avg6_avg3	0.00064079677136554	0.00125028271646753	0.00164433404471189
cproductos_delta1_avg6	0.00064026469902395	0.00159117824825546	0.000620998495609278
Visa_cconsumos_max6_tend6_avg3	0.00063995152842272	0.000870542105219245	0.00162684112934262
Visa_mpagospesos_max6_delta3_avg6	0.000638876017114934	0.00145110933011804	0.00148689780638841
mrentabilidad_annual_delta1_delta5_tend6_avg3	0.000638023310586528	0.00238902804197377	0.00171430570618899
mcuentas_saldo_min6_avg3	0.000637305344761822	0.001328161403485	0.00132946156806493
mpasivos_margen_delta5_avg3	0.000636599846943711	0.000513361405262979	0.00123325053353392
Visa_mpagospesos_max6_delta5_tend6_avg3	0.000636449431741552	0.000905014537191473	0.00163558758702725
chomebanking_transacciones_tend6_lag3_lag5_avg6_avg3	0.000636212802969822	0.000682944883320789	0.00153937655249624
mactivos_margen_max6_delta3_avg6	0.000632427852128964	0.000856975864248633	0.00150439072175769
mrentabilidad_lag1	0.000629470007911696	0.000640105092672388	0.00158310884091943
chomebanking_transacciones_delta1_tend6_avg3	0.000629147562592902	0.000838282863402904	0.0014606584333345
ctransferencias_recibidas_avg6_lag3_lag5_avg6	0.000628290951384886	0.000427940621626255	0.000857152853094497
ctrx_quarter_tend6_lag3_lag5_tend6	0.000627751913571737	0.0010408254996264	0.00157436238323479
ctarjeta_visa_transacciones_tend6_avg3	0.000626595076399212	0.000854828033587712	0.00111954658363363
mcuentas_saldo_delta1_avg6_avg3	0.000625293965998601	0.000733210272268226	0.00105832137984116
Visa_fultimo_cierre_avg6_lag3_delta5_avg3	0.000623754553659994	0.000679494448579128	0.00117202532974145
ctrx_quarter_tend6_lag3_delta5_tend6_avg3	0.000623448702897516	0.00146917189671396	0.00158310884091943
mprestamos_personales_min6_delta3	0.000622826358794505	0.00105201077433144	0.000725955987824931
Visa_mpagospesos_tend6_lag5_tend6	0.000618151909501346	0.00062203618004471	0.00157436238323479
mvr_mpagominimo_avg6_delta3_delta5_tend6_avg3	0.000617033805459952	0.00112023219065551	0.00151313717944233
mactivos_margen_min6_lag3_lag5_tend6	0.00061660018344962	0.00074376163861848	0.0015306300948116
mprestamos_personales_min6_delta3_tend6	0.000616470515993538	0.00135801179355315	0.000848406395409859
Visa_cconsumos_tend6_lag3_avg6_avg3	0.000615707233901469	0.00105479103106236	0.00141692614491131
mcuentas_saldo_min6_avg6	0.000615297923699328	0.000677235307594747	0.00111954658363363
chomebanking_transacciones_avg6_delta5_avg3	0.000615050211265509	0.00130961292540631	0.00128572927964175
mpasivos_margen_lag3	0.000614743396071152	0.000529352849435868	0.00141692614491131
mrentabilidad_annual_delta3_lag5	0.000614426585706351	0.000390668292649641	0.0015306300948116
mcuenta_corriente_min6_lag3_lag5_tend6_avg3	0.000613385184584659	0.00121457368840913	0.00144316551796522
mactivos_margen_tend6_tend6	0.000613046595246498	0.00143103025402933	0.00144316551796522
cpayroll_trx_min6_delta3_tend6	0.000612823098294865	0.00278570579509106	0.000594759122555365
ctrx_quarter_delta1_lag3_tend6	0.000612655199884089	0.000795613164934172	0.00152188363712696
ctrx_quarter_delta1_delta5_tend6_avg3	0.000611489550093195	0.000860630298434539	0.00147815134870378
Visa_cconsumos_tend6_avg3	0.000610274856851419	0.000743763074581871	0.00130322219501102
mactivos_margen_delta1_lag5	0.000610123680650398	0.000711368111064432	0.00144316551796522
ctrx_quarter_delta1_delta5_avg6_avg3	0.000608555306684155	0.00180569515158496	0.00145191197564986
mtarjeta_master_consumo_delta5	0.000607928416821906	0.00223441749315242	0.000874645768463772
mpasivos_margen_max6	0.000607108431447692	0.000742068869388134	0.00126823636427247
chomebanking_transacciones_delta1_avg6	0.00060688749568964	0.00156336359106097	0.00129447573732638
mcuentas_saldo_avg6_delta3_delta5_avg3	0.000606258937661014	0.00143012735730653	0.00149564426407305
mcaja_ahorro_delta5_tend6	0.000605761130033364	0.00197264586024847	0.00151313717944233
mactivos_margen_min6_tend6	0.000605129910500867	0.000608216005160986	0.00133820802574957
mrentabilidad_max6_lag5_tend6_avg3	0.000603946776017014	0.00106543040807203	0.00148689780638841
mrentabilidad_max6_avg6	0.000603101840176805	0.000991618369376331	0.00121575761816464
Visa_mpagospesos_max6_delta5_avg3	0.000601706510054865	0.0014096148055595	0.00142567260259595
Visa_mconsumospesos_avg6	0.000599440119824452	0.00121788446413072	0.0013207151103803
cproductos_avg6_delta3	0.000599375884989468	0.00124050885481111	0.00108456075289508
mrentabilidad_annual_tend6_delta3_avg6	0.00059935814514588	0.000743500385924217	0.00138194031417276
mcuenta_debitos_automaticos_delta5_avg6	0.000598289052602947	0.00162320875500013	0.00104082846447189
ccomisiones_otras_tend6_lag3_lag5	0.000598182435810961	0.000973217332312861	0.00149564426407305
ccomisiones_otras_tend6	0.000597360807660436	0.00309879950071221	0.00128572927964175
Master_fultimo_cierre_avg6_lag3_tend6	0.000596781947365153	0.00077449579467136	0.0013207151103803
ctarjeta_visa_transacciones_tend6_lag5_tend6_avg3	0.000595992127576428	0.000947486257997921	0.00137319385648812
mrentabilidad_min6_delta5	0.000595699925888278	0.000625212855314191	0.00138194031417276
thomebanking_tend6_delta5_tend6_avg3	0.000595698682321922	0.00101673434182476	0.0014606584333345
canarito30	0.000593448542202289	0.000544568780735112	0.00161809467165798
thomebanking_tend6_delta5_tend6	0.000591468576912281	0.0020092395343982	0.0014606584333345
Visa_mpagospesos_tend6_lag5_avg3	0.000590334531112689	0.000642952747039857	0.00148689780638841
Visa_mpagospesos_max6_tend6_avg3	0.000589107340646211	0.000560720450629536	0.00138194031417276
chomebanking_transacciones_delta1_avg6_avg3	0.000588972258934398	0.00069182571471255	0.00135570094111885
ccomisiones_otras_tend6_delta3_delta5_tend6_avg3	0.000588012880537094	0.000783693557079813	0.00146940489101914
ccajas_transacciones_avg6_lag3_tend6_avg3	0.000587257825607542	0.00105521927240251	0.00141692614491131
canarito76	0.000587124059491747	0.000531701020150457	0.00151313717944233
Visa_mconsumospesos_avg6_lag5_tend6	0.000586764686627047	0.00162431407623958	0.00141692614491131
mes	0.000586195833533193	0.000702710595140587	0.00102333554910261
mcuentas_saldo_min6_delta3_delta5	0.000585811554576519	0.000930459854791712	0.00138194031417276
mactivos_margen_min6_delta5_tend6_avg3	0.00058572377236963	0.000843764352556863	0.00148689780638841
chomebanking_transacciones_tend6	0.000584353344589747	0.00115578868234473	0.00123325053353392
mv_fultimo_cierre_tend6	0.000583748433227713	0.000655644671591281	0.00116327887205682
mcomisiones_mantenimiento_delta3_delta5_tend6_avg3	0.000583481774258138	0.000604128095316763	0.00135570094111885
mcuentas_saldo_delta3_avg3	0.000583448644206703	0.00164163119255025	0.00108456075289508
ctrx_quarter_tend6_lag3_lag5	0.000581801818765527	0.000401280571640491	0.00116327887205682
mcuenta_debitos_automaticos_delta5_avg3	0.000579738808273654	0.00101770977785948	0.000892138683833048
mdescubierto_preacordado_delta1_tend6	0.000578921851895215	0.00216304751864848	0.000559773291816814
mcomisiones_mantenimiento_avg6_delta3_delta5_avg6	0.000578059626982738	0.000644637873239254	0.00129447573732638
mcuenta_debitos_automaticos_tend6	0.000577565923639675	0.00171702056754826	0.000743448903194206
mrentabilidad_avg6	0.000572309825362666	0.000506857880746214	0.00111080012594899
canarito51	0.00057219932365626	0.001671452214851	0.00159185529860407
mcaja_ahorro_max6_tend6_avg3	0.000571800488145249	0.00080838114922389	0.00135570094111885
mcuentas_saldo_min6_delta3_avg6	0.000571798625842524	0.00107598988066723	0.00125948990658783
mcomisiones_mantenimiento_tend6_avg6	0.000570061375205805	0.00101732526392063	0.00116327887205682
mcomisiones_mantenimiento_max6	0.000569629683777945	0.0014132544168975	0.000979603260679425
ctransferencias_emitidas_avg6_lag3_delta5_tend6_avg3	0.000569204405646308	0.00132088996280414	0.00125074344890319
ctransferencias_emitidas_avg6_lag3_lag5_avg6	0.000568116151650478	0.00108451565853035	0.00121575761816464
mcuentas_saldo_lag1_delta3_avg6	0.000568073482902919	0.000551011577896881	0.00123325053353392
mcuenta_corriente_delta3_delta5_tend6_avg3	0.000567923339491647	0.000870386280030681	0.00136444739880348
mrentabilidad_annual_max6_lag3_delta5_tend6	0.000566191573734103	0.00290754770566365	0.00143441906028059
mactivos_margen_tend6_delta5_avg6_avg3	0.000564683045558905	0.000697388914815566	0.00150439072175769
mpasivos_margen_max6_tend6	0.000564538332340513	0.000802181307803507	0.00131196865269566
mrentabilidad_annual_avg6_delta3_lag5_tend6	0.000564488240006486	0.000820517402264609	0.00136444739880348
ctrx_quarter_min6_delta3_lag5_tend6_avg3	0.000561178539633934	0.000519561895182958	0.00136444739880348
ccomisiones_otras_tend6_tend6	0.000561147484224297	0.000915114316216129	0.00146940489101914
mcomisiones_mantenimiento_tend6_lag3_tend6_avg3	0.000560551385949372	0.000591656290056675	0.00128572927964175
mrentabilidad_annual_tend6_delta3_delta5_avg3	0.000558696708836916	0.000516396568656401	0.00133820802574957
canarito74	0.000557651649905176	0.000738308081268535	0.00140817968722667
chomebanking_transacciones_tend6_lag3_lag5_avg6	0.000556988604433141	0.00038621907588782	0.0011370394990029
ctrx_quarter_delta3_tend6	0.000556925670350753	0.0006915474620646	0.0013906867718574
mtransferencias_emitidas_max6_lag5_avg6_avg3	0.000556693028444323	0.000833561091525294	0.00129447573732638
ctransferencias_emitidas_max6_avg6	0.000552961619861493	0.000634247149503131	0.00119826470279537
mrentabilidad_annual_min6_delta5_avg6	0.000552428983782322	0.000783813807433414	0.00133820802574957
chomebanking_transacciones_max6_lag3_lag5_tend6	0.00054864132800105	0.00066551390900967	0.00132946156806493
mactivos_margen_max6_lag3_lag5_tend6	0.00054758438347176	0.000736052368067731	0.0013207151103803
chomebanking_transacciones_delta1_lag5	0.000546152031587241	0.00053250085175894	0.000865899310779134
mcuentas_saldo_lag1_lag3_avg3	0.000544650714581314	0.000738814930023966	0.00132946156806493
mv_cconsumos_delta3_avg3	0.000543985880398683	0.000829784183558603	0.00114578595668754
ccomisiones_mantenimiento_delta1_avg6	0.000541562406753627	0.00105381332527906	0.000437322884231886
mrentabilidad_lag1_delta3_avg6_avg3	0.000541368866720205	0.000674291953215514	0.00127698282195711
mtransferencias_recibidas_max6_delta5	0.000540019687690988	0.00104484137969411	0.00117202532974145
chomebanking_transacciones_delta1_lag5_avg3	0.000539401361233848	0.000527218776230655	0.00125948990658783
Visa_cconsumos_max6_lag3_lag5_tend6	0.000534079042384348	0.00295683010818822	0.00126823636427247
mrentabilidad_lag1_delta3	0.000533501715414663	0.000674670676979396	0.00131196865269566
mpasivos_margen_max6_lag3_tend6_avg3	0.000533485242652538	0.000710151108930323	0.00121575761816464
internet_avg6_delta5_avg6	0.000533213630510825	0.00274507521095817	0.000962110345310149
ccallcenter_transacciones_tend6_delta3_avg6	0.000531282883902214	0.00221997378590744	0.00128572927964175
chomebanking_transacciones_tend6_avg6	0.000530011893228727	0.000420553470088965	0.00118077178742609
ctrx_quarter_max6_lag3_delta5_tend6	0.00052951904580431	0.000715277312948644	0.00125948990658783
canarito9	0.000529310987418835	0.000852779423364931	0.00139943322954204
mcuenta_corriente_min6_delta5_tend6_avg3	0.000528442951384369	0.000663167081615672	0.00115453241437218
mcomisiones_otras_min6_avg3	0.000527894047382311	0.00043068201470283	0.00125948990658783
chomebanking_transacciones_tend6_lag3_delta5_tend6	0.00052756220625487	0.00155652261514745	0.00122450407584928
Master_fechaalta_tend6	0.000527291104258169	0.00183095555415763	0.00119826470279537
ccaja_seguridad_lag5_avg6_avg3	0.000526669501232582	0.00115822685553892	0.000201168526746668
mcuenta_corriente_min6_lag3_tend6	0.000526604594068658	0.00115409614472138	0.00125948990658783
mcomisiones_mantenimiento_avg3	0.000524403199750214	0.0020677385521409	0.0010670678375258
canarito107	0.00052275087864885	0.00203026917192999	0.00141692614491131
mrentabilidad_lag1_avg3	0.000521860682008806	0.000531284127553229	0.000935870972256236
canarito31	0.000521345787023195	0.00148878794409135	0.0013906867718574
canarito22	0.000520617644547669	0.000996819614062153	0.0013207151103803
cpagomiscuentas_tend6_avg6	0.000518951320004784	0.0016705951763139	0.00125948990658783
mrentabilidad_annual_delta3_tend6_avg3	0.000517911055108062	0.000877387342701538	0.00133820802574957
ccomisiones_otras_tend6_delta3_delta5_avg6	0.000516451629835561	0.000664009667876071	0.0013207151103803
tcallcenter_tend6_delta5_avg6	0.000516315616816139	0.000643573778045528	0.00122450407584928
ctransferencias_emitidas_avg6_lag3_delta5_tend6	0.000516075789286749	0.000780499789213845	0.00120701116048001
mv_msaldopesos_lag1_delta5_avg6_avg3	0.000516048952143564	0.0013322074851053	0.00119826470279537
ccallcenter_transacciones_tend6_delta3	0.000514952926990798	0.0016480471233002	0.00088339222614841
mpasivos_margen_max6_lag3_delta5_avg3	0.000513575101717623	0.000751917864354858	0.00128572927964175
canarito68	0.000513528402433852	0.000472999763176702	0.0013906867718574
mprestamos_personales_min6_delta5_tend6	0.000512229718854781	0.000826196776438052	0.000865899310779134
ccallcenter_transacciones_tend6_delta3_lag5_avg6	0.000512179551678654	0.00104874562518855	0.00124199699121856
Visa_cconsumos_max6_lag5_tend6	0.00051079453531389	0.000695281383772377	0.00127698282195711
canarito40	0.000510440400615049	0.000478872853443658	0.00136444739880348
mvr_mpagominimo_avg6_delta5_avg6_avg3	0.000510228649810913	0.000751200392195027	0.00117202532974145
mpasivos_margen_lag5_tend6_avg3	0.000509488074093651	0.00143620069498435	0.00121575761816464
mtransferencias_recibidas_max6_lag5	0.000508686502141937	0.00166991397381003	0.00101458909141798
canarito48	0.000507922641703234	0.00107184629250058	0.00134695448343421
mcaja_ahorro_min6_delta3_tend6_avg3	0.000506438204403593	0.000743088496038155	0.00124199699121856
canarito88	0.000503583700253619	0.000381041038223243	0.00138194031417276
mcuenta_corriente_delta1_tend6	0.000503557756762623	0.000916733295456766	0.00118951824511073
mvr_msaldopesos2_tend6_delta3	0.000503236050411925	0.0011174952444333	0.00117202532974145
chomebanking_transacciones_delta1_lag5_tend6_avg3	0.000502319528726789	0.000484383339793825	0.00122450407584928
canarito89	0.000501212666469002	0.000899474544109702	0.00138194031417276
thomebanking_tend6_avg6_avg3	0.000501157220112293	0.000951456789415325	0.00112829304131827
canarito59	0.000500232280487595	0.000479700153642158	0.00125948990658783
ccajas_transacciones_tend6_avg6_avg3	0.000499754561636164	0.000826506573959193	0.00119826470279537
mcuentas_saldo_delta5_avg3	0.000497181592534312	0.000440128245099232	0.000944617429940874
canarito69	0.000496771951558208	0.00040979152665571	0.00129447573732638
mtransferencias_emitidas_max6_delta5	0.000496261667642896	0.000991705453607752	0.00104082846447189
internet_avg6_delta5_tend6_avg3	0.000496073075859845	0.000635172928997377	0.00104957492215653
canarito87	0.000495618186505507	0.000470562377446306	0.00126823636427247
ccomisiones_mantenimiento_delta1	0.000493530962406406	0.00230566499387556	0.000411083511177973
ctransferencias_recibidas_avg6_delta3_tend6_avg3	0.000493131689248786	0.00114385999549603	0.00118077178742609
canarito57	0.000490308801746085	0.000530913695319891	0.00133820802574957
canarito8	0.00048992097497694	0.000701722513363756	0.00126823636427247
mtransferencias_emitidas_max6_delta3	0.000489063025439031	0.00163377503684108	0.0010670678375258
internet_avg6_delta5_avg6_avg3	0.000486000058068749	0.00124061863652838	0.00108456075289508
mcuenta_corriente_min6_lag3_lag5_tend6	0.000485774328978788	0.000641829360454525	0.00123325053353392
mcaja_ahorro_min6_delta3_avg3	0.000484750153883877	0.00105569920842472	0.00109330721057972
mv_cconsumos_tend6	0.000484260533888364	0.00143139887972807	0.000962110345310149
chomebanking_transacciones_delta1_lag5_avg6_avg3	0.000483535314395323	0.000805359372714979	0.00115453241437218
canarito96	0.000481121244605612	0.000351769295080041	0.00127698282195711
canarito119	0.000481064916627699	0.000933220795498958	0.00130322219501102
canarito7	0.000479890292347002	0.000717196964394682	0.00137319385648812
ccomisiones_mantenimiento_tend6_avg3	0.000475939677421148	0.00237462078967035	0.000787181191617395
mactivos_margen_delta1_lag5_avg6	0.000472969115437162	0.000557802109806137	0.00114578595668754
mrentabilidad_lag1_delta3_tend6_avg3	0.000472694296959831	0.000512142596594281	0.00117202532974145
ccallcenter_transacciones_delta1_avg6_avg3	0.000470894168176992	0.00117013803289853	0.000839659937725221
canarito17	0.000470355404732799	0.000405425549449135	0.00127698282195711
cliente_edad_avg6_lag3_tend6	0.000469485370304856	0.000736017210125365	0.00112829304131827
canarito91	0.000468491814847932	0.000693307953181296	0.00126823636427247
canarito116	0.000468247724756191	0.000609985112058025	0.00124199699121856
canarito45	0.000468114349100546	0.000549269707982861	0.00126823636427247
canarito49	0.000467475680982132	0.00148045477060815	0.00128572927964175
canarito79	0.000466994311742365	0.000708677949455916	0.00119826470279537
thomebanking_tend6	0.000466584942322778	0.00160691353508806	0.000830913480040584
canarito123	0.000466406113293415	0.000662201141467894	0.00124199699121856
thomebanking_tend6_tend6	0.000465514413483359	0.000849678622548145	0.00123325053353392
mcaja_ahorro_delta1_tend6_avg3	0.000465048386561869	0.000769558396678184	0.00112829304131827
mcomisiones_mantenimiento_tend6_lag3_lag5_avg6_avg3	0.000464490792438743	0.000717581895226123	0.00105832137984116
canarito103	0.000464014762846975	0.000363311476169709	0.00123325053353392
canarito2	0.000463593667123205	0.00070770413467019	0.00127698282195711
canarito52	0.000463078184103672	0.00236332184225046	0.00134695448343421
canarito110	0.000462880822982549	0.000957329184861285	0.00122450407584928
canarito10	0.000461952442183656	0.000595404432434157	0.00129447573732638
canarito46	0.00046179708623096	0.000391472385826896	0.00124199699121856
ccallcenter_transacciones_tend6_delta3_avg6_avg3	0.000461356321721719	0.000656899610951738	0.0011370394990029
canarito16	0.000460799411489778	0.000720764453313365	0.00124199699121856
canarito33	0.000460701460991259	0.000377940700620454	0.00122450407584928
ccomisiones_mantenimiento_delta1_tend6	0.000458966348666811	0.00219339197276575	0.000787181191617395
ccomisiones_mantenimiento_tend6_avg6_avg3	0.000458858745959044	0.00161683215111852	0.000900885141517685
canarito56	0.000457550568370365	0.000322176313029975	0.00116327887205682
canarito29	0.000457460423637394	0.000659534511130421	0.00123325053353392
canarito44	0.000457394211345971	0.000380090291494564	0.00125074344890319
canarito86	0.0004571356801661	0.0012135090373586	0.00122450407584928
mactivos_margen_delta1_lag5_avg6_avg3	0.000457080330135394	0.000462776306014868	0.00103208200678725
ccajas_transacciones_avg6_delta3_avg6	0.00045679911383025	0.000970180084456453	0.00117202532974145
ccajas_transacciones_avg6_delta3_tend6	0.000456769230582292	0.000814169517650809	0.00108456075289508
canarito41	0.000455729506298661	0.0002385232466483	0.00114578595668754
canarito35	0.000454459522165501	0.000915561780937155	0.00126823636427247
canarito63	0.000454100648274184	0.0010048608237631	0.00118077178742609
canarito111	0.000452900299560165	0.000457664415309052	0.00117202532974145
chomebanking_transacciones_delta1_delta5_tend6	0.000452654729501026	0.000403217037754617	0.00111080012594899
canarito27	0.0004521284410164	0.000630113566758811	0.00125948990658783
mcomisiones_mantenimiento_avg6	0.000451223855396453	0.000711204920773317	0.000813420564671308
canarito85	0.000451027145823477	0.00145694559487224	0.00123325053353392
mprestamos_personales_delta5_tend6	0.000449874603243847	0.00167837425321399	0.000647237868663192
canarito43	0.000449365727735009	0.000398895760698745	0.00121575761816464
canarito55	0.00044917742617994	0.00128884718088856	0.00125948990658783
canarito50	0.000448366191550458	0.00129574893047847	0.00114578595668754
mtransferencias_emitidas_max6_delta5_avg6_avg3	0.000446639370762107	0.00093200346911505	0.0011370394990029
canarito81	0.000446637044250858	0.000462813038884824	0.00118077178742609
chomebanking_transacciones_tend6_lag3_lag5_avg3	0.000446463442918835	0.000379701608629748	0.00108456075289508
canarito42	0.000445920047857921	0.000534367743130729	0.00118951824511073
canarito60	0.00044591773345578	0.000513989847692601	0.00123325053353392
canarito20	0.000445869533658188	0.00078638209743934	0.00114578595668754
canarito102	0.000445357878210589	0.000312101454918353	0.00117202532974145
mv_cconsumos_tend6_avg3	0.000443752349515945	0.000976026169347388	0.000988349718364063
canarito70	0.000442480477533747	0.000604415519601852	0.00122450407584928
canarito11	0.000442353979695342	0.000307387928249888	0.00117202532974145
canarito39	0.000441447739033728	0.000561151841824868	0.00119826470279537
canarito61	0.000441433726998646	0.000717595467396233	0.00120701116048001
tcallcenter_tend6_avg6	0.000441100599337046	0.000872793973743875	0.00107581429521044
mpasivos_margen_lag3_lag5_tend6	0.000440021553888363	0.000618721698611144	0.00101458909141798
cpagomiscuentas_tend6	0.00043985554488909	0.00215296756518289	0.000944617429940874
mcuenta_corriente_delta3_tend6	0.000439375334217551	0.000421973220989526	0.000927124514571599
canarito53	0.000439197411652595	0.00146004278261985	0.00118077178742609
cproductos_avg6_delta3_avg6_avg3	0.000438574507015056	0.000763307925967937	0.00102333554910261
canarito78	0.000437891207848561	0.00110352623889237	0.00121575761816464
canarito75	0.000436066913348063	0.000447659734117963	0.00122450407584928
mpayroll_avg6_avg6_avg3	0.000435617500123093	0.000715262351136543	0.00080467410698667
mtransferencias_recibidas_delta5	0.000435497226991315	0.00180449709490332	0.000900885141517685
canarito97	0.000435254198126197	0.00113284736064764	0.00117202532974145
canarito104	0.000434615452040751	0.000384943894075697	0.00118077178742609
canarito120	0.000434330216605393	0.000513476791869612	0.00116327887205682
canarito80	0.000434125072061979	0.000642724892074772	0.00121575761816464
canarito47	0.000431907237480694	0.000315185302102851	0.00115453241437218
canarito34	0.000430577785048174	0.000342080062620855	0.00118077178742609
canarito73	0.00042962325076291	0.000405381590440827	0.00122450407584928
canarito12	0.000428693077659749	0.000345282353624366	0.0011370394990029
tcallcenter_tend6_delta5_avg6_avg3	0.0004286675836901	0.000540222768051805	0.0010670678375258
chomebanking_transacciones_delta1_lag5_tend6	0.000426279622309628	0.000440861698141956	0.00109330721057972
canarito112	0.000426014379636978	0.000485343536088041	0.00117202532974145
canarito77	0.000425228853034929	0.000630496644734265	0.00111954658363363
tcallcenter_tend6_tend6_avg3	0.000424958015094912	0.00108758676732993	0.00103208200678725
canarito38	0.000423867246466976	0.00100016035972934	0.00112829304131827
mpasivos_margen_lag5	0.000422768493171183	0.000345557919631134	0.00101458909141798
chomebanking_transacciones_delta1_delta5	0.000422473165770638	0.000316343939273349	0.00104082846447189
tcallcenter_tend6_avg6_avg3	0.000421571394854312	0.000558417721208045	0.0009970961760487
canarito95	0.000421474245744389	0.000572985569804198	0.00114578595668754
ccajas_transacciones_tend6_avg6	0.000419847632045473	0.000853161806519389	0.000944617429940874
canarito83	0.000417694568381112	0.000320866529132283	0.00118951824511073
ccajas_transacciones_tend6_tend6	0.000417192991773988	0.000426648903074443	0.000970856802994787
canarito58	0.000416499570486721	0.000413376988277474	0.0011370394990029
canarito25	0.000415347251027176	0.00163527774936849	0.00123325053353392
canarito36	0.000413806682932778	0.00101252150316557	0.00112829304131827
canarito24	0.000413412979261844	0.000334948883138263	0.0010670678375258
canarito100	0.000411161327456762	0.000330632516150758	0.00107581429521044
ccajas_transacciones_tend6_tend6_avg3	0.000410865974900521	0.000490731919228619	0.00100584263373334
mplazo_fijo_dolares	0.000410837335531412	0.00464974965147671	0.000323618934331596
mrentabilidad_lag1_lag3_avg3	0.00041073346610078	0.000679557075111512	0.00103208200678725
canarito32	0.000409783696398058	0.000309097790076721	0.00107581429521044
canarito117	0.000409135523957764	0.000480292743308419	0.0010670678375258
canarito114	0.000408763767303363	0.000928938891632824	0.00105832137984116
mtransferencias_recibidas_max6_delta5_tend6_avg3	0.000407439639128556	0.000991286754475936	0.000892138683833048
mcaja_ahorro_min6_delta3_tend6	0.000407401089196515	0.00048354923034957	0.000988349718364063
canarito65	0.000406728467138566	0.000589835627441779	0.00111954658363363
mplazo_fijo_dolares_delta5	0.000406340950987578	0.00302596878086899	0.000358604765070147
canarito99	0.000405058426271297	0.000724359549786265	0.00110205366826435
mcuenta_debitos_automaticos_delta5	0.000404989498414694	0.00103106446899769	0.000586012664870727
canarito90	0.000404436125292335	0.000340701862015818	0.00112829304131827
Visa_fechaalta_tend6	0.000398000604246584	0.00214738074116603	0.000918378056886961
canarito62	0.000397308777142949	0.000780925853448213	0.00102333554910261
canarito6	0.000396728508519315	0.000682959335597493	0.00111080012594899
cliente_edad_avg6_tend6	0.000396630582160889	0.00195211931943873	0.000970856802994787
canarito26	0.000395833021292691	0.000364731782927067	0.00110205366826435
ccajas_transacciones_tend6	0.000394396311457297	0.00309410478053202	0.000944617429940874
canarito4	0.000393876683450949	0.000709743665898631	0.00112829304131827
canarito82	0.000393709589397454	0.000321621058411867	0.00100584263373334
canarito115	0.000392337341813909	0.000485341358982256	0.00108456075289508
canarito66	0.000391788285471456	0.00054034825272357	0.00103208200678725
mcuentas_saldo_lag1_delta3_delta5_avg6	0.00038991694341361	0.0013301770328712	0.000970856802994787
ctransferencias_emitidas_max6_tend6_avg3	0.000388762565561908	0.000740745235391933	0.000900885141517685
mactivos_margen_max6_delta3	0.00038663894734265	0.000460214593647698	0.000874645768463772
canarito37	0.000386204043954296	0.00103118995366946	0.00103208200678725
ctransferencias_recibidas_avg6_lag3_delta5_avg6	0.000384338295210736	0.000562162111552152	0.000822167022355946
canarito121	0.000384098300341282	0.000436755120773656	0.00111080012594899
mv_fultimo_cierre	0.000380041434709128	0.0018734380678502	0.00102333554910261
canarito19	0.000377419162474615	0.00055056050010668	0.00104957492215653
canarito98	0.000376573249859047	0.000412653818585482	0.00102333554910261
canarito118	0.000376367350019772	0.000646490636584137	0.00103208200678725
canarito3	0.000375612595396104	0.000387196225814323	0.00101458909141798
canarito71	0.000374238829799124	0.000738370105622723	0.000979603260679425
canarito105	0.00037251171229856	0.000491248495477985	0.00105832137984116
canarito14	0.000371538098824213	0.00101384912080214	0.000988349718364063
canarito15	0.000371302753461712	0.000657915670853983	0.00103208200678725
ccajas_transacciones_tend6_avg3	0.000371247788422525	0.000593609617160289	0.000900885141517685
canarito28	0.000371207888520221	0.00034316685530043	0.0009970961760487
canarito1	0.000370731489014727	0.001218052657133	0.00101458909141798
canarito108	0.000369491456487394	0.000351498268570443	0.00100584263373334
canarito122	0.00036933876875717	0.000349360258046257	0.000979603260679425
canarito18	0.00036336735006593	0.000671263923317644	0.000927124514571599
cpayroll_trx_min6_delta3_delta5_tend6_avg3	0.000360708834176696	0.00238381368833183	0.00069097015708638
cpayroll_trx_min6_delta3_delta5_tend6	0.000360674699694263	0.00138758281925976	0.00057726620718609
mplazo_fijo_dolares_delta3_avg6	0.000356927358728029	0.00373833400638319	0.00057726620718609
canarito113	0.000356617686174741	0.000444222825225011	0.000953363887625512
canarito109	0.000356529584053024	0.000995968273057213	0.00102333554910261
canarito92	0.000356222322071634	0.000162301198169423	0.000900885141517685
canarito101	0.000355320498656464	0.000444184749034464	0.000962110345310149
canarito21	0.000352156845379171	0.000347689491480764	0.000927124514571599
canarito94	0.000349781493799045	0.000291322508801691	0.0009970961760487
mplazo_fijo_dolares_delta3	0.000344517029300083	0.00314922140966921	0.000393590595808698
canarito106	0.000343219742096502	0.000290070070796817	0.000944617429940874
canarito67	0.000342335749694786	0.000304069833747147	0.000909631599202323
canarito23	0.000339682859540999	0.00112472388414085	0.000918378056886961
canarito64	0.000336164557357443	0.000355530870663434	0.00088339222614841
mcaja_ahorro_delta1_tend6	0.000335866405956608	0.000441658240931061	0.000848406395409859
canarito93	0.000333396529583748	0.000351361759405551	0.000927124514571599
canarito54	0.000328578305254656	0.000392088136193002	0.000962110345310149
canarito5	0.000326461286030655	0.000228902986753255	0.000892138683833048
mtarjeta_master_consumo_tend6	0.00031782821128498	0.00159374047015803	0.000551026834132177
mcuenta_debitos_automaticos_tend6_tend6_avg3	0.000316581352658018	0.000715759611362237	0.000752195360878844
canarito72	0.000315218616739943	0.001192120270015	0.000874645768463772
canarito13	0.000310988011575685	0.000561188204123627	0.00080467410698667
ccomisiones_mantenimiento_delta1_avg6_avg3	0.000302758764496675	0.00170196907721793	0.000481055172655075
canarito84	0.000293204344265877	0.0011137354290631	0.00080467410698667
thomebanking_tend6_avg3	0.000287620139388535	0.000292832215860454	0.00069097015708638
thomebanking_max6	0.000267231254156028	0.000327568726132326	0.00030612601896232
mdescubierto_preacordado_tend6_avg3	0.000240108549292678	0.00103640616016738	0.000288633103593045
ccajas_transacciones_avg6_delta3	0.000236380728599561	0.000646535012485042	0.000542280376447539
mv_status06_tend6_avg6_avg3	0.000222004875907217	0.000555322201030824	0.000314872476646958
thomebanking_max6_avg6_avg3	0.000216241948795034	0.000362064735696997	0.000507294545708988
thomebanking_max6_avg6	0.000208469830474155	0.000412122697416613	0.000411083511177973
mdescubierto_preacordado_delta1_avg6	0.000205220992354631	0.000421881458296736	0.000218661442115943
mv_fechaalta_delta3	0.000178066071325964	0.00158376070987997	0.000393590595808698
mdescubierto_preacordado_delta1_avg3	0.000148180300142124	0.00030966948879172	0.000148689780638841
mv_Finiciomora_lag1_tend6_avg3	0.000144614347680121	0.00340416207208197	0.000279886645908407
ccaja_seguridad_avg6_lag3_lag5	0.000123254704379116	0.00063946993363981	0.000122450407584928
