Feature	Gain	Cover	Frequency
mdescubierto_preacordado_delta1	0.101246674720578	0.00311705492753116	0.000296995773521685
ctrx_quarter	0.0405361552074759	0.0065363411529329	0.00293949663024026
mcuenta_corriente_delta1_avg3	0.0364762811872413	0.00472342074054905	0.00137074972394624
mv_status01_max6	0.0339503911842509	0.00122662825052468	0.000479762403381183
mcaja_ahorro	0.0249302083820972	0.00503142340382267	0.0038609450557819
mtarjeta_visa_consumo	0.022713759533445	0.00554233133542487	0.00441686022160454
ctrx_quarter_min6	0.0221948202755739	0.00492001875255616	0.00213227734836081
ctarjeta_visa_transacciones	0.0164238702170437	0.00758486688011427	0.00296995773521685
mpasivos_margen_max6_lag3	0.015830019043299	0.00159653522876758	0.00154590107756159
mv_Finiciomora	0.0133992619807159	0.00568776181173101	0.000738681795682138
mpayroll	0.0123662728627889	0.00546087991951725	0.00178958991737425
mcaja_ahorro_avg6	0.0109440818307671	0.00218803317732857	0.00205612458591935
mautoservicio	0.0105597653585878	0.00501621668694142	0.00167536077371207
mprestamos_personales_tend6	0.00994812259557956	0.000807872178669628	0.000411224917183871
mcuentas_saldo	0.00977967347063154	0.00586065348709656	0.00324410768000609
cproductos_delta3	0.00770235029106563	0.00313358203310193	0.00070060541446141
foto_mes	0.00706209011397403	0.00875679996114753	0.00252827171305639
cpayroll_trx_min6_avg3	0.00644902482630141	0.00276703513775337	0.000791988729391159
cpayroll_trx	0.00605008220135203	0.00603624025413074	0.000586376270799223
mcuentas_saldo_avg3	0.005243816132927	0.00280174612358103	0.00264250085671858
mprestamos_personales	0.00472153117972495	0.00604524139345795	0.00159159273502646
mprestamos_personales_min6_avg3	0.00466219787214727	0.000883516649159751	0.000685374861973118
mv_status01	0.00456442805892855	0.00033425399075848	0.000281765221033393
mv_msaldototal_avg3	0.00450335727989272	0.00278891155874672	0.00236835091192933
mprestamos_personales_delta1	0.00447423890900514	0.00867186563197718	0.00107375395042455
mcuentas_saldo_delta5	0.00407043835442425	0.00285720395936969	0.0033126451662034
cpayroll_trx_min6	0.00352023390277562	0.00240907224194464	0.00070060541446141
mprestamos_personales_min6	0.00349473024946408	0.00252297814556534	0.00080721928187945
mcaja_ahorro_avg3	0.00340984533236443	0.00272950358593856	0.0031451090888322
ctarjeta_visa_transacciones_delta5_avg6_avg3	0.00316027410842726	0.000905399113467661	0.00122605947530747
mpayroll_delta1_avg3	0.00310288000560461	0.00507959587282861	0.00247496477934737
mactivos_margen_avg3	0.003016015158187	0.00291602293563274	0.00261965502798614
ctarjeta_visa_transacciones_tend6	0.00280052709335646	0.00169632825544205	0.00182766629859498
mprestamos_personales_delta1_avg3	0.0027698714032486	0.00104218289084543	0.000616837375775806
mv_msaldopesos_avg3	0.00273202244836026	0.00269351987806495	0.00219319955831398
Visa_Finiciomora	0.00257283201949731	0.00314651910765943	0.000296995773521685
Visa_mpagominimo_max6_delta5	0.00256397115295343	0.00141692618264635	0.00182766629859498
ctrx_quarter_delta1	0.0024736311322159	0.0039269259324909	0.00276434527662491
mtarjeta_visa_consumo_delta5	0.00237908980824645	0.00114988215933204	0.00183528157483913
mdescubierto_preacordado_delta1_avg6_avg3	0.00237158173739423	0.000807116915432723	0.000342687430986559
mv_msaldopesos	0.0023560303381769	0.00362904770963798	0.00318318547005293
ccaja_ahorro	0.00234637377195115	0.007661621205323	0.000769142900658722
cproductos	0.00230599158799545	0.00320692165896101	0.00121844419906332
ctrx_quarter_delta1_avg6_avg3	0.00230152188240137	0.00127764795164327	0.00181243574610669
mcuentas_saldo_delta3	0.00229663216525111	0.00165942800337427	0.00249019533183566
mpagomiscuentas	0.00228545289895398	0.010055575491569	0.000944294254274074
ccaja_ahorro_delta3	0.00228431972686471	0.00428679587174988	0.000258919392300956
mv_Finiciomora_avg3	0.00227888222723864	0.00286164012996254	0.000388379088451434
mv_Finiciomora_lag1	0.00221616391894787	0.00333434910119841	0.000464531850892891
cpayroll_trx_avg6_avg3	0.00220640444888745	0.00198802152355186	0.00108898450291284
ctrx_quarter_min6_delta5	0.00217086383585446	0.00149078734655179	0.00201043292845448
mv_cconsumos	0.00216240357099214	0.00245802376973857	0.00249019533183566
mcuentas_saldo_delta1	0.00203373897752402	0.00342280962887201	0.00213989262460496
cpayroll_trx_avg3	0.002006143874045	0.00250638509232445	0.000441686022160454
Visa_mfinanciacion_limite_avg3	0.00194867540272879	0.00169175656352024	0.00181243574610669
mcuenta_corriente_delta3	0.00194749528618702	0.0025014813958091	0.00178197464113011
Master_mfinanciacion_limite	0.00193201939371881	0.0033481391896058	0.00325172295625024
mcaja_ahorro_delta1	0.00179776216191692	0.00216038712838511	0.00139359555267867
mprestamos_personales_delta5	0.00176448927871411	0.000590182243440249	0.000616837375775806
mprestamos_personales_delta3	0.0017036259411314	0.00140784474277695	0.000632067928264098
mcuenta_corriente_min6_lag3_lag5_avg6_avg3	0.00167054241684634	0.00149770852809095	0.00197235654723375
mtarjeta_master_consumo	0.00165061804956636	0.00349494701284117	0.000723451243193847
mcomisiones_mantenimiento_avg6_delta3	0.00164424841321546	0.0012002148111268	0.000982370635494803
mcomisiones_mantenimiento_delta5_avg3	0.00162745716497326	0.00114491614113531	0.00102044701671553
Master_mfinanciacion_limite_avg6_avg3	0.00161847499985784	0.00244810669054864	0.00310703270761147
cproductos_avg6_delta3_avg6	0.00161028936647042	0.000834976822170102	0.00107375395042455
ccaja_ahorro_delta3_avg6_avg3	0.00160612139874914	0.00269049406600711	0.00030461104976583
mcuentas_saldo_min6	0.00160504458516205	0.00681500216428091	0.00234550508319689
mv_fechaalta	0.00158748910791522	0.00219385991460124	0.00361725621596923
ctrx_quarter_delta1_avg3	0.00155324931355977	0.00180926745535774	0.00211704679587252
mtransferencias_recibidas	0.00154870061663946	0.00314593660767746	0.00106613867418041
mpasivos_margen_avg6	0.00153278064744737	0.00154938581737489	0.00182766629859498
mv_mpagominimo	0.00150656256790823	0.00467966109983347	0.00252065643681225
mdescubierto_preacordado_tend6_avg6_avg3	0.00150651576326456	0.00356575819143055	0.00075391234817043
mdescubierto_preacordado_delta3_avg6	0.00149257735553305	0.00152370475216003	0.000350302707230705
mactivos_margen	0.00143350982563087	0.00306248175745238	0.00253588698930054
mcuenta_corriente_min6_lag3_lag5_avg6	0.00138365198965505	0.00156038759598658	0.00209420096714008
Master_fechaalta_lag3_lag5_avg6	0.00137826672877858	0.00203103088676504	0.00360964093972509
ctrx_quarter_min6_delta5_avg6_avg3	0.00136640698668006	0.0012374498628211	0.00182766629859498
mcuenta_corriente_delta1	0.00135844368742987	0.00147437400637758	0.00141644138141111
mactivos_margen_min6	0.00135496180038671	0.00381161306969963	0.00226935232075544
Master_Fvencimiento_lag1_avg3	0.00133840799443099	0.0017017259173811	0.00261965502798614
numero_de_cliente	0.00132908664957368	0.00375515174152858	0.00257396337052127
mcuenta_corriente	0.00132626795853694	0.0023524531077222	0.0020637398621635
mv_fechaalta_tend6	0.00132353329372184	0.000728956990799201	0.000913833149297491
mcuentas_saldo_delta3_avg3	0.00131309472934581	0.00146756530603064	0.00138598027643453
mcuentas_saldo_min6_tend6	0.00130777331474723	0.000953608975482435	0.00169059132620036
mcuenta_corriente_avg3	0.00127431165251995	0.00157632079481915	0.00223889121577885
mcuentas_saldo_delta1_avg6	0.00127364866562873	0.0015257276006255	0.00166774549746792
Visa_mpagominimo_delta1_avg3	0.00126414035059133	0.00201541231799666	0.00178197464113011
ccomisiones_mantenimiento_tend6_avg6	0.00125773851729825	0.00109959241507065	0.00055591516582264
Visa_mpagospesos_max6_avg6_avg3	0.00125543944025581	0.00242384633304496	0.00335833682366828
mactivos_margen_lag1	0.00125035307196738	0.00138574577672499	0.0025130411605681
ccaja_seguridad_avg6	0.00124915281559103	0.00476718234534186	0.000258919392300956
mcuenta_debitos_automaticos	0.00124790946737062	0.00254274945347379	0.00117275254159845
mactivos_margen_delta5	0.00123867463944076	0.00127098285555852	0.00192666488976888
Visa_fechaalta	0.00120787416125019	0.0021577185517591	0.00296995773521685
Visa_mpagominimo_delta1_avg6	0.00120685966083303	0.00217672877974038	0.00198758709972204
ctrx_quarter_avg3	0.00119425529566118	0.00148173770962525	0.00175151353615352
Visa_mfinanciacion_limite	0.00118165565155736	0.00222539959557308	0.0023302745307086
mcomisiones_mantenimiento_tend6	0.00117890306859565	0.00133574059703786	0.00100521646422724
mpasivos_margen	0.00116803405056895	0.00242055499285372	0.00276434527662491
mpasivos_margen_delta5	0.00116276254637572	0.00132249334936066	0.00197235654723375
mcaja_ahorro_dolares_delta1	0.00116004367402725	0.00974891625712163	0.00150020942009671
mrentabilidad_max6	0.00115243825620641	0.0015712571770923	0.0016144385637589
mcuentas_saldo_min6_delta3	0.00115070005179905	0.00099530565523216	0.00124129002779576
ctrx_quarter_min6_delta3	0.00114802209967035	0.00112927611860024	0.00137074972394624
Visa_fultimo_cierre_avg6_delta3_delta5_avg6_avg3	0.00114704614035768	0.00140442203603551	0.00211704679587252
ccomisiones_otras_tend6	0.00113801438863567	0.00117216076290924	0.00129459696150478
Visa_fultimo_cierre_avg6_delta3_avg6	0.00113373498683355	0.0013805936999813	0.00173628298366523
Visa_mpagominimo_max6_avg3	0.00113203764544093	0.00161110430042151	0.00245973422685908
mcaja_ahorro_max6	0.00112884123388858	0.00211008915010764	0.00229981342573202
Visa_mpagominimo_max6	0.00112874468438395	0.00189429590915233	0.0024292731218825
mrentabilidad_min6_avg6_avg3	0.00112837763069549	0.00116114478250834	0.00180482046986254
Master_fultimo_cierre_avg6_lag3_avg6_avg3	0.00111477189366586	0.00184899590309731	0.00226935232075544
Visa_mpagospesos_max6_lag3_lag5_avg6_avg3	0.00110993829797996	0.00121213101877256	0.0017134371549328
mcuenta_corriente_min6	0.00110909096730433	0.0013985805681836	0.00237596618817348
mrentabilidad_annual_lag1_lag3_lag5	0.00110784463751945	0.00124277409848827	0.0021475079008491
Visa_cconsumos_max6_lag3_lag5_avg3	0.00110069718686024	0.00204353427796157	0.00165251494497963
Visa_mfinanciacion_limite_lag3_lag5	0.00109792664485647	0.00168700825573047	0.00209420096714008
mrentabilidad_max6_avg6_avg3	0.00108620351066865	0.00111857242647914	0.00125652058028405
mprestamos_personales_delta1_tend6	0.00108392184828409	0.00243378766103455	0.000632067928264098
chomebanking_transacciones_avg6_lag5	0.00108330697782968	0.00105226940946728	0.00193428016601302
mrentabilidad_annual_delta1_avg3	0.00108189098740263	0.000988066746430109	0.00227696759699958
mcuentas_saldo_min6_lag5_avg6_avg3	0.00107910608200061	0.000811275244638756	0.00144690248638769
mcomisiones_otras_min6_lag3_lag5_tend6_avg3	0.00107888986213093	0.00165632173969138	0.0019799718234779
mdescubierto_preacordado_delta1_tend6	0.00106548580119337	0.00445239538160383	0.000472147127137037
mttarjeta_visa_debitos_automaticos_delta1_avg3	0.00105720177634185	0.00218424696521645	0.00204850930967521
mcuentas_saldo_tend6	0.00105583878897282	0.00159776557207018	0.0017972051936184
Master_fultimo_cierre_avg6_lag3_lag5_avg6_avg3	0.00105154271465728	0.00122479621971638	0.00215512317709325
ccomisiones_otras_tend6_lag3_lag5_tend6_avg3	0.00105153962667033	0.00124695093534513	0.00236835091192933
ctrx_quarter_delta1_avg6	0.00105116704521933	0.00123463382931987	0.00127936640901649
Visa_fultimo_cierre_tend6_delta3_lag5_tend6_avg3	0.00105095832347616	0.000987838611305539	0.00210181624338423
Master_fechaalta_lag3	0.00105067298159001	0.00165825907525586	0.00264250085671858
Visa_fultimo_cierre_avg6_lag3_lag5_avg6_avg3	0.00104728837399441	0.0020360697269022	0.00159159273502646
Visa_mpagominimo_delta1	0.00104632259897688	0.00220833954519971	0.0017134371549328
mv_fultimo_cierre	0.00104567408698644	0.00093193190832807	0.00108898450291284
Visa_mpagospesos_tend6_lag3_lag5_avg6	0.0010448404455056	0.00147895113728249	0.00228458287324373
Visa_mpagospesos_max6_delta3	0.00104435932318179	0.00244455881165441	0.00142405665765526
mactivos_margen_delta1	0.00104397802693142	0.00175144335975384	0.00216273845333739
Visa_mpagospesos_max6_lag3_lag5_tend6_avg3	0.00104290110079231	0.00140148438082879	0.00221604538704642
mactivos_margen_max6_lag3_lag5_avg6_avg3	0.00103526197022972	0.00139172034858005	0.00172866770742109
Master_fultimo_cierre_avg6_tend6_avg3	0.00103263074155189	0.00102556536218058	0.0020637398621635
cproductos_delta1_avg6	0.00103017208980441	0.00177548910404927	0.000685374861973118
ctarjeta_visa_transacciones_delta5	0.00102290300941621	0.00141838088400193	0.00187335795605986
mcuenta_corriente_delta1_avg6	0.00101271430904811	0.00142252002568424	0.00151543997258501
mactivos_margen_max6_lag3_avg3	0.00101223937943375	0.00130897158411965	0.00177435936488596
mcomisiones_otras_min6_lag3_lag5_avg6_avg3	0.00101110440776222	0.00117782085578297	0.00153828580131744
Visa_mpagospesos_max6_lag5_avg6_avg3	0.00100670410201841	0.000664410840870829	0.00129459696150478
cliente_antiguedad_lag3	0.00100629046835811	0.00324291692467371	0.00226935232075544
cproductos_delta1_avg3	0.00100136754475865	0.00242315867938967	0.000632067928264098
mcuentas_saldo_min6_delta5_avg3	0.00100094218410646	0.000849578376639782	0.00178197464113011
mvr_msaldopesos2_avg6_avg3	0.00100079489219083	0.00121633270876055	0.00157636218253817
Visa_mpagominimo_max6_tend6	0.000994486745127833	0.00167530469721572	0.00183528157483913
mcuentas_saldo_min6_lag3_lag5_tend6	0.000982127108401971	0.00115829112937398	0.00205612458591935
mpayroll_lag3	0.000981587658352294	0.00154284491140431	0.000982370635494803
Master_mfinanciacion_limite_lag5_avg6_avg3	0.000977536561688459	0.00147273573934229	0.00193428016601302
mactivos_margen_max6_lag3_avg6_avg3	0.000970353537506527	0.000660170700293965	0.00118036781784259
Master_fultimo_cierre_avg6	0.000969972951558448	0.000792389357854505	0.00188858850854815
mrentabilidad_annual_lag1	0.000967759475083283	0.0009737972720954	0.00178197464113011
Visa_fultimo_cierre_avg6_tend6_avg3	0.000967739203774021	0.000987378715067664	0.00163728439249134
mcuentas_saldo_lag1_delta3	0.000965575854499242	0.00130824374242256	0.00160682328751475
chomebanking_transacciones_max6	0.000965082169723927	0.00122264268457358	0.00159159273502646
cliente_antiguedad_lag3_lag5	0.000963805522518452	0.00148820231874954	0.00210943151962837
mcuentas_saldo_delta1_avg3	0.000961838673131936	0.00138638515940524	0.00198758709972204
Visa_fechaalta_lag5	0.000961670574310676	0.00172729215961936	0.00268819251418345
mcaja_ahorro_max6_lag5_avg6_avg3	0.0009548654891529	0.00162746574363195	0.0020637398621635
mpayroll_delta1	0.000941448501382419	0.00219716039530575	0.000906217873053345
ctarjeta_visa_transacciones_delta5_avg6	0.000940404854941989	0.00107357194220191	0.00139359555267867
Visa_mpagominimo_max6_delta5_avg6_avg3	0.000939224427723551	0.00116106667266768	0.001880973232304
Visa_cconsumos_tend6	0.000937217836895927	0.000903223066978135	0.00191143433728058
mv_msaldototal	0.000936247643967141	0.00257319461463772	0.00288618969653124
mrentabilidad_annual_delta1_lag5	0.000929966686261454	0.000900012480577684	0.00209420096714008
internet_avg6_avg6_avg3	0.000927915810528156	0.00130729524420266	0.00131744279023722
Visa_mpagospesos_max6	0.000926951332240576	0.00257915407820638	0.0036781784259224
Visa_mpagominimo_max6_lag5_tend6	0.000926926724889371	0.00183159939118592	0.00199520237596619
ctrx_quarter_min6_delta3_avg3	0.000925973741616065	0.00102346274196294	0.00156113163004988
Visa_fultimo_cierre_avg6_delta5_avg6_avg3	0.000921999585179386	0.000842425736153049	0.00169059132620036
Visa_mpagominimo_delta1_tend6	0.000921392013144007	0.00230559845899709	0.00183528157483913
ctrx_quarter_min6_delta3_lag5_avg6_avg3	0.000921242744564252	0.000828838023241931	0.00124129002779576
cpayroll_trx_min6_delta3	0.000918866509957001	0.00194821889412609	0.000357917983474851
mpasivos_margen_max6_lag3_delta5_avg6_avg3	0.00091698591320575	0.00181454447762992	0.00157636218253817
ccajas_transacciones_avg6_lag3_avg6	0.000916653033761463	0.00311933809177123	0.0017134371549328
Visa_mconsumospesos_avg6_avg3	0.000915537877175099	0.00108249346085981	0.00184289685108327
Visa_cconsumos_tend6_lag3_lag5_avg6_avg3	0.000914191718498296	0.00118079930336296	0.00197235654723375
mactivos_margen_max6_lag3_lag5_avg6	0.000914008592410846	0.00110536906837392	0.00163728439249134
chomebanking_transacciones_delta1_avg3	0.000912913860646334	0.00153944207205948	0.00183528157483913
mrentabilidad_annual_delta3_lag5_avg3	0.000908949997881838	0.000798038497220602	0.00172866770742109
mcomisiones_otras_min6_lag3_lag5_avg6	0.000908441128237688	0.00158458933333904	0.00183528157483913
mcomisiones_mantenimiento_delta5	0.000908158525137572	0.00165082202127773	0.00104329284544797
chomebanking_transacciones_tend6_lag3_delta5_avg6_avg3	0.000905492101511522	0.00105987990657323	0.00192666488976888
mcomisiones_otras_min6_delta3_avg6_avg3	0.000905035103398539	0.00151824310662809	0.00167536077371207
mrentabilidad_max6_lag3_lag5	0.000904756562777986	0.00137129213237912	0.00190381906103644
mcomisiones_otras_min6_lag5_avg6_avg3	0.000903425358207835	0.001608687805554	0.00162966911624719
cliente_edad	0.000903329976766566	0.00184535125562872	0.00162966911624719
ctrx_quarter_max6_lag3_delta5_avg6_avg3	0.00090042047768386	0.00104417801560537	0.0016982066024445
Visa_fultimo_cierre_tend6_delta3_lag5_tend6	0.000899803557833408	0.000775275824147297	0.00159159273502646
mrentabilidad_max6_avg3	0.000894160474768528	0.00066968181982845	0.00113467616037772
Visa_mconsumospesos_avg6	0.000892462924225429	0.00124533329112078	0.00185051212732742
Visa_fultimo_cierre_avg6_delta5	0.000890064034531261	0.00070916354925118	0.00172105243117694
mcomisiones_mantenimiento	0.000886584235619474	0.00287094177310615	0.000959524806762365
chomebanking_transacciones_tend6_lag3_lag5_tend6_avg3	0.000881774774736652	0.00124212512204615	0.00191143433728058
cproductos_tend6	0.000881440187152025	0.00213516188017079	0.00100521646422724
tcallcenter_tend6	0.000880160422450435	0.00172709242807322	0.000799604005635304
cliente_edad_min6	0.000876920420059087	0.00238058330170319	0.00167536077371207
Visa_mpagospesos_max6_avg3	0.000876815655821352	0.00210202336479117	0.00220081483455812
Visa_mconsumospesos_avg6_tend6_avg3	0.000875369098428294	0.00171282620202008	0.00169059132620036
mactivos_margen_max6_lag3	0.000871752894647093	0.00120792094368563	0.00166013022122377
ccomisiones_otras_tend6_delta3_delta5_tend6_avg3	0.000870524903715285	0.000974434237449829	0.00174389825990938
mvr_mpagominimo_min6	0.000868882040583725	0.00218781289851292	0.00172866770742109
mrentabilidad_annual_delta1_delta5_avg3	0.0008683113696191	0.00107126377374785	0.00170582187868865
Master_Fvencimiento_lag1_lag5_avg6_avg3	0.000868082031674186	0.00112730018136402	0.0016982066024445
Master_fechaalta_lag3_lag5_avg6_avg3	0.000867349789595235	0.0010041490640494	0.00188858850854815
mcomisiones_otras_min6_lag5	0.000862337273586968	0.00117694366867486	0.00147736359136428
mrentabilidad_annual_delta1	0.000861528465747436	0.00103700301485477	0.00191143433728058
mcaja_ahorro_max6_lag5	0.000861030934730399	0.00130224023819906	0.0020637398621635
ctrx_quarter_delta3	0.000860921936139637	0.00114891447358842	0.0020637398621635
mv_fechaalta_delta3_avg6_avg3	0.000858731838784807	0.00104959781118399	0.00145451776263184
cproductos_avg6_lag3_avg6_avg3	0.000853620563758264	0.00259007034391706	0.00172105243117694
chomebanking_transacciones_max6_avg6_avg3	0.000851222438479302	0.00114294503855074	0.00142405665765526
ccallcenter_transacciones_tend6	0.000849879749821394	0.00150856466282178	0.000868141491832616
Visa_mpagospesos_tend6_lag3_lag5_tend6_avg3	0.000848669012112813	0.00214448467491536	0.00181243574610669
mvr_msaldopesos2_avg6_lag3_lag5_tend6_avg3	0.000848620806750468	0.000798861143414831	0.00167536077371207
ctrx_quarter_delta1_lag3_avg6_avg3	0.000846283760717538	0.000838431558478702	0.00154590107756159
cliente_edad_avg6_lag3	0.000843036869429902	0.00213121355614566	0.00155351635380573
mcuenta_corriente_min6_lag3_delta5_avg6_avg3	0.000842542477067083	0.00160585288669477	0.00160682328751475
mttarjeta_visa_debitos_automaticos_tend6_delta3_delta5_tend6_avg3	0.000841445331496547	0.00156682856064266	0.00160682328751475
Visa_fultimo_cierre_avg6_delta5_avg6	0.000840656241226707	0.00116075755712803	0.00156874690629403
Visa_mpagospesos_max6_lag5_tend6_avg3	0.000840250311282688	0.000746020213912713	0.00158397745878232
chomebanking_transacciones_avg6_lag3_lag5	0.00083823377472449	0.00109467315702031	0.00173628298366523
mv_cconsumos_delta5_avg6_avg3	0.000833010658681384	0.00140636964523474	0.00156874690629403
canarito30	0.000832330965038583	0.000869092617055217	0.00187335795605986
Visa_mpagominimo_delta1_avg6_avg3	0.000832079248812373	0.00247042585987481	0.00201043292845448
mrentabilidad_max6_lag3	0.000830934447623262	0.00147598772244747	0.00150020942009671
internet_avg6_tend6	0.000830417673182925	0.0012070886281881	0.00050260823211362
mpasivos_margen_delta5_avg3	0.000828241407791112	0.000948853944505217	0.00156113163004988
Master_Fvencimiento_lag1_lag5	0.000827900605656285	0.000987915361400428	0.00181243574610669
mpayroll_avg3	0.000827749891566322	0.00172473817934566	0.00125652058028405
mdescubierto_preacordado_tend6_avg6	0.00082739404890294	0.00153633580837659	0.000601606823287515
mvr_mpagominimo_min6_avg6_avg3	0.000825994491636971	0.00134023138408602	0.00177435936488596
mcuenta_corriente_delta5	0.000823567764854753	0.00100558110297539	0.00149259414385257
mpasivos_margen_avg3	0.000823516663521105	0.00121733552127004	0.00147736359136428
ctrx_quarter_tend6_lag3_lag5_avg6	0.000822298977751397	0.0010876419871562	0.00158397745878232
mtarjeta_visa_consumo_delta3	0.000821684577300141	0.00162788175029785	0.00141644138141111
cliente_edad_lag3	0.000820518320059869	0.00178336354291854	0.00167536077371207
mcuentas_saldo_lag1_lag3	0.000817160826384426	0.00170582192490575	0.00180482046986254
mttarjeta_visa_debitos_automaticos_delta1_avg6_avg3	0.000815860769973197	0.00126245845820851	0.00139359555267867
Visa_mconsumospesos_avg6_lag5_tend6_avg3	0.000814482540450476	0.000840438996492056	0.00166774549746792
Visa_mpagospesos_tend6_lag3_lag5_tend6	0.000814076562100414	0.00154418834023059	0.00177435936488596
mrentabilidad_annual_tend6_delta3_delta5_avg6_avg3	0.000813203439711449	0.00128370524136634	0.00174389825990938
mvr_msaldopesos2_avg6_lag3_lag5_avg6_avg3	0.000812743796080615	0.00196428383721603	0.00212466207211667
mcuentas_saldo_min6_delta5	0.000812095700778036	0.00113112590164506	0.00154590107756159
mvr_msaldopesos2_tend6	0.000810365641991703	0.00239006609320068	0.00120321364657503
mcomisiones_mantenimiento_avg6_delta3_delta5_tend6_avg3	0.000810320044319115	0.00106482960782065	0.00147736359136428
mrentabilidad_annual_lag1_avg3	0.00081020023284968	0.000773876645744221	0.00137074972394624
mv_fultimo_cierre_avg3	0.000808456612493002	0.0014608506547665	0.00144690248638769
mcuenta_corriente_min6_lag3_delta5_avg3	0.000807483971608402	0.000991618100230208	0.00140882610516696
ccaja_seguridad	0.000806262307707231	0.00226217059625075	0.000114229143662186
Master_Fvencimiento_lag1	0.000806219180597217	0.00129900479866749	0.00175912881239767
ctrx_quarter_min6_delta5_avg6	0.000805664487551996	0.000711750390047797	0.0012641358565282
ctrx_quarter_delta1_lag3	0.000804040761480165	0.00107345205794936	0.00149259414385257
ctrx_quarter_tend6_lag3_lag5_tend6_avg3	0.000803189768870023	0.000944364517202829	0.00164489966873548
ctrx_quarter_lag1_lag3_lag5_tend6_avg3	0.000802147502030892	0.000897871485312595	0.00166013022122377
ctrx_quarter_min6_delta3_lag5_avg6	0.000801457703917546	0.000897119772522992	0.00137836500019038
cliente_edad_min6_lag5	0.000800292698420332	0.0019321753292614	0.00149259414385257
mpayroll_avg6	0.000799180803645699	0.00113547436863538	0.0011651372653543
canarito76	0.00079814010057845	0.000757965958258381	0.00191904961352473
Master_fultimo_cierre_avg6_avg6_avg3	0.000790185969271189	0.000755113589328365	0.00163728439249134
mcuentas_saldo_delta5_avg3	0.000789774223259086	0.000722513231110139	0.00124129002779576
mactivos_margen_lag5	0.00078875199545515	0.000949282868755982	0.0016982066024445
canarito31	0.000787462814325795	0.000791566107328821	0.00185051212732742
ctrx_quarter_min6_delta3_delta5_tend6_avg3	0.00078380460614188	0.000693812699317721	0.00166774549746792
mactivos_margen_delta1_avg3	0.000783752347831298	0.001588181932761	0.00168297604995621
mttarjeta_visa_debitos_automaticos_delta1_avg6	0.000783437267386702	0.00176250617584256	0.00121844419906332
cliente_edad_min6_lag5_avg6_avg3	0.000781156460068821	0.00144590183633403	0.0016144385637589
ccomisiones_otras_tend6_avg6	0.000778358555674852	0.000986639617697202	0.00160682328751475
mcomisiones_otras_min6	0.000777509621830625	0.00131741031748579	0.00178197464113011
Master_mpagominimo_tend6	0.000773501973969882	0.00240766603818839	0.00112706088413357
Master_fultimo_cierre_avg6_lag3_tend6	0.000773234181960992	0.00136098933863752	0.00153828580131744
mrentabilidad_annual_tend6_delta3_avg6	0.000773141040430856	0.000853323116505741	0.00156113163004988
ccomisiones_otras_tend6_delta3_delta5_avg6_avg3	0.000773004140469015	0.000791173971755429	0.00176674408864182
mcuenta_corriente_min6_delta5	0.000772275412245587	0.00107836867204958	0.00132505806648136
mactivos_margen_lag1_avg3	0.000771408012430896	0.00163306011545987	0.00131744279023722
canarito119	0.000771126078828333	0.000985537619287522	0.00183528157483913
mcomisiones_mantenimiento_avg6_delta3_lag5_avg6	0.000770221759160075	0.00176447183944403	0.00129459696150478
mpasivos_margen_max6_tend6	0.00076866197664042	0.00114701045179544	0.0017134371549328
mcomisiones_mantenimiento_delta3_delta5_tend6	0.000767414822696751	0.00118868303382836	0.00137836500019038
mactivos_margen_min6_lag3_lag5_tend6	0.000762952738079878	0.000997214738301081	0.00157636218253817
ctrx_quarter_tend6_avg6_avg3	0.000761784238649374	0.000931790268143113	0.00153828580131744
ctrx_quarter_delta1_lag3_delta5_avg6	0.000761575996255546	0.00127392844261559	0.00147736359136428
ccomisiones_otras_tend6_avg3	0.000759769548239149	0.00133516353603898	0.0015306705250733
Visa_mpagospesos_tend6_lag5_avg6_avg3	0.000759413011982194	0.000828838023241931	0.0014316719338994
mcomisiones_otras_min6_delta3_delta5_tend6_avg3	0.000759039518244256	0.00105488427613516	0.00150782469634086
ctrx_quarter_tend6_lag3_lag5_tend6	0.000757357868907943	0.00125560654816248	0.00172866770742109
cliente_edad_avg6_lag3_avg6	0.000756939781471758	0.00132357918190389	0.00150782469634086
Visa_cconsumos_max6_avg3	0.00075479724832886	0.00188183814498073	0.00165251494497963
mcuentas_saldo_min6_delta3_delta5_tend6	0.000754241644713126	0.00112416642059989	0.00153828580131744
mcuentas_saldo_min6_avg3	0.000753516333584187	0.000983280819007212	0.00158397745878232
ctrx_quarter_min6_delta5_tend6_avg3	0.000753297616453875	0.000920027636228557	0.00156874690629403
mv_fultimo_cierre_avg6_avg3	0.000751361967396349	0.00106287474664395	0.00156874690629403
canarito49	0.000746715464744537	0.00103590237619087	0.00178197464113011
mvr_msaldopesos2_avg6_lag3_avg6_avg3	0.000746037068582926	0.00146236707347201	0.00191904961352473
ctransferencias_emitidas_max6_avg6_avg3	0.000745457863149792	0.000824570536666691	0.00118036781784259
mactivos_margen_max6_lag3_lag5_tend6	0.000745001258429466	0.000694650680422641	0.00162205384000305
Visa_mconsumospesos_avg6_avg6_avg3	0.000743835755138851	0.00117251542993237	0.00162205384000305
mrentabilidad_annual_delta3	0.000742485286439856	0.00117419713329104	0.00192666488976888
mcuentas_saldo_min6_avg6	0.00074145897247796	0.00101279523418775	0.00145451776263184
mcaja_ahorro_avg6_avg3	0.000741377952950464	0.00146190287137251	0.00207135513840765
Visa_mpagospesos_max6_delta5_avg6	0.000741251177446218	0.000805696509887261	0.0016982066024445
ctransferencias_emitidas_max6	0.000737988852064138	0.00297541678219312	0.00121082892281918
ctransferencias_emitidas_avg6_lag3_lag5_avg6_avg3	0.000736222128415274	0.00116162734117581	0.00153828580131744
Visa_fultimo_cierre_avg6_delta3_delta5_tend6_avg3	0.000735272455035933	0.00101206082038607	0.00169059132620036
Visa_mpagospesos_max6_lag3_lag5_tend6	0.000733942124850722	0.00100794056406175	0.00147736359136428
canarito111	0.000733774971483256	0.00103663119992658	0.00170582187868865
canarito95	0.000732022763668854	0.000826362303891752	0.00178197464113011
canarito64	0.000731866354043932	0.000904430596768285	0.00170582187868865
mrentabilidad_min6_delta3_tend6	0.000731575465838479	0.001318093060948	0.00146974831512013
mcuentas_saldo_min6_lag3_lag5_tend6_avg3	0.000731336609406454	0.00115759584603407	0.00142405665765526
chomebanking_transacciones_max6_lag3_lag5_tend6_avg3	0.000731310327109281	0.000910566147414882	0.00149259414385257
canarito85	0.000731001190257554	0.00107020921535745	0.00159920801127061
Visa_cconsumos_tend6_lag3_tend6_avg3	0.000730860040268552	0.00126632731264721	0.00155351635380573
ctrx_quarter_min6_delta3_avg6_avg3	0.000730213746218334	0.000963351327340201	0.00134028861896965
mtransferencias_recibidas_max6_delta5_avg6_avg3	0.000729533589062537	0.0021928765917812	0.0012489053040399
mttarjeta_visa_debitos_automaticos_delta1_tend6	0.000725183969013813	0.00174385643157467	0.000860526215588471
mrentabilidad_annual_max6_lag3_lag5_tend6	0.000724760558216514	0.000885291721728344	0.00139359555267867
mtransferencias_recibidas_tend6	0.000724218937572217	0.00189212522610448	0.00103567756920382
ctrx_quarter_delta1_delta5_avg3	0.000723955507480424	0.000906430933887034	0.00154590107756159
mprestamos_personales_delta3_avg6	0.000722966516827145	0.000947738197554918	0.000494992955869474
ctarjeta_visa_transacciones_delta3_avg6	0.000720771458671055	0.00104219754588323	0.00124129002779576
mcuentas_saldo_min6_lag3_avg3	0.000719647576199564	0.000842665957906735	0.0012489053040399
canarito103	0.00071809919791646	0.000640420997235059	0.00166774549746792
Visa_mpagominimo_max6_delta5_tend6_avg3	0.000716152963369814	0.00144813061074307	0.00160682328751475
mcomisiones_mantenimiento_avg6_avg6_avg3	0.000715084048872302	0.00111223835294931	0.00146213303887599
cliente_edad_min6_lag5_avg6	0.000714926316715628	0.00112978065982442	0.00152305524882915
mv_mpagominimo_lag1	0.000709422570055559	0.0023196841410278	0.00177435936488596
mactivos_margen_max6_lag3_lag5_tend6_avg3	0.000707296673607672	0.000905384005181266	0.00143928721014355
chomebanking_transacciones_tend6_lag3_lag5_avg6_avg3	0.000706629484363268	0.000961239793233582	0.00140882610516696
mcomisiones_otras_min6_avg6	0.000705497297582356	0.00105966839056369	0.00162205384000305
canarito91	0.00070483346542658	0.000797626947499192	0.00166774549746792
ctrx_quarter_min6_delta3_lag5_tend6_avg3	0.000704662981387813	0.000743280175092046	0.00155351635380573
canarito27	0.000703801570800049	0.000737268361311028	0.00168297604995621
mrentabilidad_min6_delta5	0.000702591528327642	0.000926768424828153	0.00141644138141111
cliente_edad_min6_lag5_avg3	0.000701420521411603	0.00107832191190318	0.00141644138141111
canarito58	0.000700664375072636	0.000527275267044344	0.00158397745878232
mcomisiones_otras_min6_lag3_lag5_avg3	0.000700269254035754	0.00107238745254851	0.00129459696150478
Visa_cconsumos_tend6_lag3_avg6_avg3	0.000699788595686621	0.00114697222783086	0.00146974831512013
mvr_mpagominimo_avg6_delta3_delta5_tend6_avg3	0.000698549592482329	0.001327976750825	0.00150020942009671
Visa_mpagospesos_tend6_lag3_lag5_avg6_avg3	0.000697493238397712	0.00145367663605452	0.00137074972394624
mcuentas_saldo_min6_lag3	0.000696096635246194	0.0010526956142265	0.00146974831512013
mrentabilidad_max6_lag3_avg3	0.000695791059249078	0.000982520267870069	0.00137836500019038
chomebanking_transacciones_max6_lag3_lag5_avg6_avg3	0.000695708264374669	0.00122928285198578	0.0013479038952138
mrentabilidad_lag1	0.000695699168633644	0.000672350018747306	0.00160682328751475
mvr_mpagominimo_avg6_delta5_avg6_avg3	0.000695068132892445	0.00101052997326706	0.00152305524882915
canarito77	0.000695027554470436	0.00090217130362072	0.00172866770742109
mvr_msaldopesos2_tend6_delta3_avg6	0.000693353921482663	0.00106566147006958	0.00162966911624719
Visa_cconsumos_tend6_avg6	0.000693233810200834	0.00108197290485206	0.00167536077371207
mpasivos_margen_lag3_lag5	0.000692311485893522	0.000773609455699318	0.0016144385637589
mvr_msaldopesos2_tend6_delta3_tend6_avg3	0.000691786217791599	0.00101122759839136	0.00149259414385257
mpasivos_margen_max6_lag3_tend6_avg3	0.000691785180353612	0.000833775864484533	0.00141644138141111
canarito52	0.000689975715420919	0.000849679526617199	0.00162205384000305
mrentabilidad_annual_delta3_lag5	0.000688884182110625	0.000801887786428418	0.00143928721014355
mvr_mpagominimo_avg6_lag5_avg6_avg3	0.000686323303483336	0.000972160969137348	0.00155351635380573
Visa_cconsumos_tend6_tend6	0.000685662340237241	0.000546351216071449	0.00154590107756159
mcomisiones_otras_min6_delta3_delta5_avg6	0.000684539885070964	0.000646150210519051	0.00135551917145794
ctarjeta_visa_transacciones_tend6_lag5_avg3	0.000683705372469082	0.000943545421455904	0.00119559837033088
ctrx_quarter_max6_lag3_delta5_tend6_avg3	0.000683080413066889	0.00070644322674426	0.00144690248638769
mcomisiones_otras_min6_delta3_avg6	0.000682841151262915	0.00110157983460453	0.00124129002779576
Visa_cconsumos_max6_lag3_lag5	0.000679029547769026	0.00227107421158928	0.00137074972394624
mactivos_margen_delta1_lag5	0.000678514067050366	0.000725350416212327	0.0015306705250733
canarito3	0.000678072229141085	0.000768578169705361	0.00172105243117694
mrentabilidad_annual_tend6_delta3_delta5_avg3	0.000677137695348814	0.000699303428300962	0.00145451776263184
ctransferencias_recibidas_avg6_lag3_lag5_avg6_avg3	0.000676659056237782	0.000979014163387725	0.000868141491832616
mcuenta_corriente_min6_lag3_delta5_tend6_avg3	0.000675610940042352	0.000846462217029303	0.00139359555267867
mcaja_ahorro_delta5_tend6	0.000674283649691252	0.00131731543744723	0.00144690248638769
cliente_edad_min6_avg6_avg3	0.000674180336105813	0.00100096015803993	0.00147736359136428
canarito115	0.000674107366255987	0.000687610747752417	0.00163728439249134
mv_cconsumos_delta3	0.000674062812989208	0.00196367225378274	0.000974755359250657
canarito65	0.000673500217280569	0.000926870103595594	0.00169059132620036
ccomisiones_mantenimiento_delta1	0.000673234502997967	0.00165043849742759	0.000182766629859498
mactivos_margen_min6_lag3_delta5_avg3	0.000669400334276886	0.00145848817202286	0.00133267334272551
Visa_mpagospesos_max6_delta3_avg3	0.000669206121306441	0.00111466610349018	0.00150020942009671
canarito72	0.000669002531196484	0.000924523409011231	0.0016982066024445
mdescubierto_preacordado_tend6	0.000667187091568335	0.00257134354738855	0.000365533259718996
mrentabilidad_annual_delta1_lag5_avg3	0.000664611533076923	0.000524577304801289	0.00146974831512013
canarito107	0.000662859536501865	0.00104750705097116	0.00155351635380573
mvr_msaldopesos2_avg6_delta5_avg6_avg3	0.00066195439211206	0.00101707730025936	0.0014316719338994
Visa_cconsumos_tend6_tend6_avg3	0.000661412575978292	0.00089090490337282	0.00142405665765526
mcuentas_saldo_lag1_delta3_avg6	0.000660808323991304	0.00108113515037143	0.00140882610516696
chomebanking_transacciones_tend6	0.000659314075780807	0.0011471204401204	0.00104329284544797
canarito114	0.000659121528081964	0.000659859091887061	0.00155351635380573
mcuenta_corriente_delta5_avg3	0.000657806274050491	0.000796244765918311	0.00139359555267867
mrentabilidad_annual_max6_lag3_delta5_tend6	0.000657796923864533	0.00198740336801399	0.00139359555267867
mactivos_margen_delta1_lag5_avg3	0.000657447352238398	0.000540037840893979	0.00147736359136428
mrentabilidad_avg6	0.000657238535677995	0.000574243379000282	0.00102044701671553
mrentabilidad_lag1_delta3_avg6_avg3	0.000656474502586689	0.00096127333362938	0.00141644138141111
ccomisiones_otras_tend6_lag3_lag5_avg6	0.000655553851784073	0.00088253763220133	0.0014316719338994
mcuentas_saldo_min6_delta5_avg6_avg3	0.000653689640820062	0.000714026453393261	0.00130982751399307
mrentabilidad_annual_delta1_tend6_avg3	0.000653200474600548	0.00101076165883893	0.00140882610516696
mcomisiones_mantenimiento_delta3_delta5_tend6_avg3	0.0006526001493729	0.00109721406862629	0.00136313444770209
chomebanking_transacciones_delta1_tend6_avg3	0.000651452050546933	0.00123966609735244	0.00141644138141111
mpasivos_margen_max6_lag3_delta5_avg3	0.00065086101562678	0.000834509069623301	0.00134028861896965
mcomisiones_mantenimiento_max6	0.000648415807500098	0.0013626261703856	0.00112706088413357
Visa_mconsumospesos_avg6_lag5_tend6	0.000647005011040336	0.000897979660643185	0.00143928721014355
ccomisiones_otras_tend6_lag3_lag5_avg6_avg3	0.000646881228242175	0.000931708230147986	0.00154590107756159
ccomisiones_otras_tend6_lag3_lag5_avg3	0.000646574577349245	0.000871557231814895	0.00145451776263184
ctransferencias_emitidas_avg6_lag3_lag5_avg6	0.000646168569120109	0.0010519902083347	0.00118798309408674
mprestamos_personales_delta1_avg6	0.000645192058596223	0.000941013423738902	0.000464531850892891
mvr_msaldopesos2_tend6_avg3	0.000644568362935144	0.00245696649185662	0.00127936640901649
canarito66	0.000641822434967834	0.000828688677830912	0.00147736359136428
mcomisiones_mantenimiento_avg6_delta3_delta5	0.000641164896460172	0.000696075391829725	0.00121844419906332
mttarjeta_visa_debitos_automaticos_tend6_delta5_tend6_avg3	0.00064091333484733	0.00121168728840113	0.00112706088413357
mpasivos_margen_lag3	0.00064089091269375	0.000779623535723296	0.00148497886760842
mv_cconsumos_delta3_avg6	0.000639951516466352	0.001839827741664	0.0011651372653543
mcomisiones_mantenimiento_tend6_lag3_lag5_tend6_avg3	0.000639063777185315	0.00116929532531149	0.00128698168526063
mpasivos_margen_lag5_tend6_avg3	0.000638702253282298	0.00125662635749417	0.0012489053040399
canarito57	0.000635239070169375	0.000615359447303832	0.00165251494497963
mactivos_margen_max6_delta3_avg6	0.000635156299626034	0.000827447381020668	0.00136313444770209
mpasivos_margen_max6	0.000633666987756176	0.00127366487855942	0.00134028861896965
canarito87	0.000632281207003144	0.000614977887530917	0.00166013022122377
mcuentas_saldo_delta1_tend6	0.000630486497131535	0.00156540709751715	0.00150020942009671
canarito120	0.000626417963628416	0.000697233441981931	0.00146974831512013
mcaja_ahorro_max6_tend6_avg3	0.000625281369234207	0.000973102895252668	0.00130221223774892
ctarjeta_visa_transacciones_tend6_lag5_avg6	0.000624009613013752	0.000807419761033518	0.00114990671286601
mrentabilidad_annual_delta1_delta5_tend6_avg3	0.00062378656883684	0.00149471980687621	0.00129459696150478
canarito22	0.000623675014463348	0.000674958464393469	0.00146213303887599
Visa_mpagospesos_tend6_lag5_tend6	0.00062281119285067	0.000811257870109401	0.00132505806648136
tcallcenter_tend6_delta5_avg6	0.00062120034246091	0.00113779092218839	0.00141644138141111
canarito44	0.000620432862296231	0.000741369883360214	0.00157636218253817
canarito55	0.000619643229081386	0.000609247616666877	0.00141644138141111
Visa_mpagospesos_max6_delta3_tend6_avg3	0.00061769856484747	0.000770653746090358	0.00137074972394624
mcuentas_saldo_delta1_avg6_avg3	0.000617694190146883	0.000678385628079397	0.00137836500019038
canarito41	0.000617572286597139	0.000669486696309653	0.0015306705250733
canarito29	0.000616767186909177	0.00066533025563942	0.00140121082892282
mrentabilidad_annual_delta3_tend6_avg3	0.000614786347265617	0.000682345585485058	0.0013479038952138
canarito116	0.000614080495365837	0.000583175397917231	0.00154590107756159
canarito71	0.000613831905950554	0.000680161682686606	0.00155351635380573
Visa_cconsumos_max6_lag5_tend6_avg3	0.0006134039710208	0.000904317511244616	0.00140121082892282
mcaja_ahorro_min6_delta3_tend6_avg3	0.000612631461492552	0.000607710348526147	0.00141644138141111
mcuenta_corriente_min6_lag3_tend6	0.000611857653751299	0.000951188099211871	0.00110421505540113
mcuenta_corriente_lag1_delta5	0.000611840516089156	0.00171348824712993	0.00138598027643453
chomebanking_transacciones_delta1_avg6_avg3	0.000611809554722316	0.000750214349757502	0.00128698168526063
mcaja_ahorro_dolares_max6_lag3_delta5_avg6_avg3	0.000611352409304646	0.00152526188769737	0.0012489053040399
canarito12	0.00061100433514181	0.000702213133177849	0.00150020942009671
mactivos_margen_delta1_lag5_avg6_avg3	0.00060968680754853	0.000756289920507109	0.00115752198911016
canarito14	0.000609416347163459	0.000556034645612272	0.00146213303887599
chomebanking_transacciones_delta1_delta5_tend6	0.000607126614153622	0.00053406878356346	0.00127936640901649
canarito97	0.000606923942728562	0.00130910483920566	0.00154590107756159
ctrx_quarter_delta1_delta5_tend6_avg3	0.000606017979889471	0.000985758124727463	0.00130221223774892
mactivos_margen_delta1_lag5_avg6	0.000605472495436941	0.000679229728040307	0.00117275254159845
canarito102	0.000605158185532215	0.00065537336611484	0.00158397745878232
canarito24	0.00060227770267267	0.000683857169538916	0.00145451776263184
Visa_cconsumos_max6_lag3_lag5_tend6	0.000601501650159951	0.001936786680435	0.00132505806648136
mcomisiones_mantenimiento_max6_avg6_avg3	0.000599623595887933	0.00145131226477508	0.00140121082892282
mpasivos_margen_min6_lag3_delta5_avg6_avg3	0.000599103198413529	0.000612307800076261	0.00127936640901649
mrentabilidad_lag1_lag3	0.00059721222491069	0.000770004543023948	0.00118798309408674
ctrx_quarter_max6_lag3_lag5_avg6_avg3	0.000596904435590744	0.000733649020222151	0.00132505806648136
canarito88	0.000596709035708591	0.000609651385620794	0.00150782469634086
chomebanking_transacciones_delta1	0.00059604158434327	0.00168893954798039	0.00122605947530747
mcomisiones_mantenimiento_avg6_delta5_avg6_avg3	0.000595665376110808	0.00132143554268868	0.00108898450291284
ctarjeta_visa_transacciones_tend6_lag5_tend6_avg3	0.000594562129551193	0.000992016128035294	0.00145451776263184
canarito11	0.000593486077501545	0.000567891024443912	0.00151543997258501
mactivos_margen_tend6_tend6	0.000593302716964309	0.00173281355842399	0.0012489053040399
mcuenta_corriente_delta1_tend6	0.000593007040985162	0.00120514071682315	0.00115752198911016
canarito121	0.00059299657682788	0.000510425448476167	0.00140121082892282
mrentabilidad_max6_lag5_tend6_avg3	0.000592741542123551	0.000676737616199389	0.00118036781784259
canarito78	0.000592606231577689	0.000704965032003335	0.00136313444770209
canarito109	0.000591672663053436	0.000545946238454621	0.00137836500019038
canarito20	0.000591354369486827	0.000678322097735104	0.00137836500019038
mvr_mpagominimo_avg6	0.000590979168749286	0.00132213981545901	0.00142405665765526
mprestamos_personales_min6_delta3	0.000590330936136738	0.00105072156552608	0.000494992955869474
canarito8	0.000588459964775001	0.000876495299681793	0.00143928721014355
canarito93	0.000587759144625668	0.00055754011081014	0.00157636218253817
canarito101	0.000585878992786987	0.000491729019603315	0.0013479038952138
Visa_cconsumos_tend6_avg3	0.000585067222395197	0.000720650983729044	0.00146974831512013
ccomisiones_otras_tend6_tend6	0.000583896716268246	0.00109609794396883	0.00124129002779576
canarito61	0.000583336063353907	0.000784456978706906	0.00143928721014355
mrentabilidad_max6_tend6	0.000583122748682021	0.000752805194250014	0.00118036781784259
ctrx_quarter_delta1_delta5_avg6_avg3	0.000583097572619983	0.00117596684241796	0.00118798309408674
canarito19	0.000580686664583985	0.00079349807945163	0.00134028861896965
canarito105	0.000580575132001641	0.000646016879891612	0.00136313444770209
mrentabilidad_lag1_delta3_avg3	0.000580391666944764	0.0007433273129456	0.00127936640901649
canarito69	0.000580329036554713	0.000585558201306079	0.00145451776263184
canarito4	0.000579042121482283	0.000466361677955446	0.00125652058028405
mrentabilidad_lag1_delta3	0.000578482088109605	0.000668977244892401	0.0013479038952138
mrentabilidad_annual_min6_delta5_avg6	0.000578371260416129	0.000587030805981037	0.00113467616037772
mcuenta_corriente_min6_delta3_avg6_avg3	0.000577942798305106	0.00105010371215394	0.00113467616037772
mcomisiones_mantenimiento_tend6_lag3_lag5_avg6_avg3	0.000577730459696927	0.000880556255982008	0.00111183033164528
cliente_edad_avg6_lag3_tend6	0.000577680911441327	0.000704425439554724	0.00122605947530747
canarito118	0.00057763236194227	0.000577344052617206	0.00150782469634086
canarito56	0.000577512177901292	0.000583399302721611	0.00137836500019038
Visa_fultimo_cierre_avg6_delta5_avg3	0.000576546528138632	0.000638390594626384	0.00111944560788943
mcuenta_corriente_min6_delta3_avg6	0.000576448424503823	0.000610650572141552	0.00115752198911016
canarito33	0.000575645303461102	0.000657034295579716	0.00142405665765526
canarito37	0.000575103552928178	0.000669335386821404	0.00140882610516696
mcuenta_corriente_min6_lag3_delta5	0.000574476759388191	0.000853554046663295	0.00111944560788943
chomebanking_transacciones_avg6_delta5_avg3	0.000573648046538585	0.00126898984595867	0.00118798309408674
mcomisiones_mantenimiento_tend6_avg6	0.00057309068179251	0.000964509906282431	0.00103567756920382
canarito35	0.000572914666997509	0.000634354415915858	0.00137836500019038
mactivos_margen_min6_delta5_tend6_avg3	0.000572120233646339	0.000559154960001511	0.00115752198911016
canarito104	0.000571324025940745	0.000632412547865459	0.00133267334272551
mactivos_margen_lag1_tend6	0.000570846039451685	0.000698674017089731	0.00113467616037772
canarito83	0.000568328673473027	0.000495568488424973	0.00141644138141111
canarito73	0.000566303149165003	0.000590457743042669	0.00136313444770209
canarito82	0.000565370392772955	0.000395590687407881	0.00139359555267867
mcuentas_saldo_min6_delta3_delta5	0.000565243576480215	0.000823704454149076	0.00121844419906332
Visa_mpagospesos_max6_delta3_avg6	0.000564319994335733	0.000913694771361637	0.0013479038952138
mcaja_ahorro_min6_delta3_avg6	0.000563052277349129	0.00102062155316485	0.00132505806648136
canarito47	0.00056293318335974	0.000710598760917309	0.00150782469634086
mpasivos_margen_lag5	0.000562896676347333	0.000838301627215702	0.00129459696150478
canarito67	0.000562769877344949	0.000537726650782645	0.00130982751399307
Visa_mpagospesos_max6_tend6_avg3	0.000562311210738902	0.000654135544210466	0.00133267334272551
Master_fechaalta_tend6	0.00056223178610571	0.000937368096397424	0.00110421505540113
canarito17	0.000560595680729153	0.000550948138831539	0.00146213303887599
canarito123	0.000560321201345853	0.000586609813580629	0.0014316719338994
mcomisiones_mantenimiento_delta3	0.000559853692036955	0.00190802208950826	0.000670144309484827
mcuenta_corriente_delta3_tend6_avg3	0.000559405679521197	0.000746551345720942	0.00128698168526063
canarito74	0.00055887787646965	0.000682967064845932	0.00128698168526063
tcallcenter_tend6_delta5_avg6_avg3	0.000557847103726633	0.000829078849327073	0.00100521646422724
mrentabilidad_annual_min6_delta5_avg6_avg3	0.000557660484960257	0.000413517349088889	0.00107375395042455
chomebanking_transacciones_delta1_lag5_avg3	0.000557534419750834	0.000821538303587138	0.00108898450291284
mcuenta_corriente_min6_lag3_lag5_tend6	0.000557242400122252	0.000647763548881782	0.00102806229295968
thomebanking_tend6_avg6_avg3	0.000556539235845691	0.0012450241000397	0.0010813692266687
chomebanking_transacciones_delta1_lag5_tend6_avg3	0.000556243044487093	0.000809511050036367	0.00121082892281918
canarito43	0.000555772795454899	0.000890855801442035	0.00135551917145794
ccallcenter_transacciones_tend6_delta3_lag5_avg6	0.000554947989518006	0.00097117213179277	0.00121082892281918
mcuenta_corriente_min6_delta5_tend6_avg3	0.000554429506761078	0.000860228434344182	0.00120321364657503
canarito108	0.000553342653457032	0.00071698133204647	0.00139359555267867
mcuentas_saldo_avg6_delta3_delta5_avg3	0.000553323209534305	0.000748799534278007	0.00113467616037772
mrentabilidad_annual_avg6_delta3_lag5_tend6	0.000552376423231439	0.000764435024327155	0.00111183033164528
canarito63	0.000551254304609988	0.000506392518047216	0.00130221223774892
canarito79	0.000550818927581587	0.000669533758621775	0.00131744279023722
canarito23	0.000549961851725189	0.000738053463413564	0.00133267334272551
canarito51	0.000549961302337382	0.00125819769482072	0.00135551917145794
mcuenta_debitos_automaticos_delta5_avg3	0.000548818765205094	0.00105178798392129	0.000769142900658722
mcomisiones_mantenimiento_avg6	0.000548796282028752	0.00116380482295254	0.000769142900658722
canarito92	0.000547234946030336	0.000532031204518746	0.00146213303887599
mcaja_ahorro_dolares_delta1_avg6	0.000547033859587498	0.00249157443917106	0.00120321364657503
ccomisiones_mantenimiento_tend6	0.000546755817987877	0.00122152927940767	0.000350302707230705
Visa_mpagominimo_delta1_delta3	0.000546285664085631	0.000956294926637806	0.00111183033164528
mrentabilidad_max6_avg6	0.000541929466631777	0.000943344858954005	0.000982370635494803
mcomisiones_mantenimiento_avg3	0.000541892263402101	0.0018316371619019	0.000959524806762365
chomebanking_transacciones_tend6_lag3_lag5_avg6	0.00054184310650633	0.000568444063267415	0.00109659977915699
canarito99	0.000541800310640997	0.000570581205919473	0.00140882610516696
canarito110	0.000539539214350003	0.000778689390375469	0.00133267334272551
canarito25	0.000539278676198144	0.00147562648331976	0.0013479038952138
mv_status04	0.000538954716603437	0.000768154306730538	0.00075391234817043
mtransferencias_emitidas_max6_delta5	0.000538202427283946	0.00141912881971993	0.00114229143662186
ctarjeta_visa_transacciones_delta3	0.000537294984381346	0.00163909073905745	0.00117275254159845
mactivos_margen_min6_tend6	0.000536870274584828	0.000593172551025055	0.00111944560788943
Visa_cconsumos_max6_lag5_tend6	0.000535641776541153	0.00104637808427027	0.00124129002779576
canarito50	0.000535163292872925	0.000818227549247886	0.00124129002779576
canarito90	0.000534352717184983	0.000709273386493274	0.00131744279023722
ctarjeta_visa_debitos_automaticos_tend6_avg6_avg3	0.000533615458269627	0.000925621479266447	0.000890987320565054
canarito9	0.000532733597412673	0.000905582225898773	0.00133267334272551
canarito81	0.000532323691997269	0.000606690010404435	0.00143928721014355
mcomisiones_mantenimiento_avg6_delta3_delta5_avg6	0.000531690246527174	0.000556043559501246	0.000982370635494803
canarito34	0.000531449104307958	0.000640826050393319	0.00130982751399307
canarito40	0.000531146055958466	0.000692192033436088	0.00127175113277234
ctransferencias_emitidas_avg6_lag3_delta5_tend6_avg3	0.000530563813204464	0.0011410406390506	0.00105852339793626
mes	0.000530417044592243	0.000655467792904811	0.000875756768076762
canarito18	0.000530118102199292	0.000918353562554517	0.00114990671286601
ctrx_quarter_tend6_lag3_lag5	0.000529905049848566	0.000868829959496233	0.0011651372653543
mcuenta_debitos_automaticos_delta5_avg6	0.000529313362491295	0.00164730005309467	0.000784373453147013
Visa_fultimo_cierre_tend6_delta3_avg3	0.000528909251953219	0.00105336491131381	0.0011651372653543
mtransferencias_recibidas_max6_delta5	0.000528730998127516	0.000887937711466199	0.00106613867418041
canarito2	0.000527879359402227	0.000674370903135552	0.00122605947530747
canarito59	0.000524954076233965	0.000528242348456513	0.00115752198911016
ctrx_quarter_delta3_tend6	0.00052483466107146	0.000561906934368429	0.00111183033164528
Visa_mpagospesos_tend6_lag5_avg3	0.000523921272477071	0.000505466304549748	0.00118798309408674
cproductos_delta1	0.000523495345493715	0.00472103959907171	0.000464531850892891
canarito70	0.000522887467718827	0.000726779206856739	0.00130221223774892
Visa_mpagospesos_max6_delta5_tend6_avg3	0.000522241961697819	0.000709243925334803	0.00106613867418041
mcuenta_corriente_delta3_delta5_tend6_avg3	0.000521401729160154	0.000872483898560956	0.00113467616037772
ccallcenter_transacciones_tend6_delta3	0.000521123125407528	0.00109810326682209	0.000769142900658722
chomebanking_transacciones_max6_lag3_lag5_tend6	0.000520776139620212	0.000922899117140863	0.000959524806762365
mcuenta_corriente_min6_lag3_lag5_tend6_avg3	0.000520470329368474	0.00101736692610956	0.00111183033164528
canarito13	0.000520250514930183	0.000807014556792394	0.00123367475155161
canarito96	0.000519148879559819	0.000700119653473473	0.00127936640901649
mcomisiones_mantenimiento_avg6_tend6	0.000518591210233696	0.00100615348040548	0.000852910939344325
thomebanking_tend6_delta5_tend6_avg3	0.000518448079291907	0.00092745766485351	0.00095190953051822
canarito48	0.000516057768319498	0.000768923998380951	0.0012489053040399
Visa_cconsumos_max6_tend6_avg3	0.000515480201464224	0.000674859882824739	0.00114229143662186
ccomisiones_otras_tend6_lag3_lag5	0.00051405203172811	0.000657201619851545	0.00102806229295968
mactivos_margen_max6_delta3	0.000513677036150011	0.000761093751249385	0.00110421505540113
canarito84	0.000512375889037091	0.00106596363579749	0.0012489053040399
ctarjeta_visa_transacciones_tend6_avg3	0.000510406685127861	0.000950444167189763	0.0012489053040399
mv_fultimo_cierre_tend6	0.00050991568103971	0.000796225956101748	0.00108898450291284
Visa_fultimo_cierre_avg6_lag3_delta5_avg3	0.000509222560762842	0.000541889059226005	0.000929063701785782
mcomisiones_mantenimiento_tend6_lag3_lag5_avg6	0.000508789946807353	0.000696729278464917	0.000959524806762365
chomebanking_transacciones_tend6_avg6	0.000508678161049653	0.000732671967340961	0.00109659977915699
canarito80	0.000507864096792488	0.00053811735106883	0.00124129002779576
mcaja_ahorro_min6_delta3_avg3	0.000504681924574237	0.00108874413664874	0.00101283174047139
mcaja_ahorro_delta1_tend6_avg3	0.000503926373977677	0.000876638375153958	0.0011651372653543
chomebanking_transacciones_delta1_lag5	0.000503444647730053	0.000600417654224528	0.000791988729391159
ccomisiones_otras_tend6_delta3_delta5_avg6	0.000501212168843586	0.000787842670146679	0.00102806229295968
chomebanking_transacciones_delta1_avg6	0.000498524653822869	0.000775001759832085	0.000898602596809199
canarito15	0.00049832214851436	0.000503931529276273	0.0012489053040399
cpayroll_trx_min6_delta3_tend6	0.000497340446052164	0.000915205297835447	0.000380763812207288
ctrx_quarter_max6_lag3_delta5_tend6	0.000496256358012567	0.000615868898721085	0.00112706088413357
ccajas_transacciones_avg6_delta3_avg6	0.000495531143562399	0.00134317984171751	0.00105852339793626
mactivos_margen_tend6_delta5_avg6_avg3	0.000495471637073	0.000545258131550743	0.000989985911738948
canarito117	0.000491418178603359	0.000908104554312482	0.00127936640901649
canarito86	0.000491387214480069	0.00102071205180036	0.00125652058028405
mcuenta_corriente_delta3_tend6	0.000490324510874106	0.000887820471163771	0.0010813692266687
canarito7	0.000490032222895276	0.000899262731865313	0.00132505806648136
internet_avg6_delta5_avg6	0.000489641528564477	0.00227135439476048	0.00075391234817043
canarito42	0.000489328328964895	0.000560892790644139	0.00117275254159845
ctransferencias_emitidas_max6_avg6	0.00048873398977248	0.000823230129497693	0.000997601187983094
canarito39	0.000487956933239548	0.000590473153494792	0.00124129002779576
canarito89	0.000485915355369593	0.00052293805572739	0.00111944560788943
canarito6	0.000484493834886282	0.000525798280966332	0.00113467616037772
canarito10	0.000484436222371659	0.000412490438862595	0.00121082892281918
cliente_edad_avg6_tend6	0.000483851750811207	0.00122661359548688	0.0010813692266687
Visa_mpagospesos_max6_delta5	0.000483415588200236	0.000914603685871183	0.00142405665765526
mrentabilidad_lag1_avg3	0.000482433585755609	0.000718961348520017	0.000929063701785782
mv_cconsumos_tend6	0.00047990615354315	0.000543767245849247	0.000997601187983094
ccallcenter_transacciones_tend6_delta3_avg6	0.000479538241279324	0.0022467933068161	0.000982370635494803
ctrx_quarter_delta1_lag3_tend6	0.00047731726440402	0.000896764047919813	0.00102044701671553
canarito60	0.000476437724634902	0.000507234729472327	0.0012489053040399
chomebanking_transacciones_tend6_lag3_delta5_tend6	0.000475741289566206	0.000948527303353349	0.00105090812169211
mcuentas_saldo_min6_delta3_avg6	0.000474736187847374	0.000624120289335922	0.000982370635494803
canarito45	0.000474206808363998	0.00060766615678844	0.00121082892281918
mcuentas_saldo_lag1_lag3_avg3	0.00047385427926538	0.00117165010282907	0.00119559837033088
mactivos_margen_min6_delta3_delta5_avg6_avg3	0.000473812651059717	0.000868919325010261	0.000929063701785782
Visa_fechaalta_tend6	0.000472812457580319	0.00306837512226806	0.000837680386856033
Visa_mpagospesos_max6_delta5_avg3	0.00046963148428755	0.000941108832567489	0.00130982751399307
mvr_msaldopesos2_tend6_delta3	0.000469058836131201	0.00158121044062815	0.00100521646422724
canarito21	0.000468490117599918	0.000460633144544341	0.00119559837033088
canarito75	0.00046797823755823	0.000474273811999275	0.00104329284544797
mrentabilidad_lag1_delta3_tend6_avg3	0.000467417844779928	0.000613833585919331	0.000989985911738948
mcuenta_debitos_automaticos_delta5	0.000467118330751935	0.0016464411470131	0.000533069337090203
canarito100	0.000466900633885019	0.000448808115406972	0.00129459696150478
canarito68	0.000465211418962366	0.000460627478936943	0.00109659977915699
cproductos_delta1_tend6	0.000464684497000492	0.00227241937786849	0.0011651372653543
canarito122	0.000462254242852344	0.000368964372254685	0.00112706088413357
ccajas_transacciones_avg6_delta3_tend6	0.000461228901809456	0.000782648139118219	0.000974755359250657
internet_avg6_delta5_tend6_avg3	0.000460325312444521	0.00100966532603665	0.000799604005635304
internet_avg6_delta5_avg6_avg3	0.00045848585942006	0.00108760534956169	0.000677759585728972
canarito16	0.000458143121508346	0.000557017288559428	0.00107375395042455
canarito98	0.000457412765362745	0.000514830873706197	0.00115752198911016
mprestamos_personales_min6_delta5	0.000455723162307253	0.000994844021541349	0.000418840193428017
canarito5	0.000453011036815819	0.000516139931180925	0.00105090812169211
mplazo_fijo_dolares_delta5	0.000450109452502151	0.00358871787655845	0.000258919392300956
mcomisiones_mantenimiento_tend6_lag3_tend6_avg3	0.000450014000314136	0.000802189498907733	0.000822449834367742
ctransferencias_emitidas_max6_tend6_avg3	0.000450002298632747	0.000996600888624836	0.000875756768076762
ccomisiones_mantenimiento_tend6_avg3	0.000449381753111887	0.00121776074399064	0.000418840193428017
mtarjeta_master_consumo_delta5	0.000448999283966112	0.00118674637813677	0.000662529033240681
mdescubierto_preacordado	0.000448384089204262	0.000956581832996454	0.00025130411605681
canarito62	0.000447643124620387	0.000831148986728968	0.00111944560788943
mv_cconsumos_delta3_avg3	0.000441314262317249	0.000972172224810712	0.0010813692266687
canarito94	0.000438450328963595	0.000422135946604566	0.00102806229295968
mcuentas_saldo_lag1_delta3_delta5_avg6	0.000437971265929631	0.00103289718694396	0.000845295663100179
ctrx_quarter_tend6_lag3_delta5_tend6_avg3	0.000437853715694854	0.000986625642532286	0.00101283174047139
mcuenta_debitos_automaticos_tend6	0.00043772181835698	0.000760554234342205	0.000647298480752389
ccajas_transacciones_tend6_tend6	0.000437227028081359	0.000618267188103487	0.00095190953051822
mtransferencias_recibidas_delta5	0.000436544816726115	0.00187313388348119	0.000837680386856033
ccallcenter_transacciones_tend6_delta3_avg6_avg3	0.00043504187915044	0.000896424489183077	0.000860526215588471
canarito113	0.000432372325701613	0.00046507331883308	0.00114229143662186
ctransferencias_recibidas_avg6_delta3_tend6_avg3	0.000430944792219441	0.000797529196886214	0.000860526215588471
ccajas_transacciones_tend6_avg6_avg3	0.000430432826364451	0.000772329557217334	0.000921448425541636
ccajas_transacciones_tend6_tend6_avg3	0.000428991510687106	0.000608968717700018	0.000929063701785782
ccallcenter_transacciones_delta1_avg6_avg3	0.000428630494556612	0.00104871254114265	0.000761527624414576
mtransferencias_recibidas_max6_lag5	0.000428438898646042	0.00137884854181977	0.000776758176902867
ccajas_transacciones_avg6_lag3_tend6_avg3	0.000428162749165336	0.000678380868969182	0.000875756768076762
tcallcenter_tend6_tend6_avg3	0.000426820758807348	0.000726120938818492	0.000776758176902867
mcomisiones_otras_min6_avg3	0.000425298279750321	0.000686967059210542	0.000944294254274074
chomebanking_transacciones_delta1_lag5_avg6_avg3	0.000425045439555591	0.000499941506380685	0.000890987320565054
cproductos_avg6_delta3	0.00042140162779851	0.00159528607564841	0.00101283174047139
mpasivos_margen_lag3_lag5_tend6	0.000420868402178726	0.000528926149498768	0.000868141491832616
ccajas_transacciones_tend6_avg3	0.000420020247374199	0.000900127454637153	0.000929063701785782
mplazo_fijo_dolares	0.000419668838638197	0.00447012291607015	0.00025130411605681
mprestamos_personales_min6_delta3_tend6	0.000417985551400965	0.000541225427746088	0.000571145718310932
cproductos_avg6_delta3_avg6_avg3	0.000417423495245195	0.00110330610740806	0.000852910939344325
mcaja_ahorro_delta1_tend6	0.000412168560567741	0.000368017535946287	0.000890987320565054
thomebanking_tend6_delta5_tend6	0.000411634151240185	0.00124929000024487	0.000738681795682138
chomebanking_transacciones_delta1_delta5	0.000409768741529871	0.000450120270080411	0.000982370635494803
cpagomiscuentas_tend6	0.000406939380102142	0.0024794239020033	0.000784373453147013
thomebanking_tend6	0.000406341371769585	0.00158449739941633	0.000563530442066786
canarito28	0.000404561403674976	0.000470465692871887	0.000989985911738948
canarito53	0.000403123350506064	0.000658300898769673	0.000974755359250657
mprestamos_personales_tend6_avg6_avg3	0.00039967978719424	0.00102054427427994	0.000609222099531661
canarito26	0.00039935842057396	0.000436125539933801	0.000929063701785782
canarito112	0.000398825107605251	0.000393903922773269	0.000936678978029928
mv_status07_tend6	0.000398309690220178	0.000978344035344658	0.000228458287324373
mprestamos_personales_min6_delta5_tend6	0.000397515581622961	0.000633811801809967	0.000548299889578494
cpagomiscuentas_tend6_avg6	0.0003964394798142	0.00091257486963258	0.000723451243193847
mv_msaldopesos_lag1_delta5_avg6_avg3	0.000396371917743059	0.000666984235292554	0.000830065110611887
canarito32	0.000393891938961323	0.00041857091980528	0.0010813692266687
mcaja_ahorro_min6_delta3_tend6	0.000393006442324759	0.000356809831391033	0.000822449834367742
chomebanking_transacciones_delta1_lag5_tend6	0.000391892895743536	0.000409785828973526	0.000822449834367742
mv_status04_delta3	0.000390628960825829	0.00108244141281318	0.000357917983474851
canarito1	0.000389488003720266	0.000651691023471694	0.000982370635494803
ctransferencias_recibidas_avg6_lag3_delta5_avg6	0.000387175347924904	0.000695101964937271	0.00075391234817043
ctransferencias_recibidas_avg6_lag3_lag5_avg6	0.000384400528206142	0.000687277610037399	0.000578760994555078
mtransferencias_emitidas_max6_delta3	0.000375634578332689	0.00122408960516167	0.000799604005635304
ccomisiones_mantenimiento_delta1_avg6	0.000374580134564164	0.000835619377590498	0.000289380497277539
canarito54	0.000373374319932501	0.000322622045521244	0.000845295663100179
canarito38	0.000372363546023562	0.00108783356022769	0.00102044701671553
ctransferencias_emitidas_avg6_lag3_delta5_tend6	0.000370478254474411	0.000754110172487415	0.000936678978029928
ccajas_transacciones_tend6_avg6	0.000369541594332205	0.000864935269887799	0.000837680386856033
tcallcenter_tend6_avg6	0.000368827388590222	0.000706189860781409	0.000776758176902867
mtransferencias_emitidas_max6_delta5_avg6_avg3	0.000368535081783853	0.00104013972173475	0.000890987320565054
canarito46	0.00036799161922497	0.000339428125600307	0.000974755359250657
thomebanking_tend6_tend6	0.000366097389383599	0.000647176063165298	0.000723451243193847
ccomisiones_mantenimiento_tend6_avg6_avg3	0.000365871100095335	0.00086891199749136	0.000685374861973118
mv_cconsumos_tend6_avg3	0.000359959981280623	0.000824879803289205	0.000746297071926284
thomebanking_tend6_avg3	0.000355324544406325	0.000459852726010588	0.00055591516582264
tcallcenter_tend6_avg6_avg3	0.000347080065079752	0.000428339937788534	0.000662529033240681
mprestamos_personales_delta5_tend6	0.000344760473396205	0.00145109349678807	0.0004493012984046
ccomisiones_mantenimiento_delta1_avg6_avg3	0.000344385240335267	0.000558413898553817	0.000243688839812664
canarito106	0.000341934792102476	0.000302036174351786	0.000929063701785782
mtarjeta_master_consumo_tend6	0.000336411744039476	0.00169800807026492	0.000548299889578494
ccomisiones_mantenimiento_delta1_tend6	0.000320664415655995	0.00130584975890178	0.000441686022160454
chomebanking_transacciones_tend6_lag3_lag5_avg3	0.00031960225701579	0.000758792154899912	0.00070060541446141
mrentabilidad_lag1_lag3_avg3	0.000319312669543973	0.000253546129165809	0.000647298480752389
canarito36	0.000309270755070152	0.000454252537492412	0.000761527624414576
mtransferencias_emitidas_max6_lag5_avg6_avg3	0.000307797900177226	0.000520122097767587	0.000723451243193847
mtransferencias_recibidas_max6_delta5_tend6_avg3	0.000301212093388657	0.000750201507714066	0.000731066519437993
mpayroll_avg6_avg6_avg3	0.000301051834798899	0.000767977388696848	0.00101283174047139
mv_status06_tend6	0.000280231247362985	0.0014578882219701	0.000220843011080227
mplazo_fijo_dolares_delta3	0.000269806077707988	0.00229106345652898	0.000213227734836081
mcuenta_debitos_automaticos_tend6_tend6_avg3	0.000252754918339778	0.000494823347739953	0.000510223508357766
thomebanking_max6_avg6	0.000251220051687264	0.000325998445364884	0.000403609640939725
ccajas_transacciones_tend6	0.000245391501587854	0.00167516826938957	0.000510223508357766
cpayroll_trx_min6_delta3_delta5_tend6	0.000236932550561221	0.001680641019512	0.000464531850892891
ccajas_transacciones_avg6_delta3	0.00023401524005529	0.000677255603798454	0.000517838784601911
mplazo_fijo_dolares_delta3_avg6	0.000224816134201769	0.00172232591479834	0.000281765221033393
thomebanking_max6_avg6_avg3	0.000208358264143396	0.000251959759094294	0.000236073563568518
cpayroll_trx_min6_delta3_delta5_tend6_avg3	0.000191408168249913	0.0013382126903993	0.00050260823211362
mv_fechaalta_delta3	0.000188948294093364	0.00139305607218026	0.00025130411605681
ccaja_seguridad_avg6_lag3_lag5	0.000188555125953258	0.000852125784808907	6.09222099531661e-05
mdescubierto_preacordado_delta1_avg6	0.000162860979307367	0.000378395040164114	0.000175151353615352
thomebanking_max6	0.000157067566255434	0.000285974630626288	0.000129459696150478
mdescubierto_preacordado_tend6_avg3	0.000151051945548211	0.00196696827754276	0.000220843011080227
mv_status06_tend6_avg6_avg3	0.00014679471708223	0.000329738577203493	0.000243688839812664
mv_Finiciomora_lag1_tend6_avg3	0.000131472185488474	0.00202674194642312	0.000121844419906332
mdescubierto_preacordado_delta1_avg3	0.000111947077171378	0.00086989713330577	0.000152305524882915
ccaja_seguridad_lag5_avg6_avg3	3.96589175000807e-05	0.000456996957716133	3.0461104976583e-05
