Feature	Gain	Cover	Frequency
ctrx_quarter	0.170094178237059	0.0215555313684062	0.00374385122204955
Visa_status	0.0489355258896716	0.00280707578390379	0.00109811073579841
mcaja_ahorro	0.0459047948983724	0.014811261861328	0.00396861072937671
mdescubierto_preacordado	0.0322698196713408	0.00912379895671421	0.0021127393688753
mtarjeta_visa_consumo	0.0261576250036462	0.0146758601029409	0.00235676397683051
mcuentas_saldo	0.026052963665606	0.0215918561286669	0.00624831430369505
foto_mes	0.0176812084628794	0.00958179653293579	0.00751338924493649
mcuenta_corriente	0.0172003168398115	0.00410544232263017	0.00414199663502909
Visa_Finiciomora	0.0166895139512664	0.00929915256639448	0.00234392057641181
ctarjeta_visa	0.0156150640948592	0.00320090766267603	0.000526579417166489
mprestamos_personales	0.0136874112622196	0.0169693609548636	0.00594649439385572
cpayroll_trx	0.0130110737009857	0.0209221619047604	0.0018815581613388
ctarjeta_visa_transacciones	0.0109224153747567	0.0164521734499315	0.00317231990341763
mpayroll	0.00864488770042058	0.019334164731876	0.00278059619064744
mprestamos_personales_lag6	0.00532820128010435	0.00228710103870448	0.00249804138143615
cproductos	0.00462329490349526	0.0075032240189155	0.00324295860572045
Visa_mpagominimo	0.00436779540005911	0.0129379177559164	0.00314663310258024
mactivos_margen	0.0041110400287953	0.00697896100264934	0.00518231206894337
ccaja_ahorro	0.00387177156984627	0.0120113820714817	0.0028704999935783
mprestamos_personales_lag2	0.00377058519256753	0.00133977858510016	0.00115590603768254
Visa_delinquency	0.00373415916808274	0.00109472158428788	0.000276133109001939
mrentabilidad	0.00356600761299596	0.000971901044865608	0.00331359730802327
ctrx_quarter_lag6	0.00351528708359401	0.00285990210783811	0.00398145412979541
internet	0.00319725291432642	0.000706628396540567	0.00106600223475167
mautoservicio	0.00313522231143676	0.0105016832831298	0.00143846084689382
Visa_msaldopesos	0.00303249093986952	0.00212182997628028	0.00168248545484903
Visa_mpagospesos	0.00297457621647816	0.00113569768333258	0.00234392057641181
Master_Finiciomora	0.00293260518073801	0.00704493070185624	0.00192651006280423
mcaja_ahorro_lag1	0.0028579107459413	0.00298640520777527	0.00272922258897266
tpaquete3	0.00275367086738471	0.00380348265610074	0.00114948433747319
mcomisiones_mantenimiento	0.00262182325466774	0.0120908501737846	0.00373100782163086
numero_de_cliente	0.00256103152349568	0.00539464835687252	0.00501534786350034
mpayroll_lag3	0.00252398937201885	0.0037785018387911	0.00141919574626578
cprestamos_personales	0.0024498135098718	0.00360903597629432	0.00117517113831058
mpasivos_margen	0.00239107729757013	0.00179384771887824	0.00287692169378765
mrentabilidad_annual	0.00233294922448327	0.000969610427096426	0.00331359730802327
mprestamos_personales_lag3	0.0022547711647134	0.0043115116809825	0.00179165435840793
mttarjeta_visa_debitos_automaticos_lag6	0.00225216963671662	0.00185579151362102	0.00269069238771657
mcuentas_saldo_lag6	0.00224070484274677	0.00315739656779855	0.00346129641283826
mcuentas_saldo_lag1	0.002220796216562	0.00226613808596528	0.00298609059734655
chomebanking_transacciones_lag6	0.00220795346289928	0.00187864644422068	0.00328791050718588
mcuenta_corriente_lag6	0.0021918755204429	0.00540084370229086	0.00340992281116348
chomebanking_transacciones	0.00215439511508626	0.00252964461836273	0.00341634451137283
Visa_status_lag1	0.00209760067099108	0.00031276100341778	0.000173385905652381
Visa_cconsumos_lag6	0.00208531583454651	0.00199810555614797	0.00259436688457636
mrentabilidad_annual_lag6	0.00206956366927855	0.0021029527107826	0.00381448992435237
cliente_edad_lag6	0.00205940591851027	0.00213053781739727	0.0037502729222589
mcomisiones_mantenimiento_lag6	0.00205359887207631	0.00348331569593416	0.00314663310258024
mes	0.00204881018060744	0.00366122541339827	0.00303104249881199
ctarjeta_visa_transacciones_lag6	0.00193126677546531	0.00125936189102365	0.00215769127034074
cliente_edad	0.00191732170478535	0.00280820188958906	0.00346129641283826
ccomisiones_mantenimiento	0.00183014123873785	0.00242848517208859	0.00132929194333492
mtransferencias_recibidas	0.00180193021356069	0.00784716511824666	0.00229896867494638
mrentabilidad_annual_lag2	0.00179607727253974	0.000866482305846476	0.00274206598939135
ctrx_quarter_lag3	0.00176648100736673	0.00105857445362093	0.00264574048625114
Master_Fvencimiento_lag6	0.00176636058073619	0.00104654769811589	0.00317231990341763
mcuenta_corriente_lag1	0.00173094599569796	0.000669036745693638	0.00247877628080811
mpagomiscuentas	0.00169104944833441	0.0116961583155924	0.00152836464982469
mtarjeta_master_consumo	0.00167747439707622	0.00432030182978812	0.00131644854291622
Visa_Fvencimiento_lag6	0.00165511066019251	0.00107802555930062	0.00353193511514109
mcomisiones	0.00164977252545326	0.00103636416054052	0.00242098097892398
mactivos_margen_lag1	0.00163632948259722	0.00227622207924539	0.00283196979232222
mcuentas_saldo_lag3	0.00162879426283966	0.000855215927625255	0.00256868008373897
ccaja_seguridad	0.00161392724252863	0.00968121924649094	0.00105315883433298
mcuenta_debitos_automaticos	0.00160168651610767	0.0110360094699298	0.00203567896636313
mcaja_ahorro_lag6	0.0015893181998456	0.00194941289438961	0.00284481319274091
ctarjeta_master	0.00158409767132168	0.000383963343074829	0.000314663310258024
mrentabilidad_annual_lag1	0.00151500452924179	0.000897038876191661	0.00294756039609047
mpayroll_lag2	0.00150779672310385	0.00314446275033057	0.00129076174207883
mcaja_ahorro_dolares	0.0014865068894103	0.00870747428960413	0.00235034227662116
Visa_Fvencimiento	0.00148250886838141	0.00212664049339122	0.00288976509420634
mdescubierto_preacordado_lag1	0.00146623417624703	0.00013736141017288	0.00044951901465432
Visa_msaldototal	0.00146247291534382	0.0013145932421496	0.00141919574626578
cmobile_app_trx_lag6	0.00145944073534941	0.00295184037445931	0.00231181207536507
mrentabilidad_annual_lag3	0.00145571104645847	0.000626236921123401	0.0026136319852044
mcuentas_saldo_lag2	0.00143027131313754	0.00091322318218988	0.00253014988248289
mcuenta_corriente_lag3	0.00142109079348014	0.0022379855016744	0.00234392057641181
Master_fechaalta_lag6	0.00141909271974966	0.00142845201863258	0.00271637918855396
Visa_fechaalta_lag6	0.00139973728647576	0.00152348882557737	0.00222832997264356
mactivos_margen_lag2	0.00137553419340786	0.00289768214669762	0.00266500558687918
ctrx_quarter_lag2	0.00136860234776779	0.00102594087217848	0.00229254697473703
mpasivos_margen_lag6	0.00135551730433756	0.000748703820905227	0.00269711408792592
mrentabilidad_lag3	0.00134449975290096	0.000490224824907379	0.00247877628080811
mttarjeta_visa_debitos_automaticos_lag3	0.00134407149704866	0.000835277164796633	0.00172101565610511
mprestamos_personales_lag1	0.00133148842401429	0.00102557757309742	0.00113021923684515
tcallcenter	0.00132935302361444	0.00120395539746538	0.000828399327005818
Visa_mconsumospesos_lag6	0.00132701058962111	0.000638509385034161	0.00232465547578377
Visa_Finiciomora_lag1	0.00132278856357739	0.00251630458382004	0.00123938814040405
mdescubierto_preacordado_lag2	0.00131918980850415	0.000208824207680911	0.00039814541297954
mcaja_ahorro_dolares_lag6	0.00131268919522497	0.0038509909663253	0.00249804138143615
mactivos_margen_lag3	0.00129742526467141	0.00273071773227579	0.00256225838352962
Visa_mfinanciacion_limite	0.00129586242027654	0.00421805318036233	0.00254299328290158
ccallcenter_transacciones	0.00129172537666163	0.00258017853145806	0.00172101565610511
mactivos_margen_lag6	0.00128395535246305	0.00117103249553201	0.00259436688457636
ctrx_quarter_lag1	0.00128040690821208	0.000934206147901867	0.0022347516728529
Visa_mpagominimo_lag6	0.00127137074452528	0.000689377445365804	0.00173385905652381
mrentabilidad_lag1	0.00126491767407193	0.000618547196616011	0.00248519798101745
Master_Fvencimiento	0.0012591138893189	0.00138163924597366	0.00251730648206419
mrentabilidad_lag6	0.00125601830043316	0.000641712559657653	0.00249804138143615
Master_mfinanciacion_limite	0.00125479998232366	0.00313580494164554	0.00232465547578377
Visa_mpagospesos_lag6	0.00124815878301993	0.000928294801605963	0.00238887247787724
chomebanking_transacciones_lag3	0.0012398777117515	0.000434933666226932	0.00222190827243421
canarito96	0.00123606598912083	0.00109224784203364	0.00283196979232222
Visa_fechaalta	0.0012324755260504	0.00166250356180232	0.00209347426824726
chomebanking_transacciones_lag1	0.00121189752123399	0.000537462670794564	0.00232465547578377
canarito8	0.00120244985297538	0.000484506146855229	0.00277417449043809
canarito118	0.00120189511639482	0.000407404491822331	0.00280628299148483
cliente_edad_lag3	0.00119776079184623	0.0014770133235667	0.00197146196426966
mttarjeta_visa_debitos_automaticos_lag2	0.0011953699928756	0.000721357539621835	0.00177238925777989
mcaja_ahorro_lag2	0.0011938838101927	0.0012405131989611	0.00222190827243421
canarito11	0.00119096497412487	0.000367603258393701	0.002735644289182
Visa_mpagospesos_lag1	0.00118582324735775	0.00147613026560291	0.00179165435840793
cmobile_app_trx	0.00117669843568633	0.00115411459261529	0.00232465547578377
mtransferencias_emitidas	0.00117478794626913	0.00216102411097387	0.00179165435840793
cliente_edad_lag1	0.00117155867605371	0.00224355228936086	0.002125582769294
mpasivos_margen_lag3	0.00116448592603014	0.000718793160580457	0.00245308947997072
canarito63	0.00116076686562299	0.000622888392162907	0.00287692169378765
mcomisiones_mantenimiento_lag3	0.00116072771176574	0.00160174695280049	0.00170175055547707
canarito145	0.00115805799448407	0.000423452813719359	0.00270353578813527
canarito121	0.00115701111083579	0.000631241957388869	0.00270995748834461
Visa_mfinanciacion_limite_lag6	0.00115332696775928	0.00102049780630931	0.00236318567703985
mpasivos_margen_lag2	0.00115323222676541	0.000854346173082676	0.00220264317180617
Visa_Fvencimiento_lag1	0.0011523878855147	0.000811844576511477	0.00228612527452768
Visa_status_lag3	0.0011511967936702	5.06306231834557e-05	7.06387023028217e-05
canarito142	0.00115020443339774	0.000385193099763647	0.00257510178394832
canarito112	0.00114942680386711	0.000424868702623248	0.00281912639190352
canarito15	0.0011415197856704	0.000315472934752709	0.00269711408792592
canarito102	0.00113847776687267	0.000358018779659684	0.00267784898729788
canarito114	0.00113794987388231	0.00032251212196274	0.0026136319852044
canarito10	0.00113589395507292	0.000531339279532703	0.00263931878604179
canarito100	0.00113422470677979	0.000710931070006904	0.00264574048625114
canarito148	0.0011320070510681	0.000783522055474834	0.00274206598939135
Visa_msaldopesos_lag6	0.00112326243485506	0.00034505511625542	0.001367822144591
canarito24	0.00111653514937677	0.000354160266939005	0.00256868008373897
mcomisiones_otras	0.00111604073077009	0.00128156339227787	0.0018815581613388
canarito62	0.00111599470477841	0.000295380083601854	0.00255583668332028
canarito55	0.00111438882056124	0.000534985400241656	0.00269711408792592
canarito79	0.00111215428842599	0.000797676028031969	0.00260078858478571
canarito136	0.00111121905484505	0.00084208799588948	0.0026264753856231
canarito73	0.00110984903328367	0.00145506418242882	0.00269069238771657
canarito93	0.00110957629251383	0.000458578068114198	0.00253014988248289
canarito75	0.00110689668043202	0.00113823146450516	0.00260721028499506
canarito39	0.00110679607793016	0.000333884696189825	0.00253657158269223
canarito30	0.00110598121704031	0.000528065481094854	0.00263931878604179
canarito13	0.0011059461810966	0.000481473776591931	0.00263931878604179
canarito5	0.0011043800282375	0.000415980513387373	0.00258152348415767
cprestamos_personales_lag3	0.00110354948850478	0.000981463775397988	0.000526579417166489
canarito26	0.00110168534218587	0.00054490443109872	0.00254941498311093
canarito56	0.00110070624824129	0.000481622080817985	0.00265858388666983
Visa_msaldopesos_lag3	0.00109915575168322	0.000601619460735783	0.000956833331192767
canarito82	0.00109667547300516	0.000582456345204892	0.00263931878604179
mpasivos_margen_lag1	0.00109629508263132	0.000487916507803886	0.0022347516728529
cliente_vip_lag2	0.00109594785436492	0.00594919985062592	0.000744917224284302
canarito131	0.00109491243262284	0.000547273770416911	0.0026264753856231
Visa_mpagominimo_lag1	0.00109374369746633	0.0014613144189199	0.00172101565610511
canarito128	0.00109175652263242	0.0005017946368142	0.00251088478185484
canarito49	0.00109121995299652	0.000334458247167028	0.00251730648206419
canarito51	0.00109034013945622	0.000343079500364198	0.00251088478185484
canarito69	0.00108926812495133	0.000611877613151878	0.00258794518436701
canarito66	0.00108844953401094	0.000475976513741549	0.00254299328290158
mcaja_ahorro_lag3	0.00108794487379949	0.000776927376056232	0.00217053467075943
canarito125	0.0010869469883578	0.000737030820722556	0.00265216218646049
canarito36	0.0010838402897376	0.000344622350179237	0.0023824507776679
Master_Fvencimiento_lag3	0.00108379211743947	0.00098412983885021	0.00220264317180617
canarito33	0.00108275357776551	0.000571503060109892	0.00263931878604179
canarito110	0.00108205509223425	0.000342828297067103	0.00245951118018006
Visa_msaldopesos_lag1	0.0010818781806394	0.000864537577028854	0.00105315883433298
canarito16	0.00108063924612665	0.000463005446694175	0.00253014988248289
cliente_edad_lag2	0.00108017801592623	0.00105610591705325	0.00172743735631446
canarito107	0.0010784733992865	0.000847027209140421	0.00254941498311093
canarito59	0.0010755757529185	0.000274829132033547	0.00245308947997072
canarito38	0.00107473942001895	0.00116601201572975	0.00254941498311093
mcomisiones_lag6	0.00107396392480823	0.000468649336382718	0.00200999216552574
canarito45	0.00107354644369341	0.000551902666907797	0.00251088478185484
Visa_cconsumos_lag3	0.0010725228702893	0.00113786359598812	0.00168890715505837
canarito18	0.00107232764522775	0.000255538708545735	0.00245308947997072
canarito103	0.00107105157882619	0.00127146366625614	0.00254299328290158
canarito113	0.00107018291267956	0.000293410078283926	0.00253657158269223
canarito129	0.00107010588099495	0.000343691399899075	0.00247877628080811
canarito44	0.00106697084753362	0.000230606072757272	0.00238887247787724
canarito120	0.0010637745233101	0.000838657853331887	0.00263289708583245
canarito152	0.00106356501199127	0.000357870417592669	0.00247877628080811
canarito138	0.00106032440787518	0.000350203713788075	0.00241455927871463
canarito41	0.00105764499768608	0.000422062606202509	0.0025044630816455
Visa_mconsumospesos	0.00105754604521209	0.00199053272822438	0.00233107717599312
canarito94	0.00105700154066495	0.000353604704500921	0.00242740267913333
canarito7	0.00105343125845697	0.00045020119298063	0.00257510178394832
canarito31	0.00105258615230393	0.00031898850841088	0.00243382437934267
canarito122	0.00105211178977443	0.000443474867532972	0.00253657158269223
canarito22	0.00105155392837419	0.000373797099947033	0.00231823377557442
canarito104	0.00104809702748365	0.000284483366967493	0.00242740267913333
canarito77	0.00104708607510214	0.000517251824081638	0.00256225838352962
canarito86	0.00104630600112221	0.000639398863344713	0.00246593288038941
canarito48	0.0010462408594601	0.000321211799300527	0.00238887247787724
canarito34	0.00104500330375737	0.00157744651872449	0.00251730648206419
cliente_antiguedad_lag6	0.00104421367748823	0.00115131879188575	0.00201641386573509
canarito20	0.00104335659731745	0.000318299969601619	0.00238887247787724
canarito6	0.00104334690619905	0.000412380260561128	0.00245308947997072
ctarjeta_visa_debitos_automaticos_lag6	0.00104322585152744	0.000978506077816373	0.00184944966029206
canarito83	0.00104180091183945	0.000291396634403687	0.00247877628080811
canarito156	0.00104067036016709	0.00045881087798544	0.00239529417808659
canarito115	0.0010394667129576	0.000404125256334072	0.00247235458059876
canarito87	0.0010389124743552	0.000570321137896482	0.0025044630816455
canarito1	0.00103797055639917	0.000549949898196486	0.0023824507776679
canarito108	0.00103533452004537	0.000571822689264796	0.00247235458059876
canarito147	0.001035306476996	0.000381567339073248	0.00254299328290158
canarito85	0.00103303807214822	0.000279631667091755	0.00244024607955202
canarito92	0.00103271836068626	0.000877752385889252	0.00240813757850529
ctarjeta_visa_transacciones_lag3	0.00103269729836579	0.000452204514692554	0.00135497874417231
canarito149	0.00103181978856711	0.000317771129687887	0.00231823377557442
canarito37	0.00103007190525533	0.000362895235467073	0.00239529417808659
canarito61	0.00102916145635254	0.000307962228022088	0.00234392057641181
canarito58	0.00102768552887107	0.000426727421930673	0.00247235458059876
Visa_msaldototal_lag3	0.00102421982010919	0.000554721256976285	0.00084766442763386
canarito97	0.00102299080016542	0.000565700801867942	0.00240813757850529
canarito47	0.00102265877441108	0.000479383172868651	0.00233107717599312
canarito27	0.00102212577112893	0.000289650010880229	0.0025044630816455
canarito140	0.0010208219281549	0.000467745918400373	0.00246593288038941
canarito151	0.00102046242486546	0.000330737800822164	0.00245951118018006
canarito78	0.00101823251506244	0.000987091816662998	0.00238887247787724
canarito84	0.00101681036340811	0.000398184006260918	0.00243382437934267
canarito123	0.00101600365962777	0.00163167033813685	0.00249804138143615
Visa_mfinanciacion_limite_lag2	0.00101306545805064	0.00056338126361786	0.00152194294961534
canarito72	0.00101194823442789	0.000302556238209426	0.00245308947997072
canarito111	0.00101113430911441	0.000466875122720482	0.00231823377557442
canarito143	0.00101094187924266	0.000449738118240464	0.00244666777976137
canarito146	0.00100854849547287	0.000347441402975419	0.0023824507776679
canarito28	0.00100718830090717	0.000716708630158166	0.00247877628080811
canarito67	0.00100625767847698	0.00029390843601079	0.00242740267913333
canarito150	0.00100603848784739	0.000289952172064669	0.00240171587829594
canarito60	0.00100440905204511	0.000384890244487665	0.00247877628080811
canarito134	0.00100034832208523	0.000367913632994717	0.00235676397683051
cplazo_fijo	0.00100010580958274	0.014174175537477	0.0010017852326582
canarito101	0.000997830528664666	0.000299921061830805	0.00245308947997072
canarito130	0.000996946381810895	0.000625122094425678	0.00241455927871463
canarito74	0.000995337086438846	0.000375267127991166	0.00244024607955202
mrentabilidad_lag2	0.000994012705510796	0.000830985654635923	0.00214484786992204
canarito117	0.00099294057507637	0.000260667813674263	0.00238887247787724
canarito95	0.000992343723784023	0.000279790556213818	0.00248519798101745
canarito99	0.000992339971638884	0.000219981671371064	0.00230539037515573
canarito126	0.000990866647383653	0.000484271486073209	0.0023696073772492
canarito65	0.000990480050307323	0.000355397832157666	0.00234392057641181
canarito71	0.000986128150718076	0.000539355516269451	0.00231181207536507
canarito116	0.000985852369571057	0.000279519918353559	0.00233749887620246
Master_fechaalta	0.000984927265243415	0.00147087882684017	0.00178523265819858
canarito109	0.000984530294799823	0.000379968499207188	0.00233107717599312
canarito90	0.00098437081342462	0.000489715535238735	0.00224117337306225
canarito25	0.000983811806594104	0.000320055731997041	0.00235034227662116
canarito54	0.000982602680283057	0.000397793232723001	0.00243382437934267
canarito23	0.000981075433410284	0.000609429783648525	0.00238887247787724
canarito4	0.000979866770191198	0.000334055037822324	0.00235676397683051
canarito32	0.000975736082126571	0.00073932375213021	0.0022475950732716
canarito91	0.000975620504678028	0.000365001629772923	0.00226043847369029
canarito124	0.000974649386703059	0.000365712900080171	0.00222832997264356
canarito137	0.000972680187655314	0.00047797619147288	0.00227970357431834
canarito17	0.000971893630522109	0.00157988538287876	0.00239529417808659
canarito68	0.000970985707156675	0.000343392593490419	0.00238887247787724
canarito70	0.000970438887328635	0.000463923440598894	0.00238887247787724
canarito144	0.000967972072756378	0.000278298201558431	0.00226686017389964
canarito135	0.000965735611682544	0.000318821637236088	0.00237602907745855
canarito88	0.000965364966366533	0.000423942032574259	0.00224117337306225
canarito81	0.000965191990919173	0.000839835495314124	0.00213842616971269
mcomisiones_lag2	0.000964516778151779	0.000519659396275578	0.00195219686364162
canarito46	0.000963081338969496	0.000910097977182894	0.00233749887620246
canarito19	0.000962815163514404	0.000468674844246872	0.00235034227662116
canarito12	0.000961111507050277	0.000616212735397785	0.00224117337306225
canarito3	0.000958156523510686	0.000485443517482151	0.00236318567703985
chomebanking_transacciones_lag2	0.000957193901130825	0.000480625134000409	0.00189440156175749
Master_Fvencimiento_lag1	0.000956376722187078	0.000467502118746388	0.00188797986154814
canarito43	0.000956131122166315	0.000279207172273109	0.00234392057641181
canarito119	0.000955037482599687	0.000444207654678009	0.00230539037515573
canarito40	0.000953784479555326	0.000554929889325495	0.00227328187410899
Master_status	0.000953259899859586	0.0043492382747933	0.00104031543391428
canarito141	0.000951761067708406	0.000420569962342313	0.00227970357431834
canarito57	0.000951371942813702	0.000397268268153709	0.00235676397683051
canarito133	0.000951361758368639	0.000327420621662965	0.00226686017389964
canarito29	0.000948020618392277	0.000372833180318645	0.00222190827243421
canarito155	0.000945211137148082	0.000428428119730463	0.00233749887620246
ccomisiones_otras_lag3	0.000944449697319549	0.000524654426054655	0.0017595458573612
canarito139	0.000944265354516543	0.000267354691585974	0.00220264317180617
canarito9	0.000942947298456808	0.000874433645024084	0.00227328187410899
Visa_mpagominimo_lag2	0.000942814532129574	0.000618679363213723	0.00147056934794056
canarito106	0.000940464294271901	0.000402573672533802	0.0023696073772492
canarito53	0.000938217246935525	0.000327346585231862	0.00231181207536507
Visa_fechaalta_lag2	0.000937542187488513	0.000884662298549661	0.00141277404605643
ccomisiones_otras_lag6	0.000936983505904737	0.000759539168279119	0.00199714876510705
Master_mfinanciacion_limite_lag6	0.000936371865457095	0.000536343795229516	0.00178523265819858
canarito64	0.000934165997256147	0.000288409784977325	0.00226043847369029
mcuenta_corriente_lag2	0.000932284888013793	0.000763402597481551	0.00181091945903597
canarito132	0.000930620111326614	0.000354756896459966	0.00229896867494638
Master_mpagominimo	0.000930439681503081	0.00322415689511228	0.00129718344228818
mcomisiones_lag3	0.000929924693276431	0.000350670432508835	0.00188797986154814
canarito35	0.000929037630294031	0.000747299037466004	0.00229896867494638
canarito127	0.000928037312210679	0.000312353224637094	0.00220906487201551
canarito105	0.000927115517957388	0.00020679526242291	0.00225401677348095
Visa_cconsumos_lag2	0.000926238575014756	0.00249468045104651	0.00173385905652381
canarito76	0.000925921181696152	0.000817584829242379	0.00226043847369029
canarito154	0.000921731595794404	0.000286305299423214	0.00216411297055008
canarito80	0.00092162182913469	0.000532944771109371	0.00232465547578377
canarito153	0.000919734195725414	0.000237361839254487	0.00222832997264356
cproductos_lag6	0.000916335503624787	0.00153678102564465	0.00138708724521904
canarito89	0.000914063090263014	0.000550494644374713	0.00231823377557442
Visa_mpagominimo_lag3	0.000909812634380345	0.000440989210040602	0.00152194294961534
mcaja_ahorro_dolares_lag3	0.000909734956674845	0.00153256413032466	0.00148341274835926
canarito21	0.000907774499304106	0.000747315001571461	0.0022347516728529
canarito14	0.000906922603133402	0.00145139128135455	0.00219622147159682
canarito42	0.000900913316827855	0.000506767397822984	0.00227970357431834
mcomisiones_otras_lag6	0.000896940311083862	0.000623993848624818	0.00170817225568642
ctarjeta_visa_debitos_automaticos_lag3	0.000892012736215972	0.000796836177266641	0.00157973825149947
Visa_Fvencimiento_lag3	0.00088511842249315	0.000516155911378424	0.00195219686364162
cliente_antiguedad_lag3	0.000881671019594568	0.00173298034443456	0.00172101565610511
Visa_fechaalta_lag3	0.000879127346695285	0.000503764468609242	0.0014898344485686
Visa_mfinanciacion_limite_lag1	0.000877643715267123	0.00165916822058112	0.00172743735631446
canarito98	0.000872237743504171	0.000364801152999326	0.00225401677348095
mcaja_ahorro_dolares_lag1	0.000868798679749502	0.0013538548772456	0.0015026778489873
Visa_mlimitecompra	0.000864764460619131	0.000980568802196065	0.00163111185317425
Visa_mconsumospesos_lag3	0.000864320081974674	0.000430328426689422	0.00175312415715185
cmobile_app_trx_lag2	0.00086274629753539	0.000690317303154083	0.00163111185317425
canarito2	0.000860850685830756	0.00024699669746623	0.00208063086782857
mcuenta_debitos_automaticos_lag6	0.000860629538532527	0.00288464010879012	0.00170175055547707
Visa_msaldopesos_lag2	0.000860496722559545	0.000414682388681708	0.000757760624702996
mtarjeta_visa_consumo_lag6	0.000858126633290399	0.000441193735681525	0.00108526733537972
Master_Fvencimiento_lag2	0.00085689925764959	0.000442677067146872	0.00179807605861728
mcomisiones_lag1	0.00085627834865385	0.00105477771504745	0.00173385905652381
canarito52	0.000855661846053703	0.00057740069809785	0.00213200446950335
tmobile_app_lag6	0.000854941430787889	0.00171064598249109	0.000571531318631921
ccaja_seguridad_lag6	0.0008405820544425	0.00350041140196745	0.000417410513607583
ctarjeta_visa_transacciones_lag2	0.000839091173751138	0.000280540753488357	0.00120085793914797
mcomisiones_otras_lag1	0.000834037335970118	0.00123223719846491	0.00181091945903597
cliente_antiguedad_lag2	0.000821850655520732	0.000803520278812186	0.00138708724521904
canarito50	0.000817650529424118	0.000231169501566161	0.00208705256803791
cmobile_app_trx_lag3	0.000803851328418089	0.000549617717552872	0.00165679865401164
thomebanking	0.00080203071784224	0.00263125724857258	0.000950411630983419
Visa_mpagospesos_lag3	0.000801114011428343	0.000639983982514277	0.00182376285945467
Visa_mlimitecompra_lag6	0.000793269314925795	0.000447923242382082	0.00148341274835926
Master_fechaalta_lag3	0.00077103202146894	0.000610751276102757	0.00163111185317425
Visa_Fvencimiento_lag2	0.000770876761950269	0.000675056196747145	0.00166964205443033
Master_fultimo_cierre_lag2	0.000770362299521291	0.000358905365922146	0.00154120805024338
cliente_antiguedad	0.000759115836728157	0.00116011264251293	0.00141919574626578
ccomisiones_otras_lag2	0.000758941561367263	0.000442406544968536	0.00157331655129012
Visa_mfinanciacion_limite_lag3	0.000758698002994348	0.000518489157936452	0.00155405145066208
Visa_cconsumos_lag1	0.000754466426361005	0.00220322360420159	0.00159258165191816
ccomisiones_otras_lag1	0.000752633684153344	0.000505765418841732	0.00164395525359294
Visa_msaldototal_lag1	0.000742656857877046	0.000967321660238022	0.00102105033328624
ccomisiones_otras	0.000737018745279285	0.00104546543587966	0.00163753355338359
mpayroll_lag1	0.000731584962504928	0.00171413442873818	0.00114306263726384
Visa_fechaalta_lag1	0.000729333717911265	0.000416926328794718	0.00129076174207883
ctarjeta_master_transacciones	0.000729240574079261	0.00383753710076979	0.000924724830146029
Visa_mconsumosdolares	0.000723398884618609	0.0054056704148711	0.00142561744647513
cmobile_app_trx_lag1	0.000715127522403655	0.000347793307387007	0.00150909954919665
mpayroll_lag6	0.000714869480084983	0.00131968729565527	0.00105315883433298
Visa_cconsumos	0.000713912497730468	0.00071868303138919	0.00142561744647513
Master_fultimo_cierre	0.000713561686114473	0.00184456683873325	0.00151552124940599
Visa_mconsumospesos_lag2	0.000711439911012559	0.000536203588738114	0.0015026778489873
Visa_mlimitecompra_lag3	0.00070842864851615	0.000779569377668345	0.00120085793914797
mttarjeta_visa_debitos_automaticos	0.000706990552794357	0.000960445468858341	0.00145772594752187
ctarjeta_visa_debitos_automaticos_lag2	0.000706649555740238	0.00042876394435467	0.00129076174207883
mtransferencias_emitidas_lag6	0.000704361041054741	0.000909700725457255	0.00126507494124144
mcomisiones_mantenimiento_lag1	0.000693998774940029	0.00150946840780103	0.00129718344228818
Master_fultimo_cierre_lag1	0.000693118342929998	0.000371030798108013	0.00143203914668448
Visa_fultimo_cierre	0.000690495137542174	0.00319717495404727	0.00154120805024338
mcaja_ahorro_dolares_lag2	0.000687989463856334	0.000421537294587447	0.00118159283851993
Visa_mconsumosdolares_lag6	0.000685187227671106	0.00154162352880747	0.00148341274835926
Master_msaldopesos	0.000679509165721243	0.00185661811880609	0.000950411630983419
mcomisiones_otras_lag2	0.000679303456908913	0.000285415474066891	0.00137424384480035
Visa_fultimo_cierre_lag1	0.000675425848019371	0.00170231913978948	0.00156047315087142
ctransferencias_emitidas_lag6	0.000672779396524323	0.00134461686587276	0.00107884563517037
Visa_fultimo_cierre_lag2	0.000655810338829618	0.00111445992818386	0.0013806655450097
Master_fechaalta_lag2	0.000652957302968036	0.000484222610460488	0.00132929194333492
Master_msaldototal	0.00065100104705882	0.00408006355950335	0.00105958053454233
Master_fechaalta_lag1	0.000649861299294313	0.00024005526148164	0.0011109541362171
Master_fultimo_cierre_lag6	0.000645643494123153	0.000317598879303648	0.00139350894542839
Visa_mpagospesos_lag2	0.000643470289425321	0.000633908078682053	0.00142561744647513
Master_mpagospesos	0.000631873935654101	0.000907782082913405	0.00104673713412363
mplazo_fijo_dolares	0.000629829854716818	0.00713955007057972	0.000892616329099292
Visa_mconsumospesos_lag1	0.000628422083244159	0.000353643978513983	0.00133571364354426
cliente_antiguedad_lag1	0.00061944927486705	0.000494810398517878	0.00120727963935732
Master_mfinanciacion_limite_lag1	0.000617841454376254	0.000385005695047416	0.00116232773789188
mcomisiones_mantenimiento_lag2	0.000617176650667388	0.000520976608498637	0.00114306263726384
Visa_fultimo_cierre_lag6	0.000614951876739381	0.000286789370432514	0.001367822144591
mdescubierto_preacordado_lag6	0.000608546635178703	0.000135193993652331	0.000507314316538447
mtarjeta_visa_consumo_lag1	0.000592461363041955	0.000450689891266874	0.00111737583642645
Visa_mconsumosdolares_lag3	0.000587154601374173	0.00032396115373774	0.00120727963935732
mautoservicio_lag6	0.000585050500516408	0.00074861775355407	0.00120085793914797
Master_status_lag1	0.000584859857712688	0.000224045403824208	0.000160542505233686
cpayroll_trx_lag1	0.000584710526343605	0.0012448737712302	0.000353193511514109
mttarjeta_visa_debitos_automaticos_lag1	0.000581552283092474	0.000322234196141294	0.00118159283851993
mtransferencias_recibidas_lag3	0.000574110219064005	0.00161111169372063	0.0012458098406134
Master_mlimitecompra	0.000573950860506121	0.000933781190355526	0.00129718344228818
Visa_fultimo_cierre_lag3	0.000569781939669405	0.000669762013513641	0.00122012303977601
Visa_msaldototal_lag6	0.000568487515880308	0.000793052742114377	0.00116232773789188
mprestamos_prendarios	0.000567468610786655	0.0052917880392757	0.000635748320725395
cpagomiscuentas_lag6	0.000563425207819039	0.000913877826195526	0.000924724830146029
ctarjeta_debito_transacciones	0.00056008065498821	0.00246526479367282	0.000879772928680598
ctarjeta_visa_transacciones_lag1	0.000559439879374191	0.00106633792535461	0.00113021923684515
Master_mpagospesos_lag6	0.000549392559534684	0.000674362336569399	0.00120085793914797
cprestamos_personales_lag6	0.000549078513234024	0.000899402489254633	0.000796290825959081
Master_mfinanciacion_limite_lag3	0.000547039713173116	0.000283363218901285	0.0011109541362171
Master_mfinanciacion_limite_lag2	0.00054601412620902	0.000226925016107393	0.000969676731611461
cprestamos_personales_lag1	0.000545516627508556	0.00401158171164357	0.000680700222190827
cliente_vip_lag1	0.000540963298570471	0.00343625519043585	0.000539422817585184
Master_fultimo_cierre_lag3	0.000538419524053945	0.00028663753790779	0.00118801453872927
ccuenta_debitos_automaticos_lag6	0.000538414470385138	0.00181131586286456	0.000963255031402114
Master_mlimitecompra_lag6	0.000535703374222176	0.000906312691119852	0.00114306263726384
ccaja_ahorro_lag6	0.00053348612166974	0.00027363286526161	0.000584374719050616
tmobile_app	0.000530498960618653	0.000784408526055373	0.000738495524074954
mtarjeta_visa_consumo_lag2	0.000525541479062624	0.000182732670381835	0.000963255031402114
Master_mconsumospesos_lag6	0.000519807460182418	0.000481490203425082	0.00110453243600776
mtransferencias_recibidas_lag2	0.000512450870388752	0.000661238685064798	0.000976098431820809
mtransferencias_emitidas_lag1	0.000511519070057284	0.00130072529314856	0.00106600223475167
tpaquete4	0.000503550774247809	0.00282714526730608	0.000680700222190827
Visa_mconsumosdolares_lag1	0.00050299572539102	0.000277779541653975	0.00100820693286755
mtransferencias_recibidas_lag1	0.00050006445480759	0.00152134500816923	0.0010017852326582
mtarjeta_visa_consumo_lag3	0.000499079745526361	0.000244644826118503	0.00100820693286755
mcomisiones_otras_lag3	0.000498425455713532	0.000334200045113556	0.00106600223475167
Visa_mpagado	0.000493460139074475	0.00170841424682102	0.000976098431820809
ctarjeta_visa_debitos_automaticos	0.000487657509859774	0.000744192283725832	0.000931146530355377
Master_Finiciomora_lag1	0.000477587997923583	0.002130070346744	0.000584374719050616
ctarjeta_debito_transacciones_lag6	0.000475620280555428	0.00170998908268793	0.000982520132030156
mpagomiscuentas_lag6	0.000471550783424776	0.000422662301294446	0.000969676731611461
ccaja_seguridad_lag3	0.000468811803436646	0.00188136953886124	0.000218337807117813
mtransferencias_emitidas_lag2	0.000467040098216414	0.000401414076931647	0.000943989930774072
Visa_mlimitecompra_lag1	0.000455529439894295	0.000365145075358186	0.00087335122847125
ccajas_consultas	0.000450410303194908	0.0055437652484396	0.00105958053454233
cprestamos_personales_lag2	0.000447459544732113	0.000489387229939561	0.000417410513607583
mextraccion_autoservicio_lag3	0.00044498674395605	0.000238365669146516	0.000744917224284302
mautoservicio_lag2	0.000444845464501155	0.000925972255625868	0.000956833331192767
mautoservicio_lag1	0.000442827531040181	0.000558473168804368	0.000956833331192767
mcheques_emitidos_rechazados	0.000440715146856426	0.00100526689288443	0.000571531318631921
mplazo_fijo_dolares_lag6	0.000439668331638775	0.00121415941074123	0.000770604025121691
Visa_msaldodolares	0.000436030661365671	0.000529021129465705	0.000738495524074954
mtransferencias_emitidas_lag3	0.000434852734410703	0.000353066494351377	0.000751338924493649
ctarjeta_debito_transacciones_lag1	0.000434165301096408	0.000335791597018429	0.000911881429727335
ctarjeta_visa_debitos_automaticos_lag1	0.000432365233304982	0.000321556357909966	0.000860507828052555
ccheques_emitidos_rechazados_lag1	0.000417829431177464	0.000334413478262596	0.000160542505233686
mautoservicio_lag3	0.000416761622875037	0.000685862276594366	0.000931146530355377
ctarjeta_debito_transacciones_lag2	0.00041137000714177	0.000674784344226688	0.000982520132030156
Visa_mconsumosdolares_lag2	0.000410364400399737	0.000264157301058662	0.000982520132030156
ctransferencias_recibidas	0.000410007484369384	0.00323642016231012	0.000821977626796471
mextraccion_autoservicio	0.00040659917687131	0.000816280515553801	0.000764182324912344
cproductos_lag3	0.000404135881422256	0.000981940616287062	0.000719230423446912
Master_mpagominimo_lag6	0.000402698537185022	0.00073631573291183	0.000725652123656259
Master_msaldototal_lag6	0.000400169112078749	0.000278160887115119	0.000777025725331039
Visa_mlimitecompra_lag2	0.000399257156718224	0.000686029957542622	0.000802712526168429
mtransferencias_recibidas_lag6	0.000398776306607589	0.000783849551000543	0.00087335122847125
ccaja_ahorro_lag3	0.000398168881218143	0.000287052373285816	0.000507314316538447
cproductos_lag2	0.000396737928401362	0.000815239436082373	0.000738495524074954
Visa_msaldototal_lag2	0.000395769290835313	0.000373714329530698	0.000751338924493649
mcuenta_debitos_automaticos_lag3	0.000387004531240129	0.00451516901338682	0.00087335122847125
ctarjeta_debito_transacciones_lag3	0.000378115326750168	0.000431691448954226	0.000905459729517987
matm_lag6	0.000372836662339545	0.00043075812719463	0.000706387023028217
cproductos_lag1	0.000364768150817782	0.000262104641006323	0.000610061519888006
ccuenta_debitos_automaticos_lag3	0.000363037305479509	0.000850599062054422	0.000577953018841268
ctransferencias_emitidas_lag2	0.000362207300489638	0.000765823704460553	0.000732073823865607
Master_mlimitecompra_lag2	0.000361302195974003	0.000474233013630028	0.000738495524074954
ctransferencias_emitidas_lag3	0.000354271486417224	0.000939225123839129	0.000687121922400175
ccomisiones_mantenimiento_lag6	0.000354154364493929	0.000224980923540352	0.000430253914026278
Master_msaldopesos_lag6	0.000351993821250912	0.000317078773375147	0.000738495524074954
ccuenta_debitos_automaticos	0.000349378266764863	0.000727929718906298	0.00069996532281887
Master_mpagospesos_lag3	0.000348970273802308	0.000659504150302356	0.00089903802930864
mcuenta_debitos_automaticos_lag1	0.000342447890370584	0.00023722469833406	0.000687121922400175
mcuenta_debitos_automaticos_lag2	0.000339652610493915	0.000878254676801518	0.000725652123656259
mdescubierto_preacordado_lag3	0.000338150494656665	2.42587885834991e-05	0.000179807605861728
Master_status_lag2	0.000337391828728402	3.8024532605036e-05	2.56868008373897e-05
ctransferencias_recibidas_lag3	0.000335853678039203	0.000545731325488605	0.000680700222190827
cpagomiscuentas_lag3	0.000335372870507624	0.000518784609569323	0.000667856821772132
matm_other_lag6	0.000334809742096042	0.000413817261416074	0.00064859172114409
ccajas_transacciones	0.000333477420352938	5.62162091825051e-05	0.000488049215910404
Master_mpagospesos_lag1	0.000331808263926802	0.000276212977044598	0.000744917224284302
Master_mconsumospesos	0.000330744376028347	0.000432845665346934	0.00064859172114409
matm_other_lag2	0.000325989603339682	0.000278474385128072	0.000693543622609522
ccaja_ahorro_lag1	0.000322762021079705	0.000159777674918257	0.00039814541297954
mpagomiscuentas_lag3	0.000321781126917681	0.000347403459304478	0.000738495524074954
Master_mconsumospesos_lag3	0.000321637671011077	0.000183457706837991	0.000680700222190827
cextraccion_autoservicio_lag3	0.000320981588315852	0.000410642255340978	0.000655013421353438
tcuentas_lag6	0.0003209102793995	0.000146449324249848	8.9903802930864e-05
Master_cconsumos_lag6	0.000319902584136876	0.000425590557826505	0.000751338924493649
cextraccion_autoservicio	0.000318829796768443	0.000541424024745323	0.000500892616329099
Master_mpagospesos_lag2	0.000318658033392953	0.000195284043410392	0.000764182324912344
ctarjeta_debito_lag6	0.000317770010592754	0.000760549996927526	0.00067427852198148
cpagomiscuentas_lag2	0.000317454101279488	0.000820898827148678	0.000687121922400175
cextraccion_autoservicio_lag6	0.000309111236708667	0.000287460209907464	0.000680700222190827
Master_mlimitecompra_lag1	0.000305035331787883	0.000252224016547894	0.00069996532281887
mextraccion_autoservicio_lag2	0.00030440561509971	0.00027150911866722	0.000584374719050616
Master_mlimitecompra_lag3	0.000304059991240767	0.000658077907866305	0.000687121922400175
cinversion1	0.00030068567752823	0.010584677486146	0.000533001117375837
ctransferencias_recibidas_lag6	0.000298754765192009	0.000629595283047401	0.000635748320725395
matm_lag1	0.000295761079795097	0.000233722543779027	0.000629326620516048
ctarjeta_master_transacciones_lag6	0.000291828485869003	0.000479203634523226	0.000494470916119752
mextraccion_autoservicio_lag6	0.000289479215611434	0.00171054302557909	0.000629326620516048
Master_mconsumospesos_lag2	0.000288824441327665	0.000203149315236843	0.000687121922400175
internet_lag1	0.000287596889735168	0.000114531582550636	0.000571531318631921
ccallcenter_transacciones_lag1	0.000283240688140578	0.000324251688888859	0.000680700222190827
mtarjeta_master_consumo_lag1	0.00028252633520205	0.00123267968182268	0.000565109618422574
ctransferencias_emitidas	0.000281320999232059	0.00164355630874087	0.000584374719050616
Master_cconsumos_lag2	0.000280547730297695	0.000366450777229847	0.000584374719050616
tmobile_app_lag1	0.000276046116127861	0.000535677062462853	0.000488049215910404
minversion2	0.000272370691560338	0.00732607757078329	0.000513736016747794
Master_msaldopesos_lag1	0.000271981978143907	0.000437053884522653	0.00047520581549171
ctransferencias_recibidas_lag2	0.000269885007220644	0.000243458218787187	0.000584374719050616
ctarjeta_master_transacciones_lag2	0.00026868140241131	0.000286583398767546	0.000577953018841268
Master_mpagominimo_lag1	0.000264470805534425	0.00126657998032853	0.000539422817585184
Visa_msaldodolares_lag1	0.000263250813066159	0.000318187237567072	0.000642170020934743
ccajas_otras_lag1	0.000261014387325786	0.000509731168705588	0.000462362415073015
ccaja_seguridad_lag1	0.000260936481697104	0.000986963814614536	0.000244024607955202
cextraccion_autoservicio_lag1	0.000260824996757792	0.000262071498135212	0.000533001117375837
ctransferencias_emitidas_lag1	0.000260289798775766	0.000549192123755951	0.000494470916119752
matm_lag3	0.000259760018799721	0.000156348862702786	0.000590796419259963
matm_other_lag3	0.000256599351583755	0.000274004551282134	0.000571531318631921
Visa_mpagosdolares_lag6	0.000249618194387451	0.00162653949777947	0.000571531318631921
ccaja_ahorro_lag2	0.000245322119250433	0.00011312801377161	0.000237602907745855
matm_lag2	0.000245203238973135	0.000173846505579623	0.000584374719050616
ctarjeta_debito	0.000244659687713812	0.00200422871604599	0.000590796419259963
cpagomiscuentas	0.000244366107582109	0.00125611093976571	0.000558687918213226
mcheques_depositados	0.000243334636612888	0.00375498254690421	0.000481627515701057
Master_msaldopesos_lag2	0.00024318792913341	0.000413851965993154	0.000481627515701057
matm_other_lag1	0.000242763604061489	0.000220640653448845	0.000526579417166489
mpagomiscuentas_lag1	0.000242685647534733	0.000393284124864001	0.000539422817585184
mcheques_emitidos_rechazados_lag2	0.000242655051531035	0.000900334480672108	0.000385302012560846
Master_mconsumospesos_lag1	0.000242536011850632	0.00025856616232728	0.000571531318631921
Master_msaldopesos_lag3	0.000242254876476763	0.00026026784342342	0.000520157716957142
Master_msaldototal_lag1	0.000241134461750557	0.000211689475405571	0.000462362415073015
ctarjeta_master_transacciones_lag1	0.000239905838436063	0.000129771634847479	0.000430253914026278
mcaja_ahorro_adicional	0.00023894164027332	0.000603419760671791	0.000417410513607583
ctarjeta_master_transacciones_lag3	0.00023567601702591	0.000315763354221904	0.000494470916119752
Visa_status_lag2	0.000233584716183796	1.37788160789036e-05	5.13736016747794e-05
mextraccion_autoservicio_lag1	0.000232065284177946	0.000176356629798834	0.00047520581549171
cpayroll_trx_lag6	0.000231967231946856	0.000185181483181538	0.000366036911932803
mttarjeta_master_debitos_automaticos_lag6	0.000231288928619824	0.000202559742313222	0.000584374719050616
cextraccion_autoservicio_lag2	0.000229705045788107	0.000361994131123199	0.000500892616329099
Visa_mpagosdolares	0.000228715256360339	0.000494360337994116	0.000526579417166489
matm	0.000227287284077482	0.000284334368649898	0.000552266218003879
Master_cconsumos_lag3	0.00022674301613035	0.000114501216045691	0.000494470916119752
mprestamos_prendarios_lag1	0.000226568864660196	0.00217294108433341	0.000256868008373897
Master_mpagominimo_lag3	0.000225917804862359	0.000387037069625813	0.000500892616329099
mforex_sell	0.00022531728237875	0.000958058545887763	0.000545844517794531
ccuenta_debitos_automaticos_lag1	0.000224843477223407	0.000446881873705845	0.000494470916119752
minversion2_lag6	0.000223516370699058	0.002156648037327	0.000462362415073015
mtarjeta_master_consumo_lag3	0.00022207890096095	7.70275607608333e-05	0.000462362415073015
Master_msaldototal_lag2	0.000221867171326969	0.000646868676515342	0.000488049215910404
mpagomiscuentas_lag2	0.000221746589408108	0.000217143878103259	0.00044951901465432
Visa_msaldodolares_lag3	0.000221673874130581	0.000507990387119272	0.000565109618422574
ccajas_otras	0.000219955663053776	0.000435781903931721	0.000417410513607583
catm_trx_other_lag6	0.000217894961614529	0.00113475765202141	0.000494470916119752
ccallcenter_transacciones_lag6	0.000217693032945751	0.000262946805410123	0.000520157716957142
mtarjeta_master_consumo_lag6	0.000217091935108175	0.000106475782596017	0.000455940714863667
internet_lag2	0.000216292422179012	3.45839786743192e-05	0.000295398209629982
Master_cconsumos_lag1	0.000215186402394024	0.000484326030100185	0.000468784115282362
ccallcenter_transacciones_lag2	0.000214110575364026	0.000454920784099618	0.000539422817585184
Master_mpagominimo_lag2	0.000213774148939002	0.000543138720057868	0.000481627515701057
mpagodeservicios_lag6	0.000212690734070747	0.000386050592022324	0.000488049215910404
catm_trx_other_lag3	0.000210555345299624	0.000300346192900031	0.000443097314444972
ccajas_depositos	0.000209536945161373	0.00402953490993554	0.00044951901465432
mcheques_emitidos_rechazados_lag1	0.000206303932014355	0.00154097518946666	0.00039814541297954
Visa_mpagado_lag6	0.0002056558506036	0.000191324482529449	0.00044951901465432
Visa_msaldodolares_lag6	0.00020472838778984	0.00193857095314607	0.000571531318631921
catm_trx_lag2	0.000203882816129643	0.000375204197024729	0.000455940714863667
ccuenta_debitos_automaticos_lag2	0.000203517791070129	0.000612235706546378	0.000488049215910404
Visa_mpagosdolares_lag1	0.000202380758704418	0.000257035748319028	0.000468784115282362
Visa_Finiciomora_lag2	0.00020055503712116	0.00176777683080253	0.000481627515701057
Visa_msaldodolares_lag2	0.000199918994133443	0.000450852944938186	0.000488049215910404
Master_msaldototal_lag3	0.000198057835146799	0.000212011418198946	0.000417410513607583
catm_trx_lag1	0.000196233757240338	0.000571019451828287	0.000443097314444972
ccomisiones_mantenimiento_lag2	0.000195808149697983	0.000424727165789725	0.000366036911932803
catm_trx_lag6	0.000195215529475703	0.000204576945855977	0.00044951901465432
mcheques_depositados_lag6	0.000190717409203665	0.00223016575068488	0.000436675614235625
ctransferencias_recibidas_lag1	0.000189800937779643	0.000362908191842516	0.000417410513607583
Visa_mpagosdolares_lag3	0.000188937224936908	0.000718151068063521	0.000455940714863667
Visa_mpagado_lag1	0.000187452943909786	0.000143350841767213	0.000462362415073015
ccajas_depositos_lag1	0.000183523088818858	0.00147136561637468	0.000353193511514109
catm_trx_other_lag2	0.000183276518424985	0.000205608481568709	0.000385302012560846
ccallcenter_transacciones_lag3	0.000183134053375953	0.000179041549404603	0.000455940714863667
cplazo_fijo_lag6	0.000181497258195306	0.000941276858436079	0.000308241610048677
Visa_mpagado_lag2	0.000181104450301705	0.000201621157026102	0.000430253914026278
mprestamos_prendarios_lag6	0.000179925991376891	0.000953265381065366	0.000327506710676719
Visa_delinquency_lag6	0.000178678968453613	8.71142725661543e-07	1.28434004186949e-05
internet_lag6	0.000176342839559757	6.01763484730664e-05	0.000288976509420634
thomebanking_lag6	0.000175360175146641	0.00025232194129622	0.000359615211723456
mplazo_fijo_dolares_lag3	0.000175338308743956	0.00134660219904557	0.00039814541297954
Master_delinquency	0.000174418805977387	8.94491386711127e-05	0.000115590603768254
ccheques_emitidos	0.000172876129295541	0.00425441582645294	0.000366036911932803
Visa_mpagosdolares_lag2	0.000172694349733821	0.000421362672723774	0.000404567113188888
tmobile_app_lag2	0.000172575775202769	0.000857487862763775	0.000353193511514109
mtarjeta_master_consumo_lag2	0.000171400274627835	9.8050147531653e-05	0.000385302012560846
cpagodeservicios_lag6	0.000171088145815927	0.000829307225606426	0.000340350111095414
catm_trx_lag3	0.000170327542630064	0.00067446170734177	0.000385302012560846
matm_other	0.000168217388121838	0.000220108690123175	0.000385302012560846
active_quarter	0.000167796623320949	0.000147839416084774	0.000147699104814991
internet_lag3	0.000166315328015956	0.000115248810476949	0.000269711408792592
Master_mpagosdolares_lag6	0.000164759739235355	0.000493049719640702	0.00039814541297954
mcheques_depositados_rechazados_lag3	0.000164637305932622	0.00251719036030904	0.000391723712770193
ctarjeta_debito_lag3	0.000163909375731766	0.000167984150578363	0.000353193511514109
Master_cconsumos	0.000163866577966045	0.00118151992952068	0.000391723712770193
mpagodeservicios_lag2	0.000163049660400454	0.000232001138914913	0.000333928410886066
ccomisiones_mantenimiento_lag3	0.000162562032169241	0.000364515476488999	0.000301819909839329
thomebanking_lag1	0.000159777080397224	9.39240625216891e-05	0.000295398209629982
mplazo_fijo_dolares_lag2	0.000158715710835251	0.000854680378159953	0.000353193511514109
mforex_sell_lag6	0.000156055006537893	0.00296079826205415	0.00044951901465432
cpagomiscuentas_lag1	0.000154335684738107	0.00111067585678102	0.000359615211723456
mforex_buy_lag1	0.000153417891753214	0.00129394754708586	0.000366036911932803
catm_trx_other_lag1	0.00015241252867788	0.000241073320250272	0.000327506710676719
cseguro_vida_lag6	0.000151936018768506	0.000220633712533429	0.000404567113188888
ccajas_consultas_lag3	0.000149604209501999	0.000207453723932035	0.000385302012560846
mttarjeta_master_debitos_automaticos_lag3	0.000149382336570782	0.000487840157734311	0.000346771811304761
mforex_buy_lag6	0.000148251791428399	0.000404510477139657	0.000340350111095414
mcheques_emitidos	0.000147647282614843	0.00507237060648699	0.000346771811304761
ccajas_otras_lag2	0.000146339740361693	0.000697647777447737	0.000372458612142151
ccajas_transacciones_lag6	0.000145488307730208	0.000511234802348526	0.000314663310258024
mplazo_fijo_dolares_lag1	0.000145162264869951	0.000668632957939316	0.000333928410886066
mttarjeta_master_debitos_automaticos	0.000144384896896374	0.000442892582570537	0.000366036911932803
mforex_sell_lag1	0.000144300553869015	0.000123972384335543	0.000308241610048677
ccheques_emitidos_rechazados	0.000142607944880904	0.000494194218751828	0.000186229306071075
mcheques_depositados_rechazados_lag2	0.000142379330951605	0.00239093753821359	0.000314663310258024
ccajas_consultas_lag1	0.000141741681499039	0.000356261629081179	0.000346771811304761
ccajas_transacciones_lag1	0.000141331509132866	0.000100469230076991	0.000244024607955202
tcuentas_lag3	0.000141034900655252	0.000226967066486622	0.000122012303977601
Visa_mpagado_lag3	0.000138064776772606	0.000140161028405897	0.000327506710676719
cforex_buy	0.000137576688938053	0.000512861810762983	0.000276133109001939
ccajas_consultas_lag2	0.000135323949425934	0.000168561692581931	0.000333928410886066
mforex_sell_lag3	0.000135239406026546	0.000145745978154366	0.000301819909839329
ccaja_seguridad_lag2	0.000135025864635838	0.000232809524197022	7.70604025121691e-05
mcheques_depositados_lag1	0.000133258042518178	0.00153447762502291	0.000353193511514109
mcheques_depositados_lag2	0.000130093909850087	0.00024785459461164	0.000314663310258024
mpagodeservicios_lag3	0.000130005885612865	0.000261007108756179	0.000276133109001939
active_quarter_lag6	0.000130005026965052	0.000175761561983841	0.000141277404605643
mtarjeta_visa_descuentos	0.000129152179027212	0.00758020322463227	0.000378880312351498
mforex_buy_lag2	0.000128197480913823	0.00322933412392103	0.000333928410886066
tcallcenter_lag1	0.000128140372828286	5.37420042005718e-05	0.000256868008373897
mcaja_ahorro_adicional_lag1	0.000127456060934498	0.000208244178515986	0.000211916106908465
cseguro_vivienda_lag6	0.000127353912526653	0.000256786916501367	0.000301819909839329
cseguro_accidentes_personales_lag6	0.000124205235608657	3.57143645907659e-05	0.000237602907745855
Master_mpagosdolares_lag1	0.000121095251871158	0.000251039665014088	0.00025044630816455
mforex_buy	0.000119601226233466	0.000239030955889133	0.000244024607955202
mforex_sell_lag2	0.000119559034593131	8.90713215086387e-05	0.000301819909839329
Visa_Finiciomora_lag3	0.000119211319887851	0.00035633271562323	0.000321085010467371
mttarjeta_master_debitos_automaticos_lag1	0.000118295346263087	0.000216362331027425	0.000269711408792592
cpayroll_trx_lag2	0.000117785381023278	0.000406316561171845	0.000218337807117813
ctarjeta_debito_lag1	0.000117308655177263	0.000240141849401454	0.000269711408792592
Master_mpagado_lag1	0.000116783056804441	0.000849911390859589	0.000269711408792592
ctarjeta_debito_lag2	0.000115804930549417	0.000462927130031898	0.000308241610048677
thomebanking_lag2	0.000115763641388278	9.92687987558057e-05	0.000263289708583245
Master_mpagado_lag6	0.000115733654104068	6.85806980634885e-05	0.000256868008373897
catm_trx	0.000115631604629912	0.000214411644590738	0.000269711408792592
mforex_buy_lag3	0.000114923693473199	0.000326285377105728	0.000282554809211287
mtarjeta_visa_descuentos_lag3	0.000112876416065349	0.000135787441920393	0.000269711408792592
Master_mpagosdolares_lag3	0.000110905951721915	0.00358932475980942	0.000295398209629982
thomebanking_lag3	0.00011085788104103	3.6191379002726e-05	0.000269711408792592
tpaquete3_lag2	0.000110626704049349	2.00690785155558e-05	0.000128434004186949
minversion1_dolares_lag6	0.000110499618805836	0.00116158018339571	0.00025044630816455
mttarjeta_master_debitos_automaticos_lag2	0.000110490524420389	0.00061729065956188	0.000288976509420634
ccajas_transacciones_lag2	0.00011041417274835	2.979202851212e-05	0.000186229306071075
mprestamos_hipotecarios	0.00011001007603778	0.00413769565758974	0.000218337807117813
mcaja_ahorro_adicional_lag6	0.000109827405267792	0.000271908741872292	0.000256868008373897
ccheques_emitidos_rechazados_lag2	0.000109768608869011	0.000452321526958275	0.000141277404605643
ccajas_extracciones_lag1	0.000108249428580521	0.0010778090605806	0.000276133109001939
ccajeros_propios_descuentos	0.000107830704532962	0.00313015810206795	0.000288976509420634
Master_mpagado	0.000107494343228847	0.000138919472160871	0.000256868008373897
catm_trx_other	0.000106214351056206	0.0002314356278314	0.000276133109001939
mtarjeta_visa_descuentos_lag6	0.000105841874304072	0.000412812506068656	0.000263289708583245
ccomisiones_mantenimiento_lag1	0.000105387203693489	0.000189791060791184	0.000231181207536507
cseguro_auto_lag6	0.000104445851967336	0.000246569484122379	0.000244024607955202
cinversion2_lag6	0.000104169684925257	0.000870103497100892	0.000256868008373897
ctarjeta_master_debitos_automaticos_lag6	0.000104134854989034	0.000200318289361569	0.000231181207536507
tcuentas_lag2	0.000102037080609717	0.000310831833818883	0.000160542505233686
mcajeros_propios_descuentos_lag1	0.000101883794666075	0.000169054555417424	0.000231181207536507
mcajeros_propios_descuentos	0.000101879730244708	9.07328609772898e-05	0.000231181207536507
cforex_lag3	0.000100924089935525	0.000141442899801296	0.000237602907745855
mcaja_ahorro_adicional_lag3	9.96006286614155e-05	0.000197592071309076	0.000237602907745855
Master_mconsumosdolares_lag6	9.91795148196083e-05	0.000628800548232276	0.000244024607955202
cpayroll_trx_lag3	9.86860105892056e-05	0.00032713662254053	0.00022475950732716
ccajas_extracciones_lag6	9.86644700594223e-05	0.000415197925174227	0.000244024607955202
mtarjeta_visa_descuentos_lag1	9.82167348256786e-05	0.00301044269683892	0.000301819909839329
Master_msaldodolares_lag3	9.76171860248961e-05	0.000193454707311561	0.00019907270648977
cseguro_vida_lag1	9.69155760317716e-05	0.000335785234512631	0.000263289708583245
ccajas_depositos_lag3	9.68141425226995e-05	0.000259624478405325	0.00022475950732716
mprestamos_hipotecarios_lag1	9.58941025086287e-05	0.000665184017069138	0.000122012303977601
mcheques_depositados_rechazados	9.54513509923851e-05	0.00039397422537923	0.000211916106908465
mcaja_ahorro_adicional_lag2	9.53049033703815e-05	0.000158681068123501	0.00022475950732716
ccheques_emitidos_lag6	9.47784544004081e-05	0.000419504821030776	0.00025044630816455
mcheques_emitidos_lag6	9.30864136101205e-05	0.000359877094080377	0.000269711408792592
ccajas_extracciones_lag2	9.2801395402035e-05	5.73718137582964e-05	0.000276133109001939
ccajas_depositos_lag2	9.16144777362538e-05	0.000499671410788465	0.000231181207536507
cseguro_vida_lag3	9.10846280772579e-05	0.00012723392048949	0.000211916106908465
mcajeros_propios_descuentos_lag2	9.00817651796911e-05	0.000340055632722285	0.000211916106908465
Visa_delinquency_lag1	8.97447371913226e-05	3.07985190883923e-05	0.000128434004186949
mpagodeservicios	8.96700456104855e-05	0.00254863363259861	0.000244024607955202
mpagodeservicios_lag1	8.91059733482519e-05	0.000504174329664553	0.00025044630816455
cforex_lag6	8.8424567206686e-05	0.00031097221383317	0.000244024607955202
ccajas_depositos_lag6	8.74472794728209e-05	0.000571471536785711	0.000211916106908465
active_quarter_lag3	8.67090565902257e-05	9.6209763809118e-05	0.000147699104814991
mcheques_emitidos_rechazados_lag3	8.58286109835206e-05	0.00103328158432238	0.000179807605861728
mcheques_emitidos_lag1	8.57716404748496e-05	0.000268667912782669	0.000141277404605643
Visa_mconsumototal	8.57543118724493e-05	4.18207506098576e-05	0.000134855704396296
mtarjeta_visa_descuentos_lag2	8.33108469031478e-05	7.66179310693696e-05	0.000211916106908465
Master_msaldodolares_lag2	8.27037421089482e-05	0.000121180227586598	0.000192651006280423
ctarjeta_master_descuentos_lag1	8.23094122824472e-05	0.000236118489939646	0.000173385905652381
tmobile_app_lag3	8.10886668983926e-05	5.72616267260684e-05	0.000179807605861728
mcajeros_propios_descuentos_lag6	8.07930585813376e-05	0.000596680363166766	0.000205494406699118
Master_msaldodolares_lag6	7.97146735877108e-05	0.000443873854487465	0.000211916106908465
ccajas_consultas_lag6	7.96173398334663e-05	0.000106127059437328	0.000218337807117813
cseguro_vida_lag2	7.95566593114537e-05	8.3687716148193e-05	0.000173385905652381
tpaquete3_lag1	7.94761857899928e-05	2.38271793265516e-05	0.000115590603768254
ccajas_extracciones	7.88731078474051e-05	0.00036738305785213	0.000186229306071075
ctarjeta_visa_lag3	7.83297169751562e-05	2.89755454953589e-05	5.13736016747794e-05
mprestamos_prendarios_lag3	7.78822643196438e-05	0.00138401101461225	0.000147699104814991
mcheques_emitidos_lag3	7.7447626886588e-05	0.000297440205138265	0.000179807605861728
ccajas_otras_lag3	7.69349638699882e-05	0.000627805972894135	0.000205494406699118
Master_msaldodolares	7.6722049804743e-05	0.00172714847162017	0.000205494406699118
cseguro_vivienda	7.64257905469505e-05	0.000929703691753474	0.000186229306071075
mcheques_depositados_rechazados_lag1	7.58952823438142e-05	0.000175895405969445	0.000173385905652381
ctarjeta_master_debitos_automaticos_lag1	7.52479915975057e-05	7.01260928808463e-05	0.000173385905652381
ccajas_otras_lag6	7.38028120983395e-05	0.00129413790169114	0.000218337807117813
ccheques_emitidos_rechazados_lag3	7.35077047113559e-05	0.000266094915437982	0.000147699104814991
Visa_mconsumototal_lag6	7.23342982030234e-05	4.71576204731694e-05	0.000141277404605643
Master_mconsumosdolares_lag1	7.10707823360466e-05	0.00012480708725527	0.000179807605861728
ccheques_depositados	7.07535731092443e-05	0.000337668883274592	7.70604025121691e-05
Master_mpagado_lag2	7.01779414830787e-05	0.000256395680235756	0.000186229306071075
ccajas_extracciones_lag3	6.97822807032682e-05	0.000288753996540994	0.000186229306071075
cforex	6.9447486594663e-05	0.000133415846804692	0.000154120805024338
cpagodeservicios	6.93700159700769e-05	0.00131004700039312	0.000179807605861728
mplazo_fijo_pesos_lag6	6.87488992672608e-05	0.00033576655188197	0.000179807605861728
Master_mpagosdolares	6.8634601337243e-05	0.00016740255970747	0.000166964205443033
mcheques_depositados_rechazados_lag6	6.81795386594272e-05	0.000346453305824999	0.000186229306071075
mcajeros_propios_descuentos_lag3	6.71407104139589e-05	7.18466879714946e-05	0.000166964205443033
Visa_Finiciomora_lag6	6.68967970068562e-05	0.00211252076268347	0.000237602907745855
ctarjeta_visa_descuentos_lag6	6.6863661645503e-05	6.13087588231761e-05	0.000102747203349559
cpagodeservicios_lag1	6.64902056645312e-05	0.000224997003327732	0.000160542505233686
ccajas_transacciones_lag3	6.62687596867476e-05	3.9224616880451e-05	0.000173385905652381
mcheques_depositados_lag3	6.43194649164884e-05	8.98262039010834e-05	0.000166964205443033
cseguro_vivienda_lag2	6.42834619093797e-05	6.05956954461124e-05	0.000122012303977601
ccheques_depositados_lag6	6.37754980641091e-05	0.000600671505212852	0.000109168903558906
minversion2_lag3	6.32657091337943e-05	0.000256325924035826	0.000134855704396296
tcallcenter_lag2	6.31423599340962e-05	3.47785556698125e-05	0.000141277404605643
mcheques_emitidos_rechazados_lag6	6.28804727982226e-05	0.000371085804862684	0.000154120805024338
cseguro_vida	6.26531788196619e-05	0.000256940715618792	0.000179807605861728
tcallcenter_lag6	6.16032434338289e-05	3.27333571015457e-05	0.000128434004186949
cpagodeservicios_lag2	6.14942103683139e-05	6.57556876482415e-05	0.000154120805024338
cinversion2_lag3	6.02878613567056e-05	0.0024685892607932	0.000160542505233686
mprestamos_prendarios_lag2	6.00642391955688e-05	0.000276513113795376	0.000102747203349559
minversion1_pesos_lag6	5.99453524777411e-05	0.000144065351168321	0.000160542505233686
minversion1_pesos_lag3	5.95994102598474e-05	0.000124296698608352	0.000141277404605643
mtarjeta_master_descuentos_lag2	5.9532256200631e-05	0.00178597330817983	0.000154120805024338
cinversion2_lag2	5.84047272834408e-05	0.000502717662882595	0.000134855704396296
cprestamos_prendarios_lag1	5.77974958254946e-05	0.000188800302956521	8.34821027215166e-05
Master_mpagado_lag3	5.71341486602636e-05	0.000487613999573675	0.000141277404605643
ctarjeta_master_debitos_automaticos_lag3	5.70821527450094e-05	0.000548917147823557	0.000134855704396296
Visa_delinquency_lag3	5.67794435652879e-05	2.85514555634454e-06	2.56868008373897e-05
cforex_lag1	5.63720569964745e-05	2.39333174914535e-05	0.000102747203349559
mtarjeta_master_descuentos_lag3	5.60950053655611e-05	0.000139827343897276	0.000147699104814991
mcheques_emitidos_lag2	5.52933206361833e-05	0.000103671479245095	0.000134855704396296
Visa_madelantopesos	5.48139478219999e-05	0.000265345527936908	0.000134855704396296
tcallcenter_lag3	5.42889424251504e-05	1.31928871358751e-05	0.000102747203349559
cseguro_vivienda_lag3	5.4099443978288e-05	0.000124440433398424	0.000122012303977601
Master_mconsumosdolares	5.39607182827876e-05	0.000271209502485099	0.000128434004186949
cseguro_accidentes_personales_lag1	5.36898914236264e-05	2.30956068417121e-05	0.000122012303977601
cforex_buy_lag6	5.36412644420063e-05	0.000148302895711673	0.000147699104814991
Visa_mconsumototal_lag1	5.29480362613024e-05	1.91568687070166e-05	0.000109168903558906
ccheques_emitidos_lag1	5.24906269050055e-05	0.0005912035181759	0.000115590603768254
ctarjeta_visa_lag6	5.23291981641488e-05	9.64304270783829e-05	0.000141277404605643
ccheques_depositados_lag1	5.22337094426997e-05	0.000523566379722246	0.000122012303977601
ccheques_emitidos_lag3	5.20821186106392e-05	0.000143174889561419	0.000154120805024338
cseguro_accidentes_personales_lag3	5.19921234819415e-05	3.69162997769585e-05	0.000115590603768254
Master_mconsumosdolares_lag3	5.13288866107781e-05	7.75618955659366e-05	0.000128434004186949
cseguro_accidentes_personales	5.13025100484139e-05	1.52247244419663e-05	0.000141277404605643
tpaquete4_lag6	5.11729018169248e-05	5.77591168385055e-05	9.63255031402114e-05
Master_Finiciomora_lag2	5.06588063192242e-05	0.000216365859326095	0.000154120805024338
Visa_mconsumototal_lag3	5.06433031596754e-05	8.18973648576145e-05	0.000102747203349559
cplazo_fijo_lag1	5.06039336341311e-05	0.000220051832457726	0.000109168903558906
minversion2_lag2	5.03214075531511e-05	0.000455251345196302	0.000122012303977601
Master_Finiciomora_lag3	4.99641400219563e-05	0.000116394350725387	0.000147699104814991
cplazo_fijo_lag2	4.97344026675203e-05	0.000321185597344832	0.000122012303977601
minversion1_dolares_lag3	4.95926903553725e-05	0.000668273244997885	0.000109168903558906
mtarjeta_master_descuentos_lag1	4.92873043305817e-05	0.00464885370498196	0.000186229306071075
tpaquete4_lag3	4.920949173177e-05	3.78826487257419e-05	7.06387023028217e-05
ctarjeta_master_debitos_automaticos	4.89692831498047e-05	0.000239632848937618	0.000102747203349559
ccajeros_propios_descuentos_lag2	4.83463775899227e-05	0.000534700880550564	0.000128434004186949
Master_mpagosdolares_lag2	4.81862628065339e-05	0.000282260423123617	0.000122012303977601
Master_mconsumosdolares_lag2	4.74678664678114e-05	8.76184143891983e-05	0.000102747203349559
cforex_buy_lag3	4.65656422106355e-05	9.37861696687592e-05	8.9903802930864e-05
ctarjeta_visa_descuentos_lag3	4.57951241874301e-05	2.15076410764699e-05	0.000109168903558906
cplazo_fijo_lag3	4.53515688573254e-05	0.000201975085871353	0.000109168903558906
ccheques_depositados_rechazados	4.51751301941367e-05	0.000433206072379906	0.000102747203349559
minversion2_lag1	4.41031003929842e-05	0.000119848960009821	0.000141277404605643
minversion1_pesos	4.37956881955062e-05	0.000673183248563117	0.000115590603768254
tpaquete4_lag2	4.37240368576698e-05	4.23215376571172e-05	8.9903802930864e-05
mpayroll2_lag6	4.36820924621064e-05	0.0021863179057278	0.000147699104814991
ctarjeta_visa_descuentos	4.33729953505524e-05	0.000218080207592868	0.000134855704396296
mprestamos_hipotecarios_lag2	4.33411794032266e-05	0.000307303708672002	6.42170020934743e-05
cforex_sell	4.3176499715658e-05	0.000166380452071512	0.000109168903558906
cforex_buy_lag1	4.27401060754427e-05	0.000192831528789134	0.000102747203349559
ctarjeta_master_descuentos_lag2	4.25404873204565e-05	4.67384470230088e-05	7.70604025121691e-05
ctarjeta_visa_descuentos_lag1	4.22963729151627e-05	0.000122260696753011	7.06387023028217e-05
mprestamos_hipotecarios_lag3	4.1686464701599e-05	0.000978311442979918	7.06387023028217e-05
cforex_sell_lag2	4.15024968805327e-05	6.55158211796592e-05	9.63255031402114e-05
tpaquete4_lag1	4.11692018051663e-05	0.000110536680842033	8.9903802930864e-05
Master_msaldodolares_lag1	4.10108118313556e-05	5.53794239881525e-05	9.63255031402114e-05
cforex_buy_lag2	4.09507977252416e-05	0.000205191795279906	9.63255031402114e-05
minversion1_pesos_lag2	4.02728449598076e-05	0.000575914416743451	0.000115590603768254
ctarjeta_master_lag1	3.92063778081951e-05	0.000114367892628744	7.06387023028217e-05
cpagodeservicios_lag3	3.9007795889005e-05	4.76579447927347e-05	8.9903802930864e-05
cliente_vip	3.87802536817036e-05	6.57540681013111e-05	0.000122012303977601
Master_mconsumototal_lag6	3.86646128118353e-05	3.1546460565421e-05	8.34821027215166e-05
ccajeros_propios_descuentos_lag6	3.62846042327566e-05	0.00126551651640488	0.000115590603768254
ccajeros_propios_descuentos_lag1	3.53171899200516e-05	0.00158514329982922	0.000102747203349559
cseguro_vivienda_lag1	3.52758925293466e-05	0.0001788993763205	8.34821027215166e-05
active_quarter_lag1	3.5193101848498e-05	2.69745374219069e-05	0.000102747203349559
cseguro_accidentes_personales_lag2	3.46227793654755e-05	2.8341608554037e-05	7.70604025121691e-05
Visa_mconsumototal_lag2	3.39594350627021e-05	5.38464649775816e-06	7.70604025121691e-05
cforex_sell_lag3	3.3525105343833e-05	4.42428987261714e-05	8.34821027215166e-05
Master_mconsumototal_lag2	3.2830033382659e-05	1.3038336085947e-05	8.34821027215166e-05
active_quarter_lag2	3.28276655935534e-05	0.000149824575734693	0.000102747203349559
cforex_sell_lag1	3.27159504053129e-05	2.01479157464884e-05	7.06387023028217e-05
minversion1_pesos_lag1	3.19414845164337e-05	0.000228381625048389	7.70604025121691e-05
mpayroll2_lag2	3.19103281866699e-05	0.00519341826258915	0.000147699104814991
tcuentas	3.13854897963281e-05	4.09477569734185e-05	4.4951901465432e-05
ccheques_depositados_lag2	3.1183468723842e-05	1.86226495838369e-05	7.70604025121691e-05
ccajeros_propios_descuentos_lag3	3.1006534855497e-05	9.99380186838253e-05	8.9903802930864e-05
cprestamos_hipotecarios	3.07925470108629e-05	0.000167621892634613	4.4951901465432e-05
Visa_madelantopesos_lag6	3.00136681964096e-05	7.25539094114165e-05	8.9903802930864e-05
ccheques_emitidos_rechazados_lag6	2.90993713456081e-05	0.000259096910992752	6.42170020934743e-05
cforex_lag2	2.88924305136578e-05	2.0930793164444e-05	6.42170020934743e-05
cinversion1_lag3	2.84477914750146e-05	0.000491403855072699	6.42170020934743e-05
cliente_vip_lag3	2.83695373421256e-05	3.04848475525538e-05	7.06387023028217e-05
ctarjeta_master_debitos_automaticos_lag2	2.81082986423391e-05	3.15953940191033e-05	8.34821027215166e-05
Master_mconsumototal	2.78904152613333e-05	0.000152383633407586	7.06387023028217e-05
Master_mconsumototal_lag1	2.75264791880141e-05	1.51355336788715e-05	5.77953018841268e-05
tpaquete3_lag6	2.73581375227196e-05	5.97478626280561e-05	7.06387023028217e-05
cseguro_auto_lag3	2.70178461538392e-05	4.00773661802603e-05	7.06387023028217e-05
mtarjeta_master_descuentos_lag6	2.6917331046382e-05	8.64300718290286e-05	8.9903802930864e-05
ctarjeta_visa_lag2	2.68841071277483e-05	6.54587899913249e-05	5.77953018841268e-05
cinversion1_lag2	2.63739774755331e-05	0.000462670142638623	7.70604025121691e-05
mprestamos_hipotecarios_lag6	2.56996233559518e-05	0.000944349370326866	7.06387023028217e-05
cpayroll2_trx_lag2	2.56233936961658e-05	0.00229656833164989	8.34821027215166e-05
mplazo_fijo_pesos_lag3	2.53971660724948e-05	0.000158775117527387	5.77953018841268e-05
Master_delinquency_lag1	2.50798563913229e-05	4.0719458697196e-06	4.4951901465432e-05
ctarjeta_master_lag6	2.5067479840486e-05	0.000135833136280214	5.13736016747794e-05
mtarjeta_master_descuentos	2.48435059548776e-05	4.387127054661e-05	8.34821027215166e-05
cseguro_auto_lag1	2.46442225546838e-05	5.27388684000839e-05	8.34821027215166e-05
mplazo_fijo_pesos_lag2	2.37633144821806e-05	0.000151184995156216	5.77953018841268e-05
ccheques_depositados_lag3	2.35057921468135e-05	0.000157137466375959	7.70604025121691e-05
ctarjeta_visa_lag1	2.34279818737486e-05	4.26533134139989e-05	5.77953018841268e-05
cprestamos_prendarios_lag6	2.32169498743433e-05	2.77158271883287e-05	2.56868008373897e-05
cinversion1_lag6	2.23970692179272e-05	6.78919857313425e-05	4.4951901465432e-05
Visa_status_lag6	2.22127273094397e-05	7.20942472879962e-05	5.77953018841268e-05
Master_mconsumototal_lag3	2.20046670776833e-05	1.32581895817467e-05	5.77953018841268e-05
Master_delinquency_lag3	2.1924610938314e-05	1.52910101841885e-05	1.92651006280423e-05
ctarjeta_master_descuentos_lag6	2.15765791264081e-05	2.93155346688161e-05	5.13736016747794e-05
tpaquete3_lag3	2.10030675973181e-05	1.74414793029303e-05	3.85302012560846e-05
ctarjeta_visa_descuentos_lag2	2.05079547552235e-05	3.02872049860851e-05	5.77953018841268e-05
Master_Finiciomora_lag6	2.03150546353688e-05	0.00147838652584078	8.9903802930864e-05
minversion1_dolares_lag1	2.01107308946865e-05	1.19039013021744e-05	4.4951901465432e-05
Master_cadelantosefectivo_lag2	1.99951977247836e-05	1.83245951076843e-06	1.28434004186949e-05
cprestamos_prendarios	1.80172969849868e-05	5.95263317443642e-05	5.13736016747794e-05
cinversion1_lag1	1.78635811360018e-05	5.27850833285617e-05	3.85302012560846e-05
Visa_madelantopesos_lag3	1.7841647107757e-05	5.34537826879251e-05	4.4951901465432e-05
cforex_sell_lag6	1.74653142674945e-05	4.57293536034555e-05	5.13736016747794e-05
cprestamos_prendarios_lag3	1.7035199740999e-05	0.0023050596162059	8.34821027215166e-05
Master_status_lag6	1.66314304687382e-05	9.75953440490239e-05	5.13736016747794e-05
ctarjeta_master_descuentos_lag3	1.6426086619746e-05	6.9269005508902e-05	5.77953018841268e-05
cseguro_auto_lag2	1.6053019575194e-05	2.72143460495274e-05	4.4951901465432e-05
Master_madelantopesos	1.6044372090932e-05	4.01470645392287e-05	2.56868008373897e-05
Visa_cadelantosefectivo	1.57773964000504e-05	4.57645209082296e-05	3.85302012560846e-05
Visa_madelantopesos_lag1	1.51335288846177e-05	6.46961569099992e-05	4.4951901465432e-05
Master_cadelantosefectivo	1.50213610702769e-05	8.76186457530455e-05	3.21085010467371e-05
tcuentas_lag1	1.44141667348271e-05	5.65621559750277e-05	4.4951901465432e-05
ccheques_emitidos_lag2	1.34299525693025e-05	6.01819590463609e-05	4.4951901465432e-05
cinversion2_lag1	1.34200717236431e-05	2.73041152222402e-05	3.21085010467371e-05
Master_madelantopesos_lag1	1.28448505023289e-05	9.26791515008795e-06	3.85302012560846e-05
cprestamos_prendarios_lag2	1.26044529087135e-05	3.67573528139336e-06	1.28434004186949e-05
Visa_madelantopesos_lag2	1.19319168969361e-05	8.27212515174859e-06	1.92651006280423e-05
ccheques_depositados_rechazados_lag6	1.17482022244596e-05	9.63684794082957e-05	2.56868008373897e-05
cprestamos_hipotecarios_lag2	1.09718302072067e-05	1.05012579785377e-05	1.28434004186949e-05
ctarjeta_master_descuentos	1.09126067655394e-05	1.07090227133213e-05	3.85302012560846e-05
cinversion2	1.0674186146122e-05	0.000245634600656815	3.21085010467371e-05
Master_madelantopesos_lag6	1.04635232248372e-05	5.13929670599725e-05	2.56868008373897e-05
Master_cadelantosefectivo_lag1	9.67600229322977e-06	1.03217196331122e-05	1.28434004186949e-05
cpayroll2_trx_lag3	9.3208854516257e-06	0.00188651258366156	5.13736016747794e-05
cliente_vip_lag6	9.25406316912985e-06	1.05045549133602e-05	2.56868008373897e-05
ccheques_depositados_rechazados_lag1	8.96591844178408e-06	0.00014952426546103	2.56868008373897e-05
Master_status_lag3	8.85420253792921e-06	1.11276755948257e-05	2.56868008373897e-05
ccheques_depositados_rechazados_lag2	8.72255408982045e-06	0.000267718048507998	2.56868008373897e-05
cprestamos_hipotecarios_lag6	8.24990867704489e-06	5.77545474025234e-05	1.92651006280423e-05
ctarjeta_master_lag2	7.66859301524891e-06	7.75218117794096e-05	2.56868008373897e-05
Master_delinquency_lag6	6.93412379847309e-06	7.25776820467161e-06	1.92651006280423e-05
Master_cadelantosefectivo_lag6	6.34531270212759e-06	2.96448811053022e-05	1.28434004186949e-05
ccheques_depositados_rechazados_lag3	6.2751640650537e-06	0.000290329989227143	1.92651006280423e-05
cpayroll2_trx_lag6	6.09457295992801e-06	0.000465175119012234	2.56868008373897e-05
Master_madelantopesos_lag2	5.98975361083187e-06	4.33917111323307e-06	1.28434004186949e-05
mplazo_fijo_pesos_lag1	5.75832946383211e-06	0.000194403819653728	1.92651006280423e-05
ctarjeta_master_lag3	5.54562632592773e-06	1.62566072004685e-05	1.92651006280423e-05
Visa_cadelantosefectivo_lag3	5.3732604031235e-06	1.08985097041763e-05	1.28434004186949e-05
Visa_cadelantosefectivo_lag6	5.36844968540158e-06	1.38913745905653e-05	1.28434004186949e-05
Visa_cadelantosefectivo_lag2	5.21324607410432e-06	6.31438211772255e-06	1.92651006280423e-05
ccuenta_corriente	4.89675264059345e-06	3.9096267786218e-05	1.28434004186949e-05
Visa_madelantodolares_lag2	4.86134958669711e-06	2.76809490883636e-06	6.42170020934743e-06
cprestamos_hipotecarios_lag1	4.80397323521648e-06	1.45681716845807e-05	1.28434004186949e-05
minversion1_dolares	4.5312785330513e-06	0.00070074429333767	2.56868008373897e-05
Master_delinquency_lag2	4.34749873966541e-06	1.96543588194537e-07	6.42170020934743e-06
cprestamos_hipotecarios_lag3	4.28160926052404e-06	4.65799049467165e-06	6.42170020934743e-06
cseguro_auto	3.98606856902867e-06	7.18726007223807e-06	1.28434004186949e-05
ccuenta_corriente_lag6	3.87061044918465e-06	1.25861354465989e-05	1.28434004186949e-05
mcuenta_corriente_adicional	3.45243044746379e-06	4.16984748166136e-05	1.28434004186949e-05
Master_madelantopesos_lag3	2.53100035244476e-06	2.63928308690898e-07	6.42170020934743e-06
minversion1_dolares_lag2	2.48054703345521e-06	5.76998298526611e-06	6.42170020934743e-06
Visa_delinquency_lag2	2.43972659973971e-06	1.64372445241682e-06	6.42170020934743e-06
Visa_madelantodolares_lag1	2.28792063610388e-06	7.48902215404199e-05	6.42170020934743e-06
Master_cadelantosefectivo_lag3	2.13599337582931e-06	1.79133458692902e-07	6.42170020934743e-06
Visa_madelantodolares_lag6	1.36790074868779e-06	8.11896228490364e-06	6.42170020934743e-06
ccuenta_corriente_lag3	1.33518276942623e-06	1.35618546311939e-05	6.42170020934743e-06
