fecha	objective	metric	first_metric_only	boost_from_average	feature_pre_filter	verbosity	seed	max_depth	min_gain_to_split	lambda_l1	lambda_l2	max_bin	num_iterations	force_row_wise	learning_rate	feature_fraction	min_data_in_leaf	num_leaves	ratio_corte	iteracion_bayesiana	ganancia
20211114 131318	binary	custom	TRUE	TRUE	FALSE	-100	999983	-1	0	0	0	31	287	TRUE	0.076905667699175	0.419173277771915	6859	479	0.0408015532290594	1	6356250
20211114 131505	binary	custom	TRUE	TRUE	FALSE	-100	999983	-1	0	0	0	31	413	TRUE	0.0641599977924489	0.839030743541662	1939	694	0.0444837772923937	2	6006250
20211114 131642	binary	custom	TRUE	TRUE	FALSE	-100	999983	-1	0	0	0	31	351	TRUE	0.0539325655496214	0.47883567258832	2262	334	0.0364414651904296	3	6457500
20211114 131748	binary	custom	TRUE	TRUE	FALSE	-100	999983	-1	0	0	0	31	413	TRUE	0.048175313253887	0.687696601051721	7211	569	0.0403914873674609	4	6367500
20211114 131916	binary	custom	TRUE	TRUE	FALSE	-100	999983	-1	0	0	0	31	181	TRUE	0.0554300020448864	0.898634747244068	1092	746	0.0409856644322262	5	6328750
20211114 132017	binary	custom	TRUE	TRUE	FALSE	-100	999983	-1	0	0	0	31	316	TRUE	0.042256474357564	0.28803192688647	5869	202	0.0414375737490899	6	6211250
20211114 132056	binary	custom	TRUE	TRUE	FALSE	-100	999983	-1	0	0	0	31	174	TRUE	0.0800598362053279	0.262583830038784	3614	660	0.0438310193902572	7	6253750
20211114 132131	binary	custom	TRUE	TRUE	FALSE	-100	999983	-1	0	0	0	31	149	TRUE	0.0905170106329024	0.749556493200362	4780	825	0.0422074933259689	8	6246250
20211114 132237	binary	custom	TRUE	TRUE	FALSE	-100	999983	-1	0	0	0	31	273	TRUE	0.0247853986150585	0.624119160616829	3388	131	0.0320646397696936	9	6411250
20211114 132344	binary	custom	TRUE	TRUE	FALSE	-100	999983	-1	0	0	0	31	287	TRUE	0.0307446525385603	0.380267285765149	5483	969	0.0447683127881968	10	5963750
20211114 132502	binary	custom	TRUE	TRUE	FALSE	-100	999983	-1	0	0	0	31	203	TRUE	0.0657875390152913	0.544173332347418	1423	290	0.0347258835245579	11	6463750
20211114 132550	binary	custom	TRUE	TRUE	FALSE	-100	999983	-1	0	0	0	31	337	TRUE	0.0888277341250796	0.166082692438795	7875	243	0.0354874344103839	12	5900000
20211114 132732	binary	custom	TRUE	TRUE	FALSE	-100	999983	-1	0	0	0	31	522	TRUE	0.0294164710352197	0.823820589089883	4306	886	0.033453842484497	13	6353750
20211114 132835	binary	custom	TRUE	TRUE	FALSE	-100	999983	-1	0	0	0	31	60	TRUE	0.0985606886749156	0.577938669925788	268	955	0.0376298193199602	14	6230000
20211114 132933	binary	custom	TRUE	TRUE	FALSE	-100	999983	-1	0	0	0	31	420	TRUE	0.039837005258305	0.120875760927447	3050	504	0.0439147063007875	15	6091250
20211114 133023	binary	custom	TRUE	TRUE	FALSE	-100	999983	-1	0	0	0	31	285	TRUE	0.0744948219961952	0.96588307353959	6429	443	0.038106834709983	16	6558750
20211114 133223	binary	custom	TRUE	TRUE	FALSE	-100	999983	-1	0	0	0	31	715	TRUE	0.0317840394599736	0.969354339546012	5367	102	0.0378725113604981	17	6443750
20211114 133311	binary	custom	TRUE	TRUE	FALSE	-100	999983	-1	0	0	0	31	279	TRUE	0.096287653131243	0.964504606386447	7354	220	0.0327592411270953	18	6607500
20211114 133412	binary	custom	TRUE	TRUE	FALSE	-100	999983	-1	0	0	0	31	388	TRUE	0.0649371763730622	0.962161094011636	7801	269	0.0426594026428326	19	6278750
20211114 133509	binary	custom	TRUE	TRUE	FALSE	-100	999983	-1	0	0	0	31	340	TRUE	0.0998264152422883	0.965450214549944	6762	165	0.0353870101177475	20	6565000
20211114 133544	binary	custom	TRUE	TRUE	FALSE	-100	999983	-1	0	0	0	31	168	TRUE	0.094211531510117	0.964643027531955	6404	376	0.0481576326646749	21	6157500
20211114 133640	binary	custom	TRUE	TRUE	FALSE	-100	999983	-1	0	0	0	31	268	TRUE	0.0554934794114903	0.734236518382677	4314	846	0.0305666440712008	22	6235000
20211114 133729	binary	custom	TRUE	TRUE	FALSE	-100	999983	-1	0	0	0	31	250	TRUE	0.0473255690898746	0.718817888564453	6321	730	0.0409270835948549	23	6287500
20211114 133925	binary	custom	TRUE	TRUE	FALSE	-100	999983	-1	0	0	0	31	555	TRUE	0.062278566761408	0.423446070845309	5296	627	0.0359895558735658	24	6325000
20211114 134110	binary	custom	TRUE	TRUE	FALSE	-100	999983	-1	0	0	0	31	663	TRUE	0.0291698684212565	0.990747633903171	6196	506	0.0422242307080749	25	6343750
20211114 134215	binary	custom	TRUE	TRUE	FALSE	-100	999983	-1	0	0	0	31	286	TRUE	0.0845429159516469	0.265302602361399	2184	862	0.0375377637183768	26	6143750
20211114 134258	binary	custom	TRUE	TRUE	FALSE	-100	999983	-1	0	0	0	31	143	TRUE	0.0722323446390033	0.951347630601563	2650	667	0.0426928774070448	27	6373750
20211114 134419	binary	custom	TRUE	TRUE	FALSE	-100	999983	-1	0	0	0	31	310	TRUE	0.0476338022232428	0.572736529607885	6004	663	0.0457558183324546	28	6116250
20211114 134540	binary	custom	TRUE	TRUE	FALSE	-100	999983	-1	0	0	0	31	428	TRUE	0.0551776551933028	0.327766494586272	6499	587	0.0323993874118149	29	6561250
20211114 134624	binary	custom	TRUE	TRUE	FALSE	-100	999983	-1	0	0	0	31	165	TRUE	0.0798047164328769	0.393344031555881	5062	686	0.0436887516423556	30	6625000
20211114 134758	binary	custom	TRUE	TRUE	FALSE	-100	999983	-1	0	0	0	31	240	TRUE	0.0386352451506071	0.404612072499818	875	661	0.0503753357937285	31	6226250
20211114 134906	binary	custom	TRUE	TRUE	FALSE	-100	999983	-1	0	0	0	31	522	TRUE	0.0433675417006388	0.112609258927475	2956	217	0.0407429723916882	32	6065000
20211114 135024	binary	custom	TRUE	TRUE	FALSE	-100	999983	-1	0	0	0	31	144	TRUE	0.0697419938869402	0.427681592786498	466	679	0.0359477124183007	33	6431250
20211114 135207	binary	custom	TRUE	TRUE	FALSE	-100	999983	-1	0	0	0	31	416	TRUE	0.0556473292419501	0.554259937580652	5574	930	0.0386675370105362	34	6575000
20211114 135323	binary	custom	TRUE	TRUE	FALSE	-100	999983	-1	0	0	0	31	318	TRUE	0.0495886520421691	0.37796487140283	4246	549	0.0463834701614321	35	5972500
20211114 135404	binary	custom	TRUE	TRUE	FALSE	-100	999983	-1	0	0	0	31	104	TRUE	0.0849849735815264	0.319760480330302	1022	336	0.036307566133581	36	6477500
20211114 135529	binary	custom	TRUE	TRUE	FALSE	-100	999983	-1	0	0	0	31	177	TRUE	0.0465037125027552	0.727070892823022	1014	527	0.0467684299498715	37	6165000
20211114 135618	binary	custom	TRUE	TRUE	FALSE	-100	999983	-1	0	0	0	31	265	TRUE	0.0574375245955959	0.803841766718193	7531	301	0.0354288535730126	38	6258750
20211114 183341	binary	custom	TRUE	TRUE	FALSE	-100	999983	-1	0	0	0	31	343	TRUE	0.0289933062436432	0.914142998647527	367	455	0.0378641426694451	39	6695000
20211114 184013	binary	custom	TRUE	TRUE	FALSE	-100	999983	-1	0	0	0	31	255	TRUE	0.0775838731076382	0.402970562975947	6385	731	0.0353451666624823	40	6421250
20211114 184228	binary	custom	TRUE	TRUE	FALSE	-100	999983	-1	0	0	0	31	421	TRUE	0.0345491855871305	0.707065885409084	1984	378	0.0379645669620815	41	6430000
20211114 184301	binary	custom	TRUE	TRUE	FALSE	-100	999983	-1	0	0	0	31	89	TRUE	0.0926832483600639	0.398507780198264	3202	509	0.0434544282928707	42	6010000
20211114 184557	binary	custom	TRUE	TRUE	FALSE	-100	999983	-1	0	0	0	31	407	TRUE	0.0295973174972524	0.881322421789176	792	361	0.034240499443482	43	6536250
20211114 184833	binary	custom	TRUE	TRUE	FALSE	-100	999983	-1	0	0	0	31	406	TRUE	0.0282709907096096	0.955664054660479	206	338	0.0464002075435381	44	6670000
20211114 184905	binary	custom	TRUE	TRUE	FALSE	-100	999983	-1	0	0	0	31	148	TRUE	0.0983662423489603	0.967704631773583	7661	235	0.0422577054722871	45	6088750
20211114 185142	binary	custom	TRUE	TRUE	FALSE	-100	999983	-1	0	0	0	31	405	TRUE	0.0389983416760899	0.639422746171732	1062	636	0.0336295849966107	46	6427500
20211114 185239	binary	custom	TRUE	TRUE	FALSE	-100	999983	-1	0	0	0	31	351	TRUE	0.0361606589905545	0.154521770766121	3700	912	0.0354288535730126	47	6308750
20211114 185332	binary	custom	TRUE	TRUE	FALSE	-100	999983	-1	0	0	0	31	308	TRUE	0.0772020599885657	0.216171464156941	5029	768	0.0428937259923175	48	6043750
20211114 185439	binary	custom	TRUE	TRUE	FALSE	-100	999983	-1	0	0	0	31	191	TRUE	0.0574770347673632	0.355708580444171	1078	683	0.0429355694475827	49	6587500
20211114 185542	binary	custom	TRUE	TRUE	FALSE	-100	999983	-1	0	0	0	31	265	TRUE	0.0827201820322871	0.445122697189893	6778	906	0.0360648740930431	50	6413750
20211114 185636	binary	custom	TRUE	TRUE	FALSE	-100	999983	-1	0	0	0	31	200	TRUE	0.0614497867436148	0.376586052501737	3570	455	0.0438812315365754	51	6146250
20211114 185800	binary	custom	TRUE	TRUE	FALSE	-100	999983	-1	0	0	0	31	259	TRUE	0.051510483745411	0.563124464816041	2977	546	0.0439398123739466	52	6137500
20211114 185855	binary	custom	TRUE	TRUE	FALSE	-100	999983	-1	0	0	0	31	366	TRUE	0.0571897158379108	0.164488068650709	5694	655	0.0374038646615283	53	6163750
20211114 190049	binary	custom	TRUE	TRUE	FALSE	-100	999983	-1	0	0	0	31	483	TRUE	0.0261860305045731	0.513292195390165	7761	656	0.0317382608186254	54	6460000
20211114 190214	binary	custom	TRUE	TRUE	FALSE	-100	999983	-1	0	0	0	31	509	TRUE	0.048912320607733	0.995964059002022	6650	244	0.0393537696768848	55	6272500
20211114 190456	binary	custom	TRUE	TRUE	FALSE	-100	999983	-1	0	0	0	31	676	TRUE	0.0267261028291844	0.544028218840365	4986	184	0.034491560175073	56	6198750
20211114 190559	binary	custom	TRUE	TRUE	FALSE	-100	999983	-1	0	0	0	31	244	TRUE	0.0609886662657373	0.497974649444339	6412	910	0.041730477935946	57	6317500
20211114 190636	binary	custom	TRUE	TRUE	FALSE	-100	999983	-1	0	0	0	31	109	TRUE	0.0925959693831392	0.396578101772489	3028	198	0.0464420509988033	58	6013750
20211114 190803	binary	custom	TRUE	TRUE	FALSE	-100	999983	-1	0	0	0	31	400	TRUE	0.0481949858487211	0.421873312736605	6723	536	0.0436552768781435	59	6280000
20211114 190914	binary	custom	TRUE	TRUE	FALSE	-100	999983	-1	0	0	0	31	242	TRUE	0.0940431672497466	0.532507430415251	5945	1015	0.0411363008711807	60	6106250
20211114 191012	binary	custom	TRUE	TRUE	FALSE	-100	999983	-1	0	0	0	31	189	TRUE	0.068958120415397	0.482023982235603	1379	119	0.0320479023875876	61	6413750
20211114 191049	binary	custom	TRUE	TRUE	FALSE	-100	999983	-1	0	0	0	31	136	TRUE	0.0976996565995924	0.856334283117973	4080	535	0.0374038646615283	62	6363750
20211114 191122	binary	custom	TRUE	TRUE	FALSE	-100	999983	-1	0	0	0	31	220	TRUE	0.0723469795234688	0.130008793261764	6518	144	0.0434544282928707	63	5960000
20211114 191204	binary	custom	TRUE	TRUE	FALSE	-100	999983	-1	0	0	0	31	222	TRUE	0.0769593343723938	0.202459480938455	4644	217	0.0422577054722871	64	5838750
20211114 191444	binary	custom	TRUE	TRUE	FALSE	-100	999983	-1	0	0	0	31	624	TRUE	0.0299708756191842	0.948382064583665	2101	385	0.0382072590026194	65	6643750
20211114 191540	binary	custom	TRUE	TRUE	FALSE	-100	999983	-1	0	0	0	31	305	TRUE	0.0630811281507835	0.271732241935167	7958	138	0.0477977789493945	66	6111250
20211114 191624	binary	custom	TRUE	TRUE	FALSE	-100	999983	-1	0	0	0	31	153	TRUE	0.0978895116117969	0.469711741302046	6729	896	0.0359393437272476	67	6332500
20211114 191841	binary	custom	TRUE	TRUE	FALSE	-100	999983	-1	0	0	0	31	633	TRUE	0.0255129659014009	0.451976334698149	5826	179	0.0351359493861565	68	6402500
20211114 191953	binary	custom	TRUE	TRUE	FALSE	-100	999983	-1	0	0	0	31	407	TRUE	0.0602211944327503	0.22254505741389	5277	374	0.0370356422551949	69	6168750
20211114 192039	binary	custom	TRUE	TRUE	FALSE	-100	999983	-1	0	0	0	31	146	TRUE	0.0948297502629645	0.784900363077223	2203	145	0.0377302436125966	70	6565000
20211114 192139	binary	custom	TRUE	TRUE	FALSE	-100	999983	-1	0	0	0	31	298	TRUE	0.0418801164876111	0.885492029009969	5218	163	0.0378139305231269	71	6502500
20211114 192254	binary	custom	TRUE	TRUE	FALSE	-100	999983	-1	0	0	0	31	440	TRUE	0.0387016240178421	0.920547404272342	6484	564	0.0374959202631116	72	6400000
20211114 192405	binary	custom	TRUE	TRUE	FALSE	-100	999983	-1	0	0	0	31	382	TRUE	0.0425319602072053	0.863257575254748	5544	388	0.0345752470856033	73	6386250
20211114 192531	binary	custom	TRUE	TRUE	FALSE	-100	999983	-1	0	0	0	31	637	TRUE	0.0303992116355896	0.165217367060971	7060	648	0.0373787585883692	74	6517500
20211114 192651	binary	custom	TRUE	TRUE	FALSE	-100	999983	-1	0	0	0	31	466	TRUE	0.0700494016601518	0.218210928347707	3345	632	0.032683922907618	75	5968750
20211114 192744	binary	custom	TRUE	TRUE	FALSE	-100	999983	-1	0	0	0	31	266	TRUE	0.0647234458425082	0.799812874208856	5626	144	0.0311775585180722	76	6443750
20211114 192923	binary	custom	TRUE	TRUE	FALSE	-100	999983	-1	0	0	0	31	571	TRUE	0.0382203248930722	0.982837307361607	6530	540	0.0380064104173466	77	6273750
20211114 193026	binary	custom	TRUE	TRUE	FALSE	-100	999983	-1	0	0	0	31	361	TRUE	0.0404640250547417	0.175879165340634	3566	152	0.0363243035156871	78	6025000
20211114 193109	binary	custom	TRUE	TRUE	FALSE	-100	999983	-1	0	0	0	31	89	TRUE	0.0958131605852209	0.33169325672877	780	571	0.0449440553003105	79	6137500
20211114 193306	binary	custom	TRUE	TRUE	FALSE	-100	999983	-1	0	0	0	31	750	TRUE	0.0217320504062995	0.901632195077906	7441	811	0.0423664984559765	80	6322500
20211114 193428	binary	custom	TRUE	TRUE	FALSE	-100	999983	-1	0	0	0	31	450	TRUE	0.0631348979303241	0.792488310616324	4740	122	0.0357970759793461	81	6303750
20211114 193503	binary	custom	TRUE	TRUE	FALSE	-100	999983	-1	0	0	0	31	138	TRUE	0.0864638146546111	0.642167845299724	4207	1005	0.0372532282225737	82	6336250
20211114 193600	binary	custom	TRUE	TRUE	FALSE	-100	999983	-1	0	0	0	31	200	TRUE	0.058037643837817	0.730735204925574	2643	624	0.0432368423254919	83	6392500
20211114 193705	binary	custom	TRUE	TRUE	FALSE	-100	999983	-1	0	0	0	31	354	TRUE	0.0707739179464616	0.77025847955551	7023	154	0.0358975002719825	84	6438750
20211114 193837	binary	custom	TRUE	TRUE	FALSE	-100	999983	-1	0	0	0	31	452	TRUE	0.0589699120449461	0.926589186676079	3597	508	0.0349016260366716	85	6137500
20211114 194016	binary	custom	TRUE	TRUE	FALSE	-100	999983	-1	0	0	0	31	605	TRUE	0.0334567148417048	0.853748968570563	6684	599	0.0367343693772857	86	6663750
20211114 194103	binary	custom	TRUE	TRUE	FALSE	-100	999983	-1	0	0	0	31	158	TRUE	0.0779374062406458	0.341383242442389	2817	557	0.0489275522415539	87	5992500
20211114 194214	binary	custom	TRUE	TRUE	FALSE	-100	999983	-1	0	0	0	31	81	TRUE	0.076169906396009	0.517671355470899	412	906	0.0488187592578645	88	6258750
20211114 194318	binary	custom	TRUE	TRUE	FALSE	-100	999983	-1	0	0	0	31	507	TRUE	0.082014807680212	0.138259828108992	7400	354	0.0380482538726118	89	5967500
20211114 194407	binary	custom	TRUE	TRUE	FALSE	-100	999983	-1	0	0	0	31	286	TRUE	0.0494141431783699	0.187329562072479	4239	284	0.0394123505142561	90	6063750
20211114 194553	binary	custom	TRUE	TRUE	FALSE	-100	999983	-1	0	0	0	31	389	TRUE	0.045332897095643	0.858515521227312	2030	782	0.0362322479141038	91	6538750
20211114 194650	binary	custom	TRUE	TRUE	FALSE	-100	999983	-1	0	0	0	31	226	TRUE	0.0854215697244927	0.486229236009857	7475	132	0.0426594026428326	92	6178750
20211114 194746	binary	custom	TRUE	TRUE	FALSE	-100	999983	-1	0	0	0	31	255	TRUE	0.0717484384932928	0.333622198364511	4631	1024	0.035788707288293	93	6405000
20211114 194855	binary	custom	TRUE	TRUE	FALSE	-100	999983	-1	0	0	0	31	255	TRUE	0.079758728711661	0.518765215917537	5051	593	0.0347593582887701	94	6658750
20211114 195045	binary	custom	TRUE	TRUE	FALSE	-100	999983	-1	0	0	0	31	433	TRUE	0.0388794734793156	0.321540998298954	1553	367	0.0423330236917644	95	6427500
20211114 195213	binary	custom	TRUE	TRUE	FALSE	-100	999983	-1	0	0	0	31	261	TRUE	0.0567442471245304	0.562467300868337	2272	890	0.033704903216088	96	6466250
20211114 195415	binary	custom	TRUE	TRUE	FALSE	-100	999983	-1	0	0	0	31	529	TRUE	0.0456288787491247	0.291893347817403	1581	603	0.0377051375394375	97	6518750
20211114 195534	binary	custom	TRUE	TRUE	FALSE	-100	999983	-1	0	0	0	31	445	TRUE	0.0479052742254548	0.876139235755522	5462	830	0.0418978517570067	98	6292500
20211114 195653	binary	custom	TRUE	TRUE	FALSE	-100	999983	-1	0	0	0	31	238	TRUE	0.0562308587797172	0.865958362022298	1627	315	0.0387010117747483	99	6470000
20211114 195849	binary	custom	TRUE	TRUE	FALSE	-100	999983	-1	0	0	0	31	718	TRUE	0.021576027243454	0.67403223798289	6695	733	0.0454545454545455	100	6411250
20211114 195926	binary	custom	TRUE	TRUE	FALSE	-100	999983	-1	0	0	0	31	167	TRUE	0.0875337808310427	0.936169395356765	5433	319	0.040676022863264	101	6275000
20211114 200028	binary	custom	TRUE	TRUE	FALSE	-100	999983	-1	0	0	0	31	207	TRUE	0.0826313996718079	0.211236353384797	712	536	0.0368264249788691	102	6250000
20211114 200145	binary	custom	TRUE	TRUE	FALSE	-100	999983	-1	0	0	0	31	353	TRUE	0.0801827503519505	0.429004823934217	6505	688	0.0375377637183768	103	6393750
20211114 200235	binary	custom	TRUE	TRUE	FALSE	-100	999983	-1	0	0	0	31	242	TRUE	0.0545240405045822	0.191001194075355	3287	866	0.0418727456838476	104	5946250
20211114 200411	binary	custom	TRUE	TRUE	FALSE	-100	999983	-1	0	0	0	31	209	TRUE	0.0286726993039864	0.77613046860693	363	348	0.0455717071292879	105	6593750
20211114 200450	binary	custom	TRUE	TRUE	FALSE	-100	999983	-1	0	0	0	31	175	TRUE	0.0795678609226469	0.646569698963689	5489	650	0.0389939159616044	106	6276250
20211114 200709	binary	custom	TRUE	TRUE	FALSE	-100	999983	-1	0	0	0	31	180	TRUE	0.0286195553024511	0.926297856551345	478	707	0.0467767986409246	107	6363750
20211114 200815	binary	custom	TRUE	TRUE	FALSE	-100	999983	-1	0	0	0	31	97	TRUE	0.0973339821725711	0.651666032952629	249	530	0.0381737842384073	108	6498750
20211114 200916	binary	custom	TRUE	TRUE	FALSE	-100	999983	-1	0	0	0	31	132	TRUE	0.0665022739505209	0.96967455263976	1200	287	0.0449858987555756	109	6081250
20211114 201010	binary	custom	TRUE	TRUE	FALSE	-100	999983	-1	0	0	0	31	309	TRUE	0.0629817241140455	0.957099772378663	7211	317	0.0423413923828174	110	6276250
20211114 201037	binary	custom	TRUE	TRUE	FALSE	-100	999983	-1	0	0	0	31	124	TRUE	0.0776025511045195	0.141475633657142	2124	825	0.0442410852518558	111	5642500
20211114 201149	binary	custom	TRUE	TRUE	FALSE	-100	999983	-1	0	0	0	31	282	TRUE	0.0549734539842792	0.400730396701023	3254	690	0.0380733599457709	112	6163750
