Feature	Gain	Cover	Frequency
ctrx_quarter	0.141575413713812	0.0144053003638865	0.00285292709535134
Visa_status	0.0484279014331345	0.00608021919994779	0.000910425152849395
mcaja_ahorro	0.0356029909660233	0.00928363304347435	0.00290394229788169
mdescubierto_preacordado	0.0343667936306491	0.0108626608307971	0.0012596830778649
mtarjeta_visa_consumo	0.0237592236234143	0.00864874492497611	0.00160109251018342
mcuenta_corriente	0.0209573923818803	0.00379478505222584	0.00340624583048825
foto_mes	0.016916899988604	0.00716281829879693	0.00499164135527772
mcuentas_saldo	0.0164679836197657	0.0142249228560564	0.00458351973503489
Visa_Finiciomora	0.0146481789961662	0.00789620880788384	0.00128322855595583
mprestamos_personales	0.0134096843312523	0.0143291291596738	0.00328851844003359
ctarjeta_visa_transacciones	0.0121257195203681	0.0125520407066283	0.00220935069419918
mpayroll	0.0106681651280388	0.0134356466914486	0.00163641072731982
cpayroll_trx	0.00975122922195211	0.0113111489570202	0.000812318994137176
ctarjeta_visa	0.00942297243818994	0.00252607275685237	0.000310015461530613
Visa_mpagominimo	0.00590752464206288	0.00867139576911607	0.00256253286556317
mprestamos_personales_lag6	0.00475553121977675	0.00212457486510384	0.00180907756665332
cproductos	0.0045179305934786	0.00626738207978365	0.002272138635775
mrentabilidad	0.0041204005337968	0.00153576286488885	0.00361423088695816
mactivos_margen	0.00393213982230846	0.00536072810026815	0.00460706521312582
mpasivos_margen	0.00351101602987127	0.00190027650724749	0.00302166968833636
ccaja_ahorro	0.00350937766515714	0.00730023288880946	0.00161678949557737
ctrx_quarter_lag6	0.00348026788950286	0.00278160609606005	0.00339839733779128
Visa_delinquency	0.00325944300455256	0.000826130188086219	0.00028646998343968
mcaja_ahorro_lag1	0.00312113177310827	0.00259586850419803	0.00245265396780548
Visa_msaldopesos	0.00282074017791609	0.00347250271788029	0.00168742592985017
numero_de_cliente	0.00274526901504957	0.00592038977479858	0.00494847464544434
mrentabilidad_annual	0.00272488170941775	0.00180208512890692	0.003147245571488
Master_Finiciomora	0.00265571462310602	0.00684121724015306	0.000859409950319041
Visa_mpagospesos	0.00260746681888769	0.00193487776277714	0.00217403247706278
mcuenta_corriente_lag6	0.0023225857116184	0.00394831076471024	0.00309623036895764
mcomisiones_mantenimiento_lag6	0.00229893255652175	0.00252904943964378	0.00236632054813873
cliente_edad_lag6	0.00228748209420098	0.00282613837869403	0.00357498842347327
mrentabilidad_annual_lag6	0.00227432355103297	0.00218035853974933	0.00397133730467064
chomebanking_transacciones_lag6	0.00222654954088586	0.00146004149908714	0.00302951818103333
mautoservicio	0.00217369322924642	0.00591460615101905	0.00104384952869801
mes	0.00216058103756744	0.00186927595064262	0.0026920329950633
mpayroll_lag3	0.00215548524944528	0.00270147950045046	0.000953591862682772
mcuentas_saldo_lag6	0.0021402122145148	0.00193964746218504	0.00291179079057867
Visa_msaldototal	0.00210922232505701	0.00153197739635313	0.00148336511972876
cliente_edad	0.0021014653659048	0.00226120031415677	0.00313939707879102
mttarjeta_visa_debitos_automaticos_lag6	0.00209714272968575	0.00126989433202708	0.00211909302818394
chomebanking_transacciones	0.00199609492157913	0.00219882499948362	0.0027979876464725
Visa_cconsumos_lag6	0.00195931631945537	0.00191374459141649	0.00238201753353269
mcomisiones_mantenimiento	0.00195407268637981	0.00835896918704317	0.00247619944589642
mcuentas_saldo_lag1	0.00193468583139449	0.00168333964770956	0.00280583613916947
mcomisiones	0.0019056933892771	0.00122978262385999	0.00242518424336606
Visa_Fvencimiento_lag6	0.00188612640606888	0.00157576467089637	0.00341409432318523
mcomisiones_otras	0.00187487230964647	0.00192831486569484	0.00227998712847198
mcaja_ahorro_lag6	0.00186202056009578	0.00197084319923145	0.00290786654423018
mprestamos_personales_lag2	0.00186189900886249	0.00270110588742531	0.000941819123637305
ctarjeta_visa_transacciones_lag6	0.00184333159918162	0.00110046431048394	0.00187971400092612
mcuenta_corriente_lag1	0.00183819527928583	0.00126465324831534	0.00231922959195686
mrentabilidad_annual_lag3	0.00183232420376127	0.00124281476581367	0.00314332132513951
mactivos_margen_lag1	0.00182615928135432	0.00213219966690751	0.00303344242738182
cprestamos_personales	0.00172782501336728	0.00498310939487714	0.000902576660152418
mprestamos_personales_lag1	0.00172030187858452	0.00205604702113201	0.00117727390454663
mactivos_margen_lag6	0.00171747899766302	0.00159375209662954	0.0031119273543516
cmobile_app_trx_lag6	0.00171076899459657	0.00376239600767007	0.00202491111582021
mtransferencias_recibidas	0.00169786939946589	0.00518280569261637	0.001573622785744
mcaja_ahorro_lag2	0.00167775989222056	0.00197373021308624	0.00220542644785069
mpasivos_margen_lag6	0.00167663641549358	0.00143106349528128	0.00311585160070009
mrentabilidad_annual_lag1	0.00167521311200765	0.00120412001695594	0.00301774544198787
mrentabilidad_annual_lag2	0.00166331306143682	0.00106449760662417	0.00302951818103333
Visa_Fvencimiento	0.0016463254299604	0.00160563261966075	0.00291571503692716
Visa_mpagospesos_lag6	0.001641192088981	0.00103825326061189	0.00269595724141179
mactivos_margen_lag2	0.00163866127229608	0.00358973432851474	0.00278229066107854
ctrx_quarter_lag3	0.00163191792353053	0.00167099244788051	0.00238986602622966
mprestamos_personales_lag3	0.00162658164912825	0.00330973227835061	0.00123613759977396
Visa_status_lag1	0.00162001291636336	0.000293366523936405	9.41819123637305e-05
mcuentas_saldo_lag3	0.00160910188726431	0.00109904526900846	0.00264101779253294
Master_Fvencimiento_lag6	0.00158524917826774	0.0011274192635815	0.00278229066107854
Visa_Fvencimiento_lag3	0.00158375607795718	0.000873379878565152	0.00245265396780548
mactivos_margen_lag3	0.00157779453728186	0.00401767346676736	0.00275874518298761
mcuenta_corriente_lag3	0.00157179798112791	0.00262605009055041	0.00231922959195686
mrentabilidad_lag6	0.00156108480555267	0.0010298829075437	0.00273519970489667
canarito74	0.00153882018069056	0.000927882342079432	0.00313547283244253
canarito8	0.00153538824866949	0.0010691010495938	0.00323357899115475
canarito75	0.00151896295865552	0.00120920471188626	0.00317079104957893
canarito110	0.00150491468681668	0.000899153157124948	0.00304521516642729
mcuenta_debitos_automaticos	0.00150202763329362	0.00778943700401933	0.0014676681343348
cliente_edad_lag3	0.00150102717185431	0.00158619564419199	0.002272138635775
mcuentas_saldo_lag2	0.00149816220031138	0.00132343356738831	0.00249582067763886
canarito114	0.00149684349571622	0.00101275537115374	0.00315901831053346
canarito107	0.00149656865170776	0.00121920132722338	0.00304521516642729
tpaquete3	0.00149649517392523	0.00486432236088633	0.000663197632894603
canarito24	0.00149259470301329	0.000834123623822149	0.0031119273543516
canarito122	0.0014792987768886	0.000942752040898776	0.0030412909200788
canarito83	0.00147838435437849	0.000854812705360918	0.0031119273543516
canarito92	0.00147692789931124	0.00163880759139797	0.00316686680323044
canarito54	0.00147193813462848	0.00109478194334813	0.00322180625210928
canarito79	0.00147076463349826	0.00127427692959452	0.00317079104957893
canarito13	0.00146789833876745	0.00110608149676729	0.00314332132513951
canarito57	0.00146350482226855	0.00126743303061493	0.00306091215182124
ccomisiones_mantenimiento	0.00146093414464401	0.00257327650388321	0.000875106935712996
Visa_fechaalta	0.00146088733110068	0.00112959625878926	0.00208377481104754
canarito86	0.00145497274366426	0.000975471697222864	0.00313154858609404
canarito103	0.0014459260615549	0.000957557871535603	0.00309230612260915
canarito56	0.00144513604950632	0.000950293103412825	0.00291571503692716
canarito104	0.00144374036547386	0.000688933818135991	0.00291571503692716
canarito141	0.00144195519038846	0.000814286419813478	0.00298635147119996
canarito44	0.00144057028618051	0.000699537158574788	0.00295495750041205
canarito147	0.00143927529633382	0.000695668629716665	0.00293926051501809
canarito87	0.0014380541782071	0.000947646308158044	0.00302951818103333
canarito6	0.00143725808975759	0.00103569894069154	0.00308838187626066
canarito12	0.00143537482852736	0.00102230119752582	0.0030766091372152
mrentabilidad_lag3	0.00143514872712366	0.000672628103660835	0.0024801236922449
canarito63	0.00143431172716683	0.0010316086611416	0.00302559393468484
canarito46	0.0014340908025429	0.00164548351388903	0.00298242722485147
canarito82	0.00143350346005345	0.00130329956417853	0.00302166968833636
ctrx_quarter_lag2	0.0014332217512601	0.00161738332416081	0.00228391137482047
mtarjeta_master_consumo	0.00143110867304982	0.00249214241145827	0.00080054625509171
canarito101	0.00142973708538317	0.000890529096641444	0.00301382119563938
Master_Fvencimiento	0.00142857012790094	0.00121920046719824	0.0024801236922449
canarito53	0.00142796863716227	0.000843338476310055	0.00293926051501809
canarito78	0.00142522817382705	0.00112177342488176	0.00295888174676053
canarito16	0.00142246750600183	0.000910133505424967	0.00301382119563938
canarito62	0.00141996358952147	0.000702483287841606	0.00300989694929089
mrentabilidad_lag1	0.00141935960951363	0.00139030047649885	0.0027626694293361
mpasivos_margen_lag1	0.00141888673756553	0.000763109130328878	0.00256645711191166
canarito118	0.00141616197292727	0.00086437482694611	0.0030059727029424
canarito89	0.00141589098775438	0.00103140302460498	0.00310407886165462
canarito52	0.00141566284391387	0.00187714504484958	0.00306483639816973
canarito109	0.00141520810174238	0.0014036907962897	0.00296280599310902
Visa_msaldototal_lag3	0.00141356739300379	0.00111669162687822	0.000984985833470682
canarito31	0.00141205318109839	0.00110536400948091	0.00295495750041205
canarito30	0.00141089122979833	0.00104821909610202	0.00286077558804832
canarito10	0.00141066967837708	0.0014762894560847	0.00291963928327565
Master_fechaalta_lag6	0.001410579192608	0.0012913336270719	0.00242518424336606
canarito100	0.00141037714475525	0.000975447163874229	0.00295888174676053
Visa_mconsumospesos_lag6	0.00141002777137836	0.000852181616881002	0.00235847205544175
canarito41	0.00140907916530118	0.00123248296699565	0.00288432106613925
canarito117	0.00140803458220736	0.000854452309564179	0.0030766091372152
canarito135	0.00140799202678253	0.00071987267925343	0.00281368463186645
canarito36	0.00140641909289737	0.00108524824785693	0.00286077558804832
canarito51	0.00140403317951518	0.000852060036485367	0.00286077558804832
canarito49	0.00140242341181806	0.00082148374385975	0.00301382119563938
canarito102	0.00139449608022359	0.000914438791259068	0.00296280599310902
Visa_mfinanciacion_limite_lag6	0.00139349365423897	0.00108697309616521	0.00240948725797211
canarito58	0.00139329879317347	0.000823299211658751	0.00302951818103333
canarito130	0.00139211298916029	0.00110932238833358	0.00299027571754844
canarito72	0.00139093733298153	0.000911668695558379	0.00297850297850298
tcallcenter	0.00139051335285384	0.000874954358267966	0.000439515591030743
mpayroll_lag2	0.00138498459923626	0.00222699068691567	0.000804470501440198
canarito26	0.00138451589494055	0.00156739499679539	0.00299812421024542
Visa_fechaalta_lag6	0.00138405667085255	0.00182529408409609	0.00215048699897185
canarito152	0.00138036725484851	0.000903226417230076	0.00289216955883623
canarito9	0.00137846129105178	0.00137398050371222	0.00290786654423018
mcomisiones_otras_lag6	0.0013782951313677	0.000744790911769466	0.00230353260656291
canarito131	0.00137728076533186	0.000833386537015554	0.00293926051501809
canarito156	0.00137705749317072	0.00120093145112955	0.00295495750041205
canarito96	0.00137697150754373	0.00114179127943361	0.00282153312456343
mttarjeta_visa_debitos_automaticos_lag3	0.00137490038193932	0.00118985939699127	0.00169527442254715
canarito45	0.00137404988405077	0.0014283693533795	0.00287647257344227
canarito2	0.0013725058908215	0.000811331463972889	0.00287647257344227
canarito145	0.00137138877675937	0.000867717427800927	0.00289609380518471
canarito64	0.00137090668658367	0.000781334511438012	0.00284507860265436
mpagomiscuentas	0.00137037379181718	0.00865002115701443	0.00102815254330406
mpasivos_margen_lag3	0.00136937512422375	0.00120674458735061	0.00263709354618446
canarito136	0.00136775031171083	0.000951788279745143	0.00292356352962414
canarito47	0.00136630555370391	0.00100021294561867	0.00299027571754844
canarito68	0.00136561850813413	0.000817807317458468	0.00287254832709378
canarito3	0.00136446607659844	0.000786953417771635	0.00279406340012401
canarito111	0.00136386241207655	0.000921554775033205	0.00284115435630587
ctrx_quarter_lag1	0.00136315072291512	0.00133982261377276	0.00192680495710799
canarito1	0.00136287020993417	0.00108850665677731	0.00282545737091192
canarito85	0.00136251012347508	0.000799218009923085	0.00284507860265436
canarito73	0.00136235581230698	0.0015163398308802	0.00281368463186645
canarito91	0.00136077267977975	0.00105287726382903	0.0027979876464725
canarito93	0.00135954874829421	0.000887181561958212	0.0028646998343968
canarito134	0.00135799858346331	0.000718517189109098	0.00290786654423018
cliente_antiguedad_lag6	0.00135683625599322	0.00189200632447548	0.00240163876527513
canarito155	0.0013560169485516	0.00115172275918275	0.00287647257344227
canarito50	0.00135599849936902	0.00089102302265677	0.00285292709535134
canarito17	0.00135417902790118	0.00142826651247895	0.00292748777597262
canarito143	0.00135201766486405	0.000795299463813594	0.00284507860265436
canarito121	0.00135188853015697	0.00117672065718513	0.00291179079057867
canarito55	0.00135172924849423	0.000734063229801701	0.00282938161726041
canarito151	0.00135077936962953	0.00117860687336774	0.00292356352962414
canarito39	0.0013505546392177	0.000739925568513478	0.00285292709535134
canarito140	0.00134812536746661	0.000828011108324567	0.00292356352962414
canarito71	0.0013478909752021	0.0013514126293657	0.0028646998343968
canarito128	0.00134769930290181	0.00131811385927328	0.00288039681979076
canarito132	0.00134618755119627	0.000891726840069921	0.0027979876464725
canarito27	0.00134615338198567	0.000697888490387818	0.00284900284900285
canarito138	0.00134601251656709	0.000759029397402985	0.00280191189282098
canarito97	0.00134479146217902	0.00104385560014551	0.00277051792203307
canarito34	0.00134471988296314	0.00189425954506904	0.00282153312456343
canarito112	0.00134411823990335	0.00122343844474928	0.00287647257344227
canarito43	0.00134279835777228	0.000869388547170411	0.00277051792203307
Visa_mpagominimo_lag1	0.00134271144956398	0.0018188258350433	0.00166780469810773
canarito37	0.00134229726589358	0.000979532826447116	0.00284115435630587
canarito127	0.00134064069447865	0.000936624814444909	0.00291963928327565
canarito5	0.00133702826412287	0.000952888342423888	0.00282545737091192
canarito11	0.00133558350336684	0.000804261514175804	0.00280976038551796
canarito95	0.00133518679253732	0.000765316407474347	0.00275874518298761
canarito146	0.00133498559125805	0.000748822935932515	0.00276659367568458
canarito84	0.0013339603593098	0.000946224415020266	0.00281368463186645
canarito21	0.00133298966896155	0.00119787125537092	0.00288432106613925
mcomisiones_lag6	0.00133239672851832	0.000744072609722434	0.00233492657735082
canarito116	0.00132640791717026	0.000693648883315468	0.00288824531248774
canarito18	0.00132637285042581	0.000899694701374156	0.00285292709535134
canarito35	0.00132632927538622	0.000988282676922977	0.0027626694293361
canarito148	0.00132439098285785	0.00104970413319062	0.00284115435630587
canarito133	0.00132316756784882	0.00078101322415275	0.0027979876464725
canarito59	0.00132280195985105	0.00144617956867003	0.00277836641473005
cprestamos_personales_lag3	0.00132252731734225	0.000935339665303859	0.000388500388500389
canarito60	0.00132246996436889	0.000722725654218604	0.00281760887821494
canarito154	0.00132231870848138	0.000602812575737025	0.00268026025601783
canarito38	0.00132219121616452	0.00126510213617219	0.00284115435630587
canarito42	0.00132198730762176	0.000934703699347542	0.00295103325406356
canarito142	0.0013218619599679	0.00101002940832191	0.00282938161726041
chomebanking_transacciones_lag3	0.00131893799321411	0.000878484082486726	0.00222504767959313
canarito106	0.00131831076443213	0.00100683554655125	0.0027979876464725
canarito98	0.00131744488404531	0.00100135415371053	0.00268418450236632
canarito70	0.00131706970338824	0.001097862870239	0.00281368463186645
canarito25	0.00131546144113488	0.000908828666234736	0.00273127545854819
canarito22	0.00131373942443269	0.000829421187432836	0.00278621490742703
canarito113	0.00131314281718438	0.000885133796843353	0.00280583613916947
mcaja_ahorro_dolares_lag6	0.00131212423991766	0.00263617643388972	0.0020288353621687
canarito66	0.00131058285142022	0.000993387650340725	0.00271165422680574
Visa_mfinanciacion_limite	0.00130919844902687	0.00323084203677169	0.00217795672341127
canarito88	0.00130882726420274	0.000727224536237414	0.00273519970489667
canarito129	0.0013075710569823	0.000958030613773879	0.00273127545854819
canarito15	0.00130552482330591	0.00088075305511963	0.00282938161726041
canarito14	0.00130410269796679	0.00191386838977169	0.00290786654423018
canarito144	0.00130304392828893	0.000816763065884644	0.00280976038551796
mcaja_ahorro_dolares	0.00130196393012811	0.00893120719020485	0.00162071374192586
canarito80	0.00129539762482829	0.0008157560217141	0.00285685134169983
canarito150	0.00129413604971394	0.000940211481380613	0.00277444216838156
canarito115	0.00129045189133392	0.000856826069470312	0.00264101779253294
canarito125	0.00128991492956305	0.00121601977739152	0.00276659367568458
canarito94	0.00128448817458446	0.00101782096447313	0.00271950271950272
chomebanking_transacciones_lag1	0.00128306967165736	0.000713106363594065	0.00230353260656291
canarito32	0.0012819153753589	0.00120146407827602	0.00263316929983597
canarito69	0.00127768535791367	0.00159134081246876	0.00267241176332085
canarito126	0.00127721809282851	0.00124866429467736	0.00270380573410876
canarito48	0.00127627279337195	0.000872808867138894	0.00259392683635108
canarito28	0.00127526149834773	0.00169462304170904	0.0027273512121997
canarito40	0.00127429253184486	0.00102909331393928	0.00270380573410876
canarito23	0.00127359027712353	0.000899947639293295	0.00262532080713899
canarito90	0.00127257600511748	0.00100279025989531	0.00273127545854819
Master_mfinanciacion_limite	0.0012715884478019	0.00181583720242894	0.00189933523266857
ccallcenter_transacciones	0.00126603981673672	0.0023457232224715	0.0011184102093193
canarito139	0.00126293782228454	0.000929398159015029	0.00271557847315423
canarito33	0.00126241946914469	0.000706225574062563	0.00279013915377552
cmobile_app_trx	0.00126094095220654	0.00150669129940101	0.00224074466498709
mcaja_ahorro_lag3	0.00126065208615342	0.00110310431606659	0.00218972946245674
canarito20	0.00126040180921968	0.00103312253170452	0.00272342696585121
canarito61	0.00125689012329732	0.00077990827291007	0.00264494203888143
canarito29	0.00125685900091634	0.000589719145676242	0.0026920329950633
mrentabilidad_lag2	0.00125648561721063	0.000871641450912604	0.0024134115043206
canarito124	0.00125641369588315	0.00110049708196809	0.00273519970489667
canarito149	0.00125630443531455	0.000705736627140134	0.00269595724141179
canarito81	0.00125620215463714	0.00167168843453846	0.00260962382174503
canarito7	0.00125561343535213	0.00089897354766483	0.00264101779253294
mcuenta_corriente_lag2	0.00125197023541796	0.00124541425968593	0.0020288353621687
canarito19	0.00124640089499362	0.000767853164776117	0.00268418450236632
canarito108	0.00124356976556799	0.00105008204634146	0.00265279053157841
mpasivos_margen_lag2	0.00124197834273996	0.00103326796648157	0.00244872972145699
canarito4	0.00123814020731065	0.000728267927786102	0.00267241176332085
canarito77	0.00123583774273685	0.00106254141155412	0.00255860861921468
canarito65	0.00123511416326277	0.00093233464694742	0.00271165422680574
canarito76	0.0012342000981371	0.00124970940627632	0.00263316929983597
chomebanking_transacciones_lag2	0.00123235208376901	0.000700565341257901	0.00227998712847198
canarito120	0.00122893413067228	0.000958906617272285	0.00266456327062388
canarito99	0.00122589883438926	0.00068742605827799	0.00255860861921468
Visa_mpagominimo_lag6	0.0012246292781982	0.00100201184661767	0.00178553208856239
canarito105	0.0012212224826742	0.000807229868302733	0.0027273512121997
canarito119	0.001220976703388	0.00103449689713738	0.00264886628522992
Visa_fechaalta_lag3	0.00120345470183971	0.000679018226219634	0.00154615306130458
canarito67	0.00119928432931193	0.000724616079997936	0.00263709354618446
mttarjeta_visa_debitos_automaticos_lag2	0.00119476265648403	0.00098496641999603	0.00153438032225911
canarito137	0.00118910303372482	0.0010361120696085	0.00264101779253294
Master_Fvencimiento_lag2	0.00118390932140084	0.00109378105514698	0.00209162330374452
ccaja_seguridad_lag3	0.00117504917426682	0.00226067954630429	0.000153045607591062
cliente_edad_lag1	0.00115643546665367	0.00192692443137127	0.00189148673997159
Visa_Fvencimiento_lag1	0.00115123715883416	0.00101618320502605	0.00224074466498709
canarito123	0.00114908431712498	0.00163602074783936	0.0024801236922449
Master_Fvencimiento_lag3	0.00114570344266383	0.0012912870046566	0.00210732028913847
cliente_edad_lag2	0.00114443433508696	0.00167906057000988	0.00182085030569879
mcomisiones_otras_lag2	0.00114119798068209	0.000438242646770088	0.00188363824727461
ctarjeta_visa_debitos_automaticos_lag6	0.0011359767498581	0.00081047904326902	0.00164033497366831
canarito153	0.00112893321470913	0.000731141905470403	0.00250759341668433
Visa_Finiciomora_lag1	0.00112062383029083	0.00319297567317848	0.000749531052561356
Master_fechaalta	0.00111963809090131	0.00108900420395111	0.00173451688603204
Visa_fultimo_cierre_lag6	0.0011138033058829	0.000819137278435586	0.00173451688603204
Visa_mpagospesos_lag1	0.00111015951132619	0.00108688718418051	0.00172666839333506
Visa_mfinanciacion_limite_lag1	0.00110560607257077	0.00149118893893246	0.00180907756665332
mcomisiones_lag2	0.00109642964906624	0.000687501197316245	0.00200921413042625
Visa_mpagospesos_lag3	0.00109078729668097	0.00139530097949474	0.00196997166694136
Master_Fvencimiento_lag1	0.00108755301795678	0.00101329605537782	0.00191503221806252
Master_fechaalta_lag3	0.00108594897899985	0.000845331878783381	0.00175021387142599
Master_status	0.00108046271034841	0.00739634273473244	0.000753455298909844
mcaja_ahorro_dolares_lag3	0.00106909546010702	0.000984628973291094	0.00154222881495609
Visa_Fvencimiento_lag2	0.00106339203891751	0.00112330644232009	0.00201313837677474
Visa_fultimo_cierre_lag1	0.0010531893586572	0.00158109628356987	0.00180122907395635
mcomisiones_otras_lag1	0.00104692668768609	0.00131558769386003	0.00193465344980497
Master_mfinanciacion_limite_lag6	0.0010466921863735	0.000679723129980326	0.00179338058125937
Visa_cconsumos_lag3	0.00104649087869345	0.0011668970879584	0.00159324401748644
Visa_msaldopesos_lag6	0.00104621529379955	0.000725619729332414	0.00134994074388014
Visa_mconsumospesos	0.00104555035174461	0.00161160866274849	0.00182477455204728
mtransferencias_emitidas	0.00104390616548234	0.00344020886452781	0.00141665293180445
Visa_mpagominimo_lag2	0.00104170791248011	0.00080574474068517	0.00141665293180445
cmobile_app_trx_lag3	0.0010359128317529	0.00095520008999122	0.00176591085681995
Visa_status_lag3	0.00103259404774711	1.40249730772243e-05	1.17727390454663e-05
Visa_msaldopesos_lag3	0.00103189695835095	0.000828389836236062	0.00109094048487988
cliente_vip_lag2	0.00102831136598837	0.00371681481122073	0.000325712446924568
internet	0.00102561514007577	0.000962479388012359	0.00107131925313743
ccaja_seguridad	0.00101719794437949	0.00646339348666368	0.000431667098333765
Visa_mfinanciacion_limite_lag2	0.0010099358750605	0.000594880744959567	0.00176591085681995
mcomisiones_lag3	0.000983321997696858	0.000629653824458624	0.00189148673997159
Visa_cconsumos	0.000975179336224958	0.00193398265766781	0.0015029863514712
Visa_mconsumospesos_lag3	0.000970459029431165	0.000713622469205021	0.00173059263968355
Visa_cconsumos_lag2	0.000965888072932723	0.00285865701545855	0.00158931977113795
ccomisiones_otras_lag6	0.000964913148597066	0.000731145617157835	0.00178553208856239
ccomisiones_otras	0.000963479931307512	0.0011648700087113	0.00170704716159262
cliente_antiguedad_lag3	0.000954106066442195	0.00190591822687948	0.00171097140794111
Visa_mlimitecompra_lag6	0.000949972422292868	0.000699485466537627	0.00158539552478946
mcomisiones_otras_lag3	0.00093864547559798	0.000762436092762723	0.00169527442254715
cmobile_app_trx_lag1	0.000921971631630179	0.000654683905506906	0.00176198661047146
Master_mpagominimo	0.000921121735135127	0.00364584816228375	0.00105169802139499
Visa_fultimo_cierre_lag2	0.000912557355952121	0.00115631429759392	0.00180515332030484
Visa_mlimitecompra	0.000908062173813053	0.000839336055117499	0.00152653182956213
Visa_mpagospesos_lag2	0.000907761012615213	0.000979920199874459	0.00170312291524413
mcuenta_debitos_automaticos_lag6	0.000907135381932224	0.00170867128072944	0.00140880443910747
Master_fultimo_cierre_lag6	0.000900079302385799	0.000654277520997596	0.00173451688603204
Visa_mfinanciacion_limite_lag3	0.000899848812229904	0.000921420067938116	0.00161286524922889
mcomisiones_lag1	0.000893126564266382	0.000641300284859223	0.00170312291524413
cmobile_app_trx_lag2	0.000883571414566048	0.000764469011127855	0.00161286524922889
cplazo_fijo	0.000882116009557402	0.00977209242218035	0.000502303532606563
cproductos_lag6	0.000872230661071717	0.00175046832131301	0.0010830919921829
Visa_fultimo_cierre	0.000871002605206839	0.00254759800914637	0.0016442592200168
cliente_antiguedad	0.000870523711992765	0.00104462500579145	0.00141665293180445
ccomisiones_otras_lag3	0.00086288609709766	0.000617497957590239	0.00165603195906226
cliente_antiguedad_lag2	0.000857367289051207	0.00154859041138896	0.00128715280230432
mcomisiones_mantenimiento_lag1	0.00085659670288328	0.00128597494623884	0.00131854677309223
Master_fultimo_cierre_lag2	0.000851286361100287	0.00076953451391828	0.00169919866889564
Master_fultimo_cierre	0.000850295464429306	0.00250340656805339	0.00157754703209249
Master_fechaalta_lag1	0.00084905651022268	0.0006909521160738	0.00153438032225911
Visa_fultimo_cierre_lag3	0.000846867624001876	0.00121820799819054	0.00153045607591062
Master_fultimo_cierre_lag1	0.000843502127049861	0.000760586223958256	0.00168350168350168
mpayroll_lag6	0.000840178299392544	0.00155514253552482	0.000906500906500906
Master_fechaalta_lag2	0.000839196587196195	0.000665302454811278	0.00146374388798631
mcomisiones_mantenimiento_lag3	0.000832885715246114	0.00204418062061883	0.00129892554134978
cliente_antiguedad_lag1	0.000828627251475892	0.00055954380582223	0.00128715280230432
ccomisiones_otras_lag2	0.000820294850481512	0.00060111357344732	0.00165603195906226
Visa_mpagominimo_lag3	0.000817533443858144	0.000639338341200106	0.00130677403404676
Visa_mconsumospesos_lag2	0.000817329515002508	0.000627785578274921	0.00155007730765307
mcaja_ahorro_dolares_lag2	0.000804084419076066	0.000620344504999129	0.00109094048487988
Visa_cconsumos_lag1	0.000800892277657278	0.00158562481382365	0.00144804690259236
ctarjeta_visa_transacciones_lag3	0.000793809717553005	0.000886900379003006	0.00124398609247094
Visa_mconsumosdolares_lag6	0.000791949179405796	0.00161606218975746	0.00155007730765307
Master_mlimitecompra	0.000791427381069779	0.00104668109957079	0.00125183458516792
thomebanking	0.000781452944330712	0.00193589064606572	0.000592561198621805
mpayroll_lag1	0.000779787500210707	0.00157802536012927	0.000714212835424957
Master_mlimitecompra_lag6	0.000776384482983515	0.000884226108208333	0.00134601649753165
Visa_fechaalta_lag1	0.000771328131521496	0.000469796833240564	0.00140488019275898
cpayroll_trx_lag1	0.000769797222177276	0.00155640518821887	0.000259000259000259
Visa_msaldototal_lag6	0.000762468923463456	0.000964165173073648	0.00128322855595583
Visa_fechaalta_lag2	0.000760617941735426	0.000707162458287748	0.00131069828039525
Visa_mconsumospesos_lag1	0.000758907094620613	0.000605614990277059	0.00145197114894085
ctarjeta_visa_debitos_automaticos_lag3	0.000756459926665542	0.000844912956012868	0.00124398609247094
mcaja_ahorro_dolares_lag1	0.000754642618137202	0.00129747977407877	0.00117334965819814
Visa_msaldototal_lag1	0.000751259580481996	0.000999702633861269	0.000996758572516148
tmobile_app_lag6	0.000749480639667776	0.000922770307402666	0.000451288330076209
mttarjeta_visa_debitos_automaticos	0.000738818580809249	0.001841477312886	0.00130677403404676
ctarjeta_visa_transacciones_lag1	0.000730175555616717	0.00140457517371707	0.00140095594641049
mtarjeta_visa_consumo_lag6	0.00072696927638515	0.000510921967870002	0.00109094048487988
ccomisiones_otras_lag1	0.000717084897572032	0.000610202228562541	0.00142842567084991
Master_fultimo_cierre_lag3	0.000710835062607784	0.00046839788919459	0.001397031700062
Master_mfinanciacion_limite_lag1	0.000708264373579523	0.00126429810319838	0.00123221335342547
Visa_msaldopesos_lag2	0.000695345767123955	0.000730537307799333	0.000953591862682772
Master_msaldototal	0.000679427056978025	0.00239163403487059	0.00086333419666753
ctarjeta_master	0.000669033519885229	0.000328423683317443	0.000137348622197107
mtransferencias_recibidas_lag3	0.000667224484959387	0.00148315191350144	0.00110663747027383
Visa_mconsumosdolares	0.000664767272617922	0.0018477377074426	0.0012596830778649
Visa_mconsumosdolares_lag3	0.000664390723921727	0.000522340793196272	0.00122044061438001
mttarjeta_visa_debitos_automaticos_lag1	0.000657834257079516	0.000551895059108175	0.00113803144106174
Visa_mlimitecompra_lag3	0.000656973193593473	0.0010082033033699	0.00121651636803152
mtarjeta_visa_consumo_lag1	0.000649438187640004	0.000553616286257991	0.00119297088994059
mdescubierto_preacordado_lag1	0.000645360873183805	0.000299582695095194	0.000361030664060967
Visa_mpagado	0.00064353014965526	0.00179729786688045	0.000843712964925086
Master_mfinanciacion_limite_lag2	0.000637227404281143	0.000573648399121316	0.00105954651409197
ctarjeta_visa_transacciones_lag2	0.000621464785861824	0.000600095077363114	0.00112233445566779
Visa_msaldopesos_lag1	0.000617652539269662	0.00100879536277977	0.00100853131156161
tmobile_app	0.000609917736119949	0.000291413678437944	0.000761303791606822
mautoservicio_lag6	0.000607033748517559	0.000868720760284038	0.00110271322392535
mtransferencias_emitidas_lag6	0.000604901826729083	0.000992703341918832	0.00102815254330406
cprestamos_personales_lag1	0.000600748592363352	0.00453320444513814	0.000565091474182383
mcomisiones_mantenimiento_lag2	0.00060017313723381	0.000931642688828259	0.00104384952869801
Master_mfinanciacion_limite_lag3	0.000594975856920023	0.000644898132121703	0.00103207678965255
ctarjeta_debito_transacciones	0.000592869742869915	0.00225441829172254	0.000655349140197625
mtransferencias_emitidas_lag3	0.000590286806551831	0.000386212664994733	0.000988910079819171
mtransferencias_recibidas_lag1	0.000578993550365851	0.00134424418405823	0.00095751610903126
Master_msaldopesos	0.000578124462428229	0.00148078163896034	0.000643576401152159
Master_mpagospesos	0.000577806789305652	0.00093072006291455	0.000804470501440198
mtarjeta_visa_consumo_lag3	0.000573719121137154	0.000342901482261357	0.00106739500678895
Visa_mlimitecompra_lag1	0.000566813997366946	0.000439888055914435	0.000996758572516148
ctransferencias_emitidas_lag6	0.000565265982391817	0.00142238104361744	0.000812318994137176
cproductos_lag1	0.00056324999260269	0.000986853858319624	0.000773076530652288
Visa_mconsumosdolares_lag1	0.000553732346173772	0.000489070313404397	0.00107524349948592
ctarjeta_visa_debitos_automaticos_lag2	0.000551275733393068	0.000338856738779182	0.00092612213824335
Master_mpagospesos_lag6	0.000542074512448486	0.00167449791033752	0.0011184102093193
mplazo_fijo_dolares	0.000540251112857292	0.00421646411277321	0.000502303532606563
mautoservicio_lag3	0.00053978225191316	0.00153910754790979	0.00102422829695557
Visa_msaldototal_lag2	0.000539116886698753	0.000704517654670126	0.000945743369985794
Master_mlimitecompra_lag1	0.000537313486941512	0.000433862267162212	0.000973213094425216
ctarjeta_debito_transacciones_lag6	0.000525264009252957	0.0014237996777126	0.00101637980425859
mtarjeta_visa_consumo_lag2	0.000524598836323597	0.000375891820181088	0.000937894877288817
mautoservicio_lag1	0.000515829894614853	0.000724630428838374	0.000953591862682772
Visa_mlimitecompra_lag2	0.000513443751427344	0.000672432289516563	0.00092612213824335
Visa_mconsumosdolares_lag2	0.000509060103575372	0.000506000044012918	0.000984985833470682
Master_mconsumospesos_lag6	0.00049977346225158	0.000549116770536448	0.000945743369985794
mtransferencias_emitidas_lag2	0.000496050556983748	0.000563784544506601	0.000859409950319041
mtransferencias_emitidas_lag1	0.000494064626331442	0.00134309822319588	0.00089472816745544
mextraccion_autoservicio_lag6	0.000493356265070788	0.000613463805996589	0.000879031182061485
ctarjeta_visa_debitos_automaticos	0.000488766833425939	0.000593757371073171	0.000933970630940328
mautoservicio_lag2	0.00048822721026101	0.00133381570030906	0.000981061587122193
Visa_msaldodolares	0.000483953348566949	0.000550005719676384	0.000510152025303541
Master_msaldopesos_lag6	0.000480439084792953	0.000457747428431201	0.000757379545258333
ctarjeta_master_transacciones	0.000477454414561236	0.0032961657439357	0.000486606547212608
mcuenta_debitos_automaticos_lag3	0.000476675500114046	0.00324864143385129	0.00083194022587962
Master_mlimitecompra_lag3	0.000475501525678535	0.000426525347456917	0.000804470501440198
mtransferencias_recibidas_lag2	0.000466889944156615	0.000696239460085001	0.000875106935712996
ccuenta_debitos_automaticos_lag6	0.000464746056251287	0.00144586344153559	0.000651424893849136
ctarjeta_visa_debitos_automaticos_lag1	0.000462468293356834	0.00033395246806964	0.000828015979531131
ctarjeta_debito_transacciones_lag2	0.000459203759239837	0.00068854549415455	0.00086333419666753
mpagomiscuentas_lag6	0.000458162917940738	0.000562795334541523	0.000839788718576597
cproductos_lag3	0.000453759435506933	0.000813369406695398	0.000765228037955311
Master_mlimitecompra_lag2	0.000449296970793273	0.000457375444927356	0.000828015979531131
tpaquete4	0.000445600140029401	0.00266543462483221	0.000427742851985276
mextraccion_autoservicio_lag3	0.000445080429795971	0.000337648946635951	0.000710288589076468
cproductos_lag2	0.000439629519447487	0.00117577404109656	0.00067104612559158
cpagomiscuentas_lag6	0.000435605323417229	0.00116261705970462	0.000725985574470423
ccomisiones_mantenimiento_lag6	0.00043541189474042	0.00020328042986401	0.000368879156757945
Visa_mconsumototal	0.000432041458246723	0.00041801268286085	0.000400273127545855
ccaja_ahorro_lag3	0.000431934509680533	0.000366430864710655	0.000317863954227591
cliente_vip_lag1	0.000431643136743571	0.00218232066446637	0.00028646998343968
Master_mpagospesos_lag1	0.000427878273473469	0.000725220043966273	0.000839788718576597
ccaja_seguridad_lag2	0.000420774180549454	0.000303711992627647	6.67121879243091e-05
mdescubierto_preacordado_lag6	0.000419465944365616	0.000226282028466287	0.000239379027257815
ccajas_consultas	0.000415626958137342	0.00418349658815185	0.000706364342727979
ctarjeta_debito_transacciones_lag3	0.000413598291942518	0.000550948805135449	0.000753455298909844
Master_mpagospesos_lag3	0.000404805985996964	0.000553030473346485	0.000824091733182642
Master_mpagominimo_lag6	0.000404075581600098	0.0011493606322482	0.000678894618288558
mprestamos_prendarios	0.000401611295541299	0.00460601639116703	0.000317863954227591
cextraccion_autoservicio	0.000393407931762384	0.00132067044241767	0.000380651895803411
mtransferencias_recibidas_lag6	0.00039228690866795	0.000779257958113315	0.000777000777000777
Master_msaldototal_lag6	0.000391512464020815	0.000562033759650774	0.000725985574470423
Master_mconsumospesos	0.000391481211057057	0.00088239601998201	0.000623955169409715
mextraccion_autoservicio	0.000380030322013163	0.00127348991606552	0.000616106676712737
ccaja_ahorro_lag1	0.000379314562080064	0.000264688759432197	0.000321788200576079
Master_mpagospesos_lag2	0.000372054033281459	0.000330269523583112	0.000745606806212867
ctarjeta_debito_lag6	0.000362223957048419	0.000763900941892853	0.000635727908455181
Master_mpagominimo_lag1	0.000360333458936026	0.0012745917893235	0.000541545996091451
ctransferencias_recibidas	0.000359771671419451	0.00141163996336334	0.000612182430364249
ctarjeta_debito_transacciones_lag1	0.000357253056867656	0.000337378627156155	0.000718137081773446
mcuenta_debitos_automaticos_lag2	0.000357000475415196	0.000913039439832766	0.00067104612559158
mpagomiscuentas_lag3	0.000352249497145545	0.000401018903011888	0.000659273386546114
cprestamos_personales_lag2	0.000345424966926419	0.000910629106226085	0.00028646998343968
mcuenta_debitos_automaticos_lag1	0.000344668123768376	0.000993929330383376	0.00063965215480367
tmobile_app_lag1	0.000342960756519084	0.000224440307268378	0.000537621749742962
mextraccion_autoservicio_lag2	0.000339890224828559	0.000352677342725248	0.000620030923061226
Master_mconsumospesos_lag2	0.000339666854615792	0.000422681216153987	0.000643576401152159
matm_lag6	0.00033522790640915	0.000417658714620395	0.000612182430364249
mextraccion_autoservicio_lag1	0.000334305512647849	0.000414288276109839	0.000686743110985535
mplazo_fijo_dolares_lag6	0.000334037817193632	0.00101090925930119	0.000412045866591321
tcuentas_lag3	0.000323130968677972	0.000226161172302346	7.45606806212867e-05
internet_lag6	0.000322655581802342	0.000159040057867199	0.000298242722485147
ccaja_seguridad_lag6	0.000321055438743081	0.000850273311631723	0.000121651636803152
internet_lag1	0.000320107600227893	0.00016321624940184	0.000514076271652029
Master_msaldopesos_lag3	0.000316925485173548	0.000280053923259217	0.000596485444970293
ctransferencias_recibidas_lag3	0.000312378492778135	0.000629468873789762	0.000561167227833895
cprestamos_personales_lag6	0.00031057280413138	0.000885943080496946	0.000514076271652029
Master_mconsumospesos_lag1	0.000310038734374453	0.000700756764747528	0.000616106676712737
Master_mpagominimo_lag2	0.000307571331994617	0.000599773609019928	0.000498379286258074
Master_Finiciomora_lag1	0.000307555075482663	0.00253568738523537	0.000368879156757945
matm_other_lag6	0.000307154560952518	0.00104018057694313	0.000604333937667271
mtarjeta_master_consumo_lag1	0.000305868461985582	0.00162934754121716	0.000537621749742962
cextraccion_autoservicio_lag3	0.000302834628687843	0.000336106785772483	0.000580788459576338
Master_msaldototal_lag1	0.000299582558378621	0.000732011436148043	0.000572939966879361
Master_msaldopesos_lag1	0.000298103970829043	0.00039071598293267	0.00047875805451563
ctransferencias_recibidas_lag1	0.000297033033280124	0.000397332925805141	0.000521924764349007
tmobile_app_lag2	0.00029592070170398	0.000362266622998966	0.000435591344682254
Master_msaldototal_lag3	0.000295016444795697	0.000382519762322412	0.000553318735136917
ccuenta_debitos_automaticos	0.000294073946276037	0.00122725790691013	0.000474833808167142
cextraccion_autoservicio_lag6	0.000292848876913062	0.000440787868529782	0.000569015720530872
Master_mconsumospesos_lag3	0.000290358534524981	0.000388050221860402	0.000561167227833895
matm_lag3	0.000290124197089961	0.000232788118625091	0.000588636952273316
mdescubierto_preacordado_lag2	0.000287797862086547	0.000164302280091513	0.000176591085681995
Master_cconsumos_lag6	0.000285043341731865	0.000414285379183063	0.000521924764349007
ctarjeta_master_transacciones_lag3	0.000282245044532483	0.000309942422097913	0.000482682300864119
cpagomiscuentas_lag2	0.000281858506533935	0.000681164305786957	0.000408121620242832
ccaja_ahorro_lag6	0.000281845270938681	0.000701812287177091	0.000306091215182124
Visa_mpagosdolares	0.000279368489966425	0.000667481894301007	0.000455212576424698
ccuenta_debitos_automaticos_lag3	0.000271264011865476	0.00102206120524821	0.000474833808167142
ctransferencias_emitidas_lag2	0.00027085650604042	0.000450769229736852	0.00047875805451563
ctransferencias_emitidas_lag3	0.000267819953566374	0.000939274370833023	0.000498379286258074
matm_lag1	0.00026601890613184	0.000365987951765277	0.000521924764349007
ctarjeta_master_transacciones_lag1	0.000264666260756845	0.000329293757168854	0.000451288330076209
ctransferencias_emitidas_lag1	0.000264564287674418	0.000537449081094317	0.000463061069121675
Master_mpagominimo_lag3	0.000261736002255099	0.000455305545481348	0.000455212576424698
ccaja_seguridad_lag1	0.000260791756217168	0.00145249505009986	0.000153045607591062
Master_msaldopesos_lag2	0.000260657002428869	0.000481463074219306	0.00047875805451563
Visa_mconsumototal_lag6	0.00026010359791923	0.000186325486939641	0.000490530793561097
mpagomiscuentas_lag2	0.000259304080564573	0.000258297641054819	0.000463061069121675
cinversion1	0.000259100371994188	0.00692503148775519	0.000231530534560838
ctransferencias_emitidas	0.000255997847778117	0.00155724982343203	0.000412045866591321
catm_trx_lag3	0.00025584717801127	0.00112034347466638	0.000502303532606563
cpagomiscuentas_lag3	0.000253716436253268	0.000463152188505796	0.000412045866591321
matm_other_lag2	0.000253254971028831	0.000212721785814223	0.000443439837379231
ctarjeta_master_transacciones_lag2	0.000246972907726399	0.000297481517892901	0.000388500388500389
ctarjeta_master_transacciones_lag6	0.000246769103344402	0.000510715154456876	0.000459136822773186
ccallcenter_transacciones_lag1	0.000244571957521203	0.000505664588945141	0.000486606547212608
minversion2	0.000240737879983476	0.00469299883557915	0.000278621490742703
Visa_mpagosdolares_lag6	0.000237786084232864	0.00102179586486131	0.000349257925015501
matm_lag2	0.000236284089326159	0.000357742302341902	0.00047875805451563
Visa_msaldodolares_lag2	0.000235820707513121	0.000748664102869118	0.000502303532606563
mpagomiscuentas_lag1	0.000235692657432169	0.00079412150096326	0.000419894359288299
cpagomiscuentas	0.000235216529518377	0.000730391148790583	0.000349257925015501
Master_cconsumos_lag2	0.000234305989873106	0.000703173299588089	0.000439515591030743
Visa_msaldodolares_lag6	0.000232695546709212	0.000750647003982882	0.000474833808167142
catm_trx_lag2	0.000232548774570951	0.000428592304711668	0.00041597011293981
matm_other_lag1	0.000227805916208126	0.000446899388208785	0.000435591344682254
catm_trx_other_lag6	0.000226112633062129	0.00176651231655974	0.000451288330076209
Master_cconsumos	0.000225883484828803	0.000826334285630492	0.0003845761421519
cextraccion_autoservicio_lag1	0.000224284651619149	0.000307322649738216	0.000435591344682254
Visa_msaldodolares_lag3	0.000224262507071283	0.000646791500092293	0.000463061069121675
ccajas_otras	0.00022413110826759	0.0010894250730943	0.000345333678667012
mttarjeta_master_debitos_automaticos_lag6	0.000222497338641708	0.000549452406662148	0.000443439837379231
Master_cconsumos_lag1	0.000221542543704592	0.000546949552456555	0.000427742851985276
Visa_msaldodolares_lag1	0.000220834010369949	0.000371474052112008	0.000435591344682254
Master_msaldototal_lag2	0.000218470480199196	0.000544730959190867	0.000392424634848877
mcaja_ahorro_adicional	0.000216717660674734	0.00117253763071388	0.000239379027257815
mtarjeta_master_consumo_lag6	0.000215060324446921	0.000257226683437278	0.000396348881197366
thomebanking_lag6	0.00021490124199292	0.000114162633566529	0.000380651895803411
mcheques_emitidos_rechazados	0.000214460256525957	0.000950067595769098	0.000219757795515371
ccaja_ahorro_lag2	0.000212945121122879	0.000191728436435001	0.000219757795515371
ctransferencias_recibidas_lag2	0.000212480742298892	0.000395665291800684	0.000419894359288299
ccallcenter_transacciones_lag3	0.000211427468144973	0.00022681714515921	0.000400273127545855
thomebanking_lag2	0.000211256039280422	0.000210510480129956	0.000419894359288299
ctransferencias_recibidas_lag6	0.000210764790746642	0.000674585882987712	0.000439515591030743
mcheques_depositados	0.000210080905789137	0.00248130052720525	0.000290394229788169
ccajas_otras_lag1	0.000210019242922349	0.000814290086236429	0.000329636693273057
cextraccion_autoservicio_lag2	0.000208281330707219	0.000403002528357346	0.000451288330076209
Visa_mpagosdolares_lag3	0.00020680019926262	0.00101233350619197	0.000404197373894344
matm_other_lag3	0.000206416866422124	0.000279096036314905	0.000412045866591321
catm_trx_lag6	0.000203029412829077	0.000394942689627969	0.000376727649454922
Visa_mconsumototal_lag1	0.000202722679794009	0.000135966307682405	0.000380651895803411
thomebanking_lag1	0.000202570692235679	9.31355621490539e-05	0.000345333678667012
mprestamos_prendarios_lag6	0.000201823551912434	0.000994016509773545	0.000196212317424439
matm	0.000201489827901229	0.000363845040711615	0.00035318217136399
internet_lag3	0.000200585510308864	0.000195279389695293	0.000408121620242832
ccheques_emitidos_rechazados_lag1	0.000199165297383776	0.000916715594647163	0.000102030405060708
ctarjeta_debito	0.000197691006694803	0.00150381374582272	0.000380651895803411
Master_cconsumos_lag3	0.000193764596138077	0.000229120609326542	0.000400273127545855
mpagodeservicios_lag6	0.000193570282603869	0.00037909274321076	0.00035318217136399
internet_lag2	0.000193423121415482	0.000141264334111093	0.000376727649454922
Visa_delinquency_lag2	0.00019205762190985	5.75485367548733e-05	5.49394488788428e-05
Visa_mconsumototal_lag3	0.000189660176464904	0.000104494230980239	0.000361030664060967
catm_trx_other_lag3	0.000185834233394109	0.000233774884308202	0.000361030664060967
ccajas_transacciones	0.00018564960360365	0.000125737802409748	0.000227606288212349
mtarjeta_master_consumo_lag2	0.000184414519687227	0.000169318489862263	0.0003845761421519
mcheques_emitidos_rechazados_lag1	0.00018406230856589	0.00102332485376084	0.00016089410028804
Visa_mpagado_lag1	0.000183191944837093	0.000333238964057582	0.000376727649454922
ccajas_depositos	0.000182706206641908	0.00342161475895746	0.000266848751697237
Master_delinquency	0.000182009300723451	0.000321195715217618	0.00012950012950013
cpagomiscuentas_lag1	0.000181073963841769	0.00112067657598115	0.000325712446924568
mdescubierto_preacordado_lag3	0.000179196511737784	3.37529991580207e-05	0.000117727390454663
catm_trx_lag1	0.000179167982583094	0.000615730922785777	0.000400273127545855
mforex_sell	0.000178924010786505	0.00127840631765594	0.000364954910409456
Visa_mpagado_lag6	0.0001774487253266	0.000391071580694437	0.00035318217136399
ccuenta_debitos_automaticos_lag2	0.000173889240915496	0.000426325776360731	0.000333560939621546
Visa_mpagosdolares_lag1	0.000173538443448164	0.000319681844654698	0.000313939707879102
mtarjeta_master_consumo_lag3	0.000172397427647101	0.000177886105538114	0.00035318217136399
Visa_mpagado_lag2	0.000167470928002885	0.000206425903904609	0.000357106417712478
ccallcenter_transacciones_lag2	0.00016668486678328	0.000652193996942844	0.000333560939621546
ccallcenter_transacciones_lag6	0.000165255032274899	0.000638781316498438	0.000361030664060967
ccajas_consultas_lag1	0.000164657837276824	0.000674651516484983	0.000345333678667012
mttarjeta_master_debitos_automaticos_lag3	0.000163729836347127	0.000532140145925738	0.000302166968833635
ccajas_transacciones_lag6	0.000162955778764649	0.000577030742190343	0.000278621490742703
ccuenta_debitos_automaticos_lag1	0.000162648035125805	0.000256429168548712	0.000294318476136658
cpayroll_trx_lag6	0.000161744597096255	0.000448920809395774	0.00025507601265177
ccomisiones_mantenimiento_lag3	0.000160928147304686	0.000414564842087995	0.000235454780909326
ctarjeta_debito_lag3	0.000160190910704985	0.00027592697947977	0.000298242722485147
thomebanking_lag3	0.000158056653903021	5.92939351374768e-05	0.000357106417712478
ctarjeta_debito_lag1	0.000157971050555196	0.000278699564726907	0.00028646998343968
mcheques_depositados_lag6	0.000156453237874301	0.00154669749606318	0.000282545737091192
mprestamos_prendarios_lag1	0.000156001626431224	0.00181639753143771	0.000117727390454663
mcheques_emitidos_rechazados_lag2	0.000154697896040431	0.000903457899785279	0.00016089410028804
cplazo_fijo_lag6	0.000154012653734789	0.000590233938617252	0.000168742592985017
matm_other	0.000153360086345152	0.000315550464956125	0.000317863954227591
Master_mpagosdolares	0.000152677967793329	0.000511342746484231	0.000153045607591062
Visa_mconsumototal_lag2	0.000152447305105259	0.000104988609640374	0.000270772998045725
ccajas_depositos_lag1	0.000150961523742921	0.000821477950006198	0.000215833549166883
Visa_Finiciomora_lag2	0.000144755751174559	0.00208916826393043	0.000278621490742703
Visa_mpagosdolares_lag2	0.000143903979887575	0.000924643215827899	0.000306091215182124
minversion2_lag6	0.000143833883358934	0.00109485060956562	0.000207985056469905
cpayroll_trx_lag2	0.000143263431560632	0.000332927951809478	0.000145197114894085
catm_trx_other_lag2	0.000143071622873886	0.000329394832754652	0.000270772998045725
ccajas_consultas_lag2	0.000142427533182789	0.000215287512383754	0.000259000259000259
ctarjeta_debito_lag2	0.000141811437587913	0.000484149928539663	0.000251151766303281
mforex_buy_lag6	0.000141601272831996	0.000728717404081207	0.000274697244394214
mforex_buy_lag1	0.000139039059465897	0.00223920073536766	0.000298242722485147
ccajas_consultas_lag3	0.000138935724148024	0.000449488290192524	0.000294318476136658
cpagodeservicios_lag6	0.000135734000702597	0.000725384761412183	0.000243303273606304
ccheques_emitidos	0.000135085950458816	0.0024615738137944	0.000172666839333506
catm_trx_other_lag1	0.000133925239415125	0.000277959399935612	0.000266848751697237
mttarjeta_master_debitos_automaticos_lag1	0.000133116956010722	0.00019314729685256	0.000262924505348748
mplazo_fijo_dolares_lag3	0.000132859871412508	0.000685608689370792	0.000259000259000259
tmobile_app_lag3	0.000132167342587971	0.000111640315634159	0.000219757795515371
mplazo_fijo_dolares_lag1	0.000129740597524502	0.000901353644598285	0.000196212317424439
ccajas_transacciones_lag2	0.000128667097244061	6.6912037797978e-05	0.000196212317424439
ccajas_otras_lag2	0.000127758901215979	0.00129612899144045	0.000227606288212349
mplazo_fijo_dolares_lag2	0.000126833912242917	0.000593158521991173	0.000200136563772927
ccomisiones_mantenimiento_lag2	0.000124715809166699	0.000271853583581199	0.000211909302818394
mforex_sell_lag1	0.000123682191971491	0.000253756889391197	0.000262924505348748
catm_trx	0.000120875240061362	0.000424549733924575	0.000235454780909326
cseguro_accidentes_personales_lag6	0.000119179098348945	9.20566379828782e-05	0.000184439578378972
cseguro_vida_lag6	0.000119015055073106	0.000209138830565951	0.000227606288212349
mforex_buy_lag2	0.000118913722075374	0.00279659728474607	0.000278621490742703
catm_trx_other	0.000117544135965224	0.000241182371339184	0.000219757795515371
Visa_mpagado_lag3	0.000114051515840874	0.000155959221505292	0.000266848751697237
tpaquete3_lag2	0.000114019700989359	0.000193174455541086	7.45606806212867e-05
mcheques_depositados_rechazados_lag2	0.000113994991266317	0.00173713331471779	0.00016089410028804
cseguro_vivienda_lag6	0.000113964189665869	0.000371708250536064	0.000207985056469905
mcheques_emitidos	0.000113765742995894	0.00369982275142204	0.000172666839333506
mtarjeta_visa_descuentos	0.000113113012390514	0.00530717723193534	0.000215833549166883
mpagodeservicios_lag2	0.000112423828215962	0.000286731248949178	0.000215833549166883
ccajas_transacciones_lag1	0.000110643893088995	4.67652247401109e-05	0.000188363824727461
mttarjeta_master_debitos_automaticos	0.000109321351803878	0.000340987971596778	0.000227606288212349
mforex_sell_lag2	0.000108521337369211	0.000327768570485716	0.000243303273606304
mcheques_depositados_rechazados_lag3	0.000105832102496977	0.00229283529772561	0.000184439578378972
ccajas_extracciones_lag1	0.000105722198636385	0.00162087063556099	0.000235454780909326
Master_delinquency_lag3	0.000104796418072063	3.88148807899751e-05	1.96212317424439e-05
mforex_sell_lag3	0.00010237151506574	0.000132944134087714	0.000207985056469905
Master_mconsumosdolares_lag6	0.000101992352372192	0.000537973334311831	0.000207985056469905
mcheques_emitidos_lag6	9.9051837242495e-05	0.00110524455651588	0.000188363824727461
active_quarter_lag6	9.89146708037741e-05	0.000581239614680177	0.000117727390454663
ccheques_emitidos_rechazados	9.82970225211465e-05	0.000559466584617855	9.02576660152418e-05
mcheques_depositados_lag1	9.82498811717703e-05	0.00111005264020356	0.000184439578378972
mprestamos_prendarios_lag2	9.78354677469623e-05	0.000246619586046568	7.06364342727979e-05
mforex_sell_lag6	9.75593003978843e-05	0.00196955198464996	0.000219757795515371
ccheques_emitidos_rechazados_lag2	9.69588403722264e-05	0.000505719675818368	6.67121879243091e-05
Visa_delinquency_lag1	9.64702567452641e-05	4.14743048349207e-05	9.81061587122193e-05
Master_mpagado_lag1	9.60515768528017e-05	0.000792942361236424	0.000188363824727461
Master_mconsumototal_lag2	9.58465653564976e-05	0.000135334913438657	0.000188363824727461
tcallcenter_lag1	9.55094706296624e-05	9.437250461797e-05	0.00019228807107595
cforex_buy	9.5292031420394e-05	0.000913005763058994	0.000184439578378972
mcheques_depositados_lag3	9.47094279911529e-05	0.000203847593809395	0.00019228807107595
mttarjeta_master_debitos_automaticos_lag2	9.46086606484777e-05	0.000508781772685192	0.000204060810121416
Master_mpagosdolares_lag1	9.42768906443311e-05	0.000352464147020319	0.000145197114894085
mprestamos_hipotecarios	9.42434494899791e-05	0.00241281093171976	0.000105954651409197
ctarjeta_master_debitos_automaticos_lag6	9.17259018478267e-05	0.000260995494644029	0.000184439578378972
ccajas_extracciones	9.09886359242739e-05	0.0010040468924134	0.000196212317424439
cseguro_vida_lag3	9.07244735359688e-05	0.000111085010982764	0.000172666839333506
Master_mconsumototal_lag1	9.04574798178076e-05	7.14742448255351e-05	0.000145197114894085
Visa_Finiciomora_lag3	8.82257960467577e-05	0.000999748713102801	0.000176591085681995
ccomisiones_mantenimiento_lag1	8.81082994468429e-05	0.000198914534890015	0.000153045607591062
mcaja_ahorro_adicional_lag6	8.61128547320324e-05	0.000429723101972928	0.000168742592985017
mtarjeta_visa_descuentos_lag3	8.59952104437618e-05	0.000628130538883682	0.000196212317424439
Master_mpagosdolares_lag3	8.50508071974048e-05	0.00213220867453921	0.000180515332030484
ccajas_otras_lag6	8.32700856210337e-05	0.00126665072459194	0.000200136563772927
ccajas_extracciones_lag6	8.25534023938912e-05	0.000225068668791907	0.000172666839333506
cpayroll_trx_lag3	8.22149213005247e-05	0.000360583191690682	0.000145197114894085
ccajas_consultas_lag6	8.21465637373646e-05	0.000443288368982369	0.000180515332030484
tpaquete3_lag1	8.20323690234844e-05	3.02282992966372e-05	7.45606806212867e-05
cprestamos_hipotecarios	8.08579291227406e-05	0.000600534369150022	5.49394488788428e-05
ccajas_depositos_lag3	7.94862805174647e-05	0.000363012264792447	0.00016089410028804
Master_mpagosdolares_lag6	7.93890343787963e-05	0.000947115265268399	0.000172666839333506
mtarjeta_visa_descuentos_lag6	7.87947804713821e-05	0.000537474836583936	0.000184439578378972
tcallcenter_lag3	7.78606379766422e-05	0.000100422238280576	0.000145197114894085
active_quarter_lag1	7.77889388180654e-05	0.000157654919487892	0.000149121361242573
mforex_buy_lag3	7.77280339932009e-05	0.000281667420944546	0.000180515332030484
ccheques_depositados	7.648537785397e-05	0.000757207864163547	8.6333419666753e-05
cseguro_vida	7.63127764935472e-05	0.000359599820843637	0.000149121361242573
ccajas_transacciones_lag3	7.62321160983386e-05	4.34885742339314e-05	0.000172666839333506
Master_mconsumototal_lag6	7.58318395190299e-05	0.000151936476560822	0.00016089410028804
cseguro_vida_lag2	7.55769405659367e-05	0.000277092087217535	0.000137348622197107
ccajas_extracciones_lag2	7.49205633665398e-05	8.68041476219523e-05	0.000149121361242573
mpagodeservicios	7.43672922906072e-05	0.00173280861042139	0.000156969853939551
mpagodeservicios_lag3	7.43417831362475e-05	0.000274928626089554	0.000172666839333506
mcheques_emitidos_lag3	7.41417309344973e-05	0.000373479947582056	0.000145197114894085
mcaja_ahorro_adicional_lag2	7.39935922334863e-05	0.000308411351032261	0.000141272868545596
cforex_lag3	7.35147117976883e-05	0.000163754081963616	0.000164818346636528
mforex_buy	7.23160959087261e-05	0.000223228441321867	0.00012950012950013
tcallcenter_lag6	7.17250888542155e-05	6.53786582438008e-05	0.000133424375848618
ccajas_depositos_lag2	7.15198542217294e-05	0.000717139881484983	0.000176591085681995
Master_mpagado_lag6	7.14219896857984e-05	0.000130932852144441	0.000133424375848618
mcheques_depositados_lag2	7.08774552848506e-05	0.000316865896034881	0.000133424375848618
Master_mconsumototal_lag3	7.07860702000769e-05	8.58406026175311e-05	0.000145197114894085
tcallcenter_lag2	7.00818607080545e-05	0.000100699935870755	0.000141272868545596
Master_msaldodolares_lag1	6.96483474777119e-05	9.44427098278097e-05	0.000117727390454663
cplazo_fijo_lag3	6.95509885236706e-05	0.000378721031293801	9.41819123637305e-05
cforex_lag6	6.87929537277966e-05	0.000203582253422496	0.000141272868545596
mprestamos_prendarios_lag3	6.67335711040585e-05	0.0011859348759703	9.02576660152418e-05
Master_mconsumosdolares_lag1	6.61726305682409e-05	0.000214165043786975	0.00012950012950013
cinversion2_lag6	6.61684983488439e-05	0.000817778121868303	0.000109878897757686
Master_mconsumosdolares_lag2	6.50498348062609e-05	0.000115110698118491	0.000121651636803152
active_quarter_lag2	6.50280319627201e-05	0.00039895778487517	0.00012950012950013
Master_mconsumosdolares_lag3	6.49160236066931e-05	4.98850790845337e-05	0.000117727390454663
ccheques_depositados_lag6	6.40617335739635e-05	0.000450187445364145	9.41819123637305e-05
tpaquete3_lag3	6.33575769768745e-05	5.86889300860795e-05	5.49394488788428e-05
mcajeros_propios_descuentos_lag1	6.29764261669272e-05	0.000155261741119463	0.000102030405060708
ccajas_depositos_lag6	6.29453937429684e-05	0.000464751880524457	0.000156969853939551
ccheques_emitidos_lag6	6.25364249326372e-05	0.000766460195641619	0.00012950012950013
mpagodeservicios_lag1	6.20948607268841e-05	0.000683179887855913	0.000133424375848618
ccajas_otras_lag3	6.1486220568505e-05	0.000454519980415734	0.000145197114894085
ctarjeta_master_debitos_automaticos_lag3	6.13438445133943e-05	0.000148961423290724	0.000117727390454663
mcajeros_propios_descuentos_lag2	6.09224761939419e-05	0.000135548878639761	0.000113803144106174
mcheques_emitidos_rechazados_lag3	6.06470259555778e-05	0.000718009910071913	8.24091733182642e-05
cseguro_accidentes_personales_lag3	6.05544376256158e-05	9.94000305089391e-05	0.000121651636803152
tpaquete4_lag1	6.05290997816034e-05	0.000363658460521442	0.000109878897757686
Master_status_lag1	6.03395141075249e-05	0.000430261387179513	7.45606806212867e-05
mtarjeta_visa_descuentos_lag2	6.03389695289855e-05	0.00011263998169432	0.000137348622197107
cseguro_accidentes_personales_lag2	5.98661417703057e-05	4.8840284336939e-05	0.000109878897757686
ccajas_extracciones_lag3	5.91444603028692e-05	0.000693539026420381	0.000125575883151641
mcheques_depositados_rechazados_lag1	5.80603924903788e-05	0.000416821140666253	0.000102030405060708
Master_msaldodolares_lag6	5.78580857120932e-05	0.000523359062958073	0.00012950012950013
cseguro_vida_lag1	5.78143846206755e-05	0.000265841283644278	0.000117727390454663
mtarjeta_visa_descuentos_lag1	5.77635613970233e-05	0.0021762351265994	0.000149121361242573
mcheques_emitidos_lag1	5.72236659682801e-05	0.000451048104203534	0.000109878897757686
Master_mpagado	5.71399206122643e-05	8.62784459410509e-05	9.81061587122193e-05
cforex_lag1	5.5620060658172e-05	0.000141376273172301	9.41819123637305e-05
active_quarter	5.51575238913311e-05	5.42980943831214e-05	8.6333419666753e-05
cforex	5.46108955841173e-05	0.000183175169599588	0.000109878897757686
cseguro_vivienda	5.45791986898306e-05	0.000822479155058708	0.000105954651409197
cseguro_vivienda_lag2	5.43461275259157e-05	0.000115654686649666	9.02576660152418e-05
Master_msaldodolares	5.40984758405202e-05	0.00157540006550291	0.00012950012950013
cseguro_accidentes_personales_lag1	5.40865622113261e-05	0.000123868424614023	0.000105954651409197
Master_mpagado_lag2	5.30478174657855e-05	0.000407633808982721	0.000109878897757686
cforex_lag2	5.276123734943e-05	8.78464980875796e-05	9.41819123637305e-05
mtarjeta_master_descuentos_lag2	5.22048142649257e-05	0.000797002675700021	9.81061587122193e-05
cseguro_vivienda_lag3	5.20837092021824e-05	0.000329131031360103	0.000105954651409197
minversion1_pesos	5.09682633922896e-05	0.00109976886699975	9.41819123637305e-05
cforex_sell_lag3	5.08024476016329e-05	0.000149976479274383	9.41819123637305e-05
mcajeros_propios_descuentos_lag6	5.07932413377495e-05	0.000426408021922484	0.000109878897757686
active_quarter_lag3	5.01626137381121e-05	0.000158800427705438	0.000102030405060708
cpagodeservicios_lag1	5.00984020380855e-05	0.000736505112751553	0.000102030405060708
tpaquete4_lag2	4.92729460568281e-05	0.000152767758752122	9.41819123637305e-05
mcajeros_propios_descuentos	4.84754707316929e-05	0.000122833633316702	9.81061587122193e-05
cforex_buy_lag2	4.7783134344931e-05	0.000360826669333318	0.000102030405060708
Master_mpagosdolares_lag2	4.76585004417614e-05	0.000478387579066142	8.6333419666753e-05
Master_delinquency_lag1	4.74319124963042e-05	2.6021690030847e-05	4.31667098333765e-05
Master_mconsumosdolares	4.70429609818729e-05	8.99291168527141e-05	7.84849269697755e-05
tcuentas_lag2	4.6823662915335e-05	0.000175906961376263	6.27879415758204e-05
ctarjeta_visa_lag2	4.6704340040208e-05	0.000247213139184303	6.27879415758204e-05
minversion2_lag2	4.6256431191559e-05	0.000372211817885816	6.67121879243091e-05
mprestamos_hipotecarios_lag2	4.60614783872083e-05	0.000143870798713413	2.35454780909326e-05
ccheques_emitidos_lag1	4.58686314019382e-05	0.000393691941492386	8.24091733182642e-05
cplazo_fijo_lag2	4.57907537689569e-05	0.000447819479311564	7.84849269697755e-05
Master_msaldodolares_lag2	4.49900410600784e-05	0.00032752817082778	8.6333419666753e-05
ccajeros_propios_descuentos_lag3	4.47888807629286e-05	0.000323193146229742	9.41819123637305e-05
Master_mconsumototal	4.44523079599213e-05	0.00025983636181774	9.81061587122193e-05
minversion2_lag1	4.43607416374547e-05	0.000322160256040618	7.06364342727979e-05
Master_msaldodolares_lag3	4.42356428290572e-05	7.29414929731516e-05	8.24091733182642e-05
cpagodeservicios_lag2	4.32032551483218e-05	0.000109422129748799	9.41819123637305e-05
Master_delinquency_lag6	4.25027087958926e-05	3.16602411491698e-06	7.84849269697754e-06
mcheques_depositados_rechazados	4.22845116465198e-05	0.000389721250700925	5.88636952273316e-05
Visa_madelantopesos	4.1420728729623e-05	0.00041747720405208	8.24091733182642e-05
mcaja_ahorro_adicional_lag1	4.13822216253895e-05	0.000121017939195297	7.06364342727979e-05
mtarjeta_master_descuentos_lag1	4.10474854831252e-05	0.00308867168881137	0.000109878897757686
Visa_Finiciomora_lag6	4.06093237095986e-05	0.00115758265361256	0.000105954651409197
minversion1_pesos_lag2	4.05690604324852e-05	0.000198577948210216	8.24091733182642e-05
mcajeros_propios_descuentos_lag3	4.01003818969636e-05	7.51772867415726e-05	8.24091733182642e-05
cseguro_auto_lag6	4.00802626803161e-05	0.000159582100025697	7.45606806212867e-05
cpagodeservicios	3.97382279027046e-05	0.00126248507968135	9.81061587122193e-05
ctarjeta_visa_lag1	3.95415674931029e-05	3.11604760158108e-05	3.5318217136399e-05
mcheques_emitidos_lag2	3.94815455910775e-05	3.27451854913022e-05	9.02576660152418e-05
minversion1_dolares_lag6	3.91998939690499e-05	0.00142392528664703	7.06364342727979e-05
Master_mpagado_lag3	3.8928487469434e-05	0.000664444149724895	9.02576660152418e-05
ccheques_emitidos_lag3	3.84600067171811e-05	8.78504360974159e-05	7.84849269697755e-05
mplazo_fijo_pesos_lag6	3.83761899351869e-05	0.000447599131818657	8.24091733182642e-05
ccheques_emitidos_lag2	3.83198153399113e-05	0.000243509508830014	8.24091733182642e-05
tcuentas_lag1	3.80871476844103e-05	0.000114491661078022	7.84849269697755e-05
mcheques_depositados_rechazados_lag6	3.72623340278637e-05	0.000523051355017074	8.24091733182642e-05
mtarjeta_master_descuentos_lag3	3.67518809168718e-05	0.000117819550976553	7.84849269697755e-05
minversion2_lag3	3.67191390040118e-05	0.000123131564129832	7.45606806212867e-05
ccheques_depositados_lag1	3.62443722565658e-05	0.000563522327368883	6.67121879243091e-05
minversion1_pesos_lag6	3.60722750016584e-05	0.000177713557337012	7.06364342727979e-05
mprestamos_hipotecarios_lag3	3.54943828360612e-05	0.000485147784020588	3.5318217136399e-05
cforex_sell_lag1	3.48665806098726e-05	3.292579077e-05	6.27879415758204e-05
ctarjeta_master_debitos_automaticos_lag2	3.44291139032619e-05	0.000103353701855591	7.45606806212867e-05
Visa_madelantopesos_lag6	3.39020763724563e-05	9.01246594101012e-05	7.06364342727979e-05
cpagodeservicios_lag3	3.31837019838198e-05	7.76483200171096e-05	6.67121879243091e-05
cforex_buy_lag3	3.31316255218853e-05	0.000124032372563758	7.06364342727979e-05
ctarjeta_master_debitos_automaticos	3.28370001828889e-05	0.000340575295324626	7.06364342727979e-05
ccheques_depositados_rechazados	3.26179316671255e-05	0.000485808328590021	5.10152025303541e-05
cseguro_vivienda_lag1	3.25070534502961e-05	4.84350314396504e-05	7.06364342727979e-05
ctarjeta_visa_descuentos_lag3	3.17690979580496e-05	0.000176289084123824	7.84849269697755e-05
mcaja_ahorro_adicional_lag3	3.1742210939039e-05	6.29609917912174e-05	5.49394488788428e-05
cseguro_accidentes_personales	3.15814700074201e-05	1.51948335854812e-05	5.49394488788428e-05
ccajeros_propios_descuentos_lag1	3.14651217213818e-05	0.00100199455558598	7.84849269697755e-05
mtarjeta_master_descuentos	3.03914860217652e-05	0.000509976845509297	7.06364342727979e-05
tpaquete4_lag3	3.0050151503835e-05	4.09951803048414e-05	5.10152025303541e-05
cforex_buy_lag6	2.95794805246096e-05	0.000106133936799996	6.67121879243091e-05
ctarjeta_master_descuentos_lag1	2.94705112090531e-05	0.000115005141349086	5.88636952273316e-05
cseguro_auto_lag3	2.87868286166681e-05	5.75893200521432e-05	4.70909561818653e-05
cinversion1_lag2	2.86431314100498e-05	0.000538880208186194	3.5318217136399e-05
mcheques_emitidos_rechazados_lag6	2.83210435205491e-05	0.000127744195789086	5.10152025303541e-05
ccajeros_propios_descuentos	2.82058100499597e-05	0.00117131725504496	6.27879415758204e-05
Master_Finiciomora_lag2	2.8192771219786e-05	0.00106169541840653	7.06364342727979e-05
cprestamos_prendarios_lag6	2.81072988620133e-05	2.69458549369054e-05	1.96212317424439e-05
Visa_status_lag6	2.76611789210298e-05	0.000225440923882637	4.31667098333765e-05
ccheques_depositados_lag2	2.72117114282222e-05	0.000140424723255312	5.10152025303541e-05
ctarjeta_visa_descuentos_lag2	2.69042503369052e-05	0.000251827400364869	6.27879415758204e-05
ccheques_emitidos_rechazados_lag3	2.6700851245154e-05	0.00024272493958298	4.31667098333765e-05
cforex_sell	2.6375063459427e-05	2.67205736155824e-05	5.49394488788428e-05
ctarjeta_visa_descuentos	2.60401106464827e-05	0.000228510082008478	5.49394488788428e-05
ctarjeta_visa_descuentos_lag1	2.51993377892532e-05	9.29851482791008e-05	7.06364342727979e-05
cforex_buy_lag1	2.51281398852618e-05	0.00013754653597429	4.70909561818653e-05
Master_Finiciomora_lag6	2.42683699068872e-05	0.00135496973859539	6.67121879243091e-05
cpayroll2_trx_lag2	2.41363373312731e-05	0.00244553420920232	6.27879415758204e-05
ccheques_depositados_lag3	2.38573742380544e-05	2.80815860265814e-05	5.49394488788428e-05
cforex_sell_lag6	2.30306622694036e-05	2.61645447324937e-05	5.10152025303541e-05
Visa_delinquency_lag3	2.27380567124932e-05	8.51592363868949e-06	2.74697244394214e-05
ctarjeta_visa_lag6	2.25828816107857e-05	4.230970609398e-05	3.92424634848877e-05
tcuentas_lag6	2.22324220295676e-05	0.000171851263889716	5.10152025303541e-05
cplazo_fijo_lag1	2.2004110544197e-05	0.000217573368668024	4.31667098333765e-05
ctarjeta_master_descuentos_lag2	2.17386243061827e-05	9.76676230323472e-05	5.49394488788428e-05
cprestamos_prendarios_lag3	2.15893782225046e-05	0.00139561511499202	4.31667098333765e-05
tpaquete3_lag6	2.02189239532609e-05	8.43241519792017e-05	3.13939707879102e-05
ctarjeta_visa_descuentos_lag6	1.94728640815759e-05	6.01593014828765e-05	4.70909561818653e-05
mpayroll2_lag2	1.93085586729057e-05	0.00215696730449567	4.70909561818653e-05
mprestamos_hipotecarios_lag1	1.87960436267914e-05	0.000301726013529184	1.96212317424439e-05
minversion1_pesos_lag3	1.78156659711396e-05	7.98750608893553e-05	4.31667098333765e-05
ccajeros_propios_descuentos_lag2	1.77199216107581e-05	6.42295288677854e-05	4.31667098333765e-05
cseguro_auto_lag2	1.74166762303596e-05	2.92771114954953e-05	3.13939707879102e-05
cinversion1_lag3	1.73475612361899e-05	0.000535005251771787	2.74697244394214e-05
tpaquete4_lag6	1.73129895353645e-05	0.000313821588109042	3.5318217136399e-05
minversion1_dolares_lag3	1.72995286657319e-05	0.000547623585841289	3.5318217136399e-05
ccajeros_propios_descuentos_lag6	1.70285882422615e-05	0.000477579019644243	5.10152025303541e-05
cforex_sell_lag2	1.69111055406305e-05	2.04427522338386e-05	4.31667098333765e-05
Visa_cadelantosefectivo	1.68564966892141e-05	0.000262498003822248	3.5318217136399e-05
Master_Finiciomora_lag3	1.62448091921218e-05	0.000232206334252384	4.31667098333765e-05
minversion1_pesos_lag1	1.55111404804059e-05	0.000112120254924894	3.5318217136399e-05
Visa_madelantopesos_lag1	1.50274590275785e-05	8.86779160723219e-05	3.13939707879102e-05
ctarjeta_master_descuentos	1.45688764497381e-05	7.18699469173588e-05	3.5318217136399e-05
cinversion1_lag6	1.44796121005181e-05	4.947801560801e-05	2.74697244394214e-05
cinversion2_lag3	1.40389136102052e-05	0.000880465263550216	3.5318217136399e-05
mpayroll2_lag6	1.39388186797344e-05	0.000770230636369682	3.13939707879102e-05
Master_madelantopesos_lag6	1.38665100839607e-05	0.000432511665581815	3.5318217136399e-05
ccheques_depositados_rechazados_lag2	1.37008623454456e-05	0.000114905106846349	2.74697244394214e-05
cinversion2_lag1	1.35991966543638e-05	0.000362877512432877	3.5318217136399e-05
mprestamos_hipotecarios_lag6	1.32326175076503e-05	0.00140690760715216	3.92424634848877e-05
ctarjeta_master_debitos_automaticos_lag1	1.31953285650782e-05	2.31162535323368e-05	2.35454780909326e-05
ctarjeta_visa_lag3	1.28589506435001e-05	0.000110996111542323	2.74697244394214e-05
Master_madelantopesos_lag1	1.25310445149642e-05	1.87824058108024e-05	1.96212317424439e-05
tcuentas	1.19043047183858e-05	3.42734954236212e-05	2.74697244394214e-05
ctarjeta_master_lag2	1.16231479363511e-05	6.09719347080549e-05	1.56969853939551e-05
Master_cadelantosefectivo	1.13775696407075e-05	8.95356779849343e-05	1.56969853939551e-05
cprestamos_hipotecarios_lag3	1.1146621808729e-05	2.78942363402329e-05	7.84849269697754e-06
cseguro_auto_lag1	1.10104806357092e-05	2.24940027137256e-05	1.96212317424439e-05
Visa_status_lag2	1.09166328056008e-05	0.000199428648863812	2.74697244394214e-05
Visa_cadelantosefectivo_lag3	1.04819312465427e-05	1.92981493059109e-05	2.74697244394214e-05
ccheques_depositados_rechazados_lag6	1.04615228641382e-05	5.4376764050885e-05	1.56969853939551e-05
mtarjeta_master_descuentos_lag6	1.0184135520658e-05	9.00760453576397e-05	2.74697244394214e-05
ctarjeta_master_lag6	9.84743692036447e-06	4.26168255967281e-05	1.56969853939551e-05
Visa_delinquency_lag6	9.67139718563338e-06	4.03980965375975e-06	1.56969853939551e-05
Visa_cadelantosefectivo_lag6	9.52115643284213e-06	1.92366801408804e-05	1.17727390454663e-05
ctarjeta_master_descuentos_lag3	9.39362114839345e-06	9.85744969067108e-05	2.74697244394214e-05
Master_madelantopesos_lag2	9.14673147585933e-06	1.33878755088855e-06	1.56969853939551e-05
Master_madelantopesos	9.03667901054066e-06	7.67806904476661e-05	1.96212317424439e-05
ctarjeta_master_lag3	8.76595261045809e-06	0.000178578516302084	1.56969853939551e-05
Visa_madelantopesos_lag3	8.72534391262944e-06	2.77330042593503e-05	1.56969853939551e-05
cliente_vip	8.42738023642206e-06	2.73021316658855e-05	2.35454780909326e-05
minversion1_dolares	8.41458892806375e-06	0.000790305659960878	2.74697244394214e-05
minversion1_dolares_lag1	7.88449657485373e-06	2.88587318987525e-05	1.96212317424439e-05
ctarjeta_master_lag1	7.86419398231593e-06	4.05188169080955e-05	1.96212317424439e-05
cprestamos_prendarios	7.85465782510398e-06	0.00062784283784323	2.35454780909326e-05
Master_status_lag6	7.49039836813062e-06	6.50572351650957e-05	1.56969853939551e-05
Visa_cadelantosefectivo_lag1	7.41009907375224e-06	1.06075952999993e-05	1.17727390454663e-05
cinversion2_lag2	7.27567232785173e-06	0.000228039919845612	1.17727390454663e-05
Master_cadelantosefectivo_lag2	6.92646181033985e-06	8.32977346108429e-05	1.17727390454663e-05
cinversion1_lag1	6.92283145644171e-06	2.64218280417965e-05	1.56969853939551e-05
Master_status_lag2	6.76484625412454e-06	5.6388724961371e-05	1.96212317424439e-05
cpayroll2_trx_lag3	6.67059954836341e-06	0.000912079923367143	2.35454780909326e-05
mplazo_fijo_pesos_lag1	6.65379168691089e-06	2.95943249774789e-05	1.17727390454663e-05
mplazo_fijo_pesos_lag3	6.6472656535937e-06	5.48949970924417e-05	1.17727390454663e-05
cliente_vip_lag6	6.45850272736751e-06	5.23945419043349e-06	1.56969853939551e-05
Master_status_lag3	6.45231437652692e-06	1.67908591811917e-06	7.84849269697754e-06
cliente_vip_lag3	6.37065213397071e-06	1.67716217768192e-05	1.56969853939551e-05
ccheques_emitidos_rechazados_lag6	5.31979679051871e-06	1.22114063864206e-05	1.17727390454663e-05
ccheques_depositados_rechazados_lag3	4.79446732314931e-06	0.000137885747993979	7.84849269697754e-06
ctarjeta_master_descuentos_lag6	4.76737809174664e-06	2.43471758252963e-05	7.84849269697754e-06
Master_cadelantosefectivo_lag6	4.76310933316637e-06	0.000241051783311855	1.17727390454663e-05
cprestamos_prendarios_lag1	4.66256283574733e-06	4.22830905792246e-05	7.84849269697754e-06
cprestamos_prendarios_lag2	4.60122416042821e-06	7.47314316049377e-05	1.56969853939551e-05
mplazo_fijo_pesos_lag2	4.22690794606112e-06	5.17195579655024e-05	1.17727390454663e-05
cseguro_auto	4.18529006992196e-06	3.29866714967791e-05	7.84849269697754e-06
ccuenta_corriente	4.12780839743598e-06	0.000430858470946757	1.56969853939551e-05
minversion1_dolares_lag2	3.81370698105446e-06	1.61340715636716e-05	7.84849269697754e-06
ccuenta_corriente_lag6	3.25340861721934e-06	0.00033221345197884	1.17727390454663e-05
Master_madelantopesos_lag3	3.20002495297042e-06	2.03558896950363e-06	3.92424634848877e-06
mplazo_fijo_pesos	2.7518899135716e-06	0.000254735371674308	1.17727390454663e-05
cinversion2	2.63731124051177e-06	1.25457751066564e-05	7.84849269697754e-06
cpayroll2_trx_lag6	2.45992535772607e-06	0.000234765678530111	7.84849269697754e-06
Visa_madelantopesos_lag2	2.43444944724658e-06	9.32434726714639e-06	3.92424634848877e-06
Visa_madelantodolares_lag2	2.36887296630148e-06	9.02121103871549e-07	3.92424634848877e-06
Master_delinquency_lag2	2.07793718891021e-06	9.98398654696175e-07	7.84849269697754e-06
ccheques_depositados_rechazados_lag1	2.03599736131891e-06	1.37192115089026e-06	3.92424634848877e-06
tpaquete1	1.86721578891089e-06	7.7321238878295e-06	3.92424634848877e-06
Visa_madelantodolares_lag3	1.66664349607351e-06	5.79335564292101e-06	3.92424634848877e-06
Master_cadelantosefectivo_lag3	1.54134094799996e-06	1.35413220990573e-06	3.92424634848877e-06
cprestamos_hipotecarios_lag2	1.46857808707643e-06	1.98512359977426e-05	3.92424634848877e-06
ccuenta_corriente_lag3	1.46141532908943e-06	9.15790071806678e-05	3.92424634848877e-06
Visa_cadelantosefectivo_lag2	1.44007499803165e-06	3.64967509308394e-07	3.92424634848877e-06
ccuenta_corriente_lag2	1.36441823952032e-06	1.0994470818052e-05	3.92424634848877e-06
Master_cadelantosefectivo_lag1	1.02296092796221e-06	1.31131201099643e-07	3.92424634848877e-06
