fecha	objective	metric	first_metric_only	boost_from_average	feature_pre_filter	verbosity	seed	max_depth	min_gain_to_split	lambda_l1	lambda_l2	max_bin	num_iterations	force_row_wise	learning_rate	feature_fraction	min_data_in_leaf	num_leaves	ratio_corte	iteracion_bayesiana	ganancia
20211109 213344	binary	custom	TRUE	TRUE	FALSE	-100	999983	-1	0	0	0	31	269	TRUE	0.0645602115627844	0.63986410292564	6725	875	0.029319709104299	1	5721250
20211109 213418	binary	custom	TRUE	TRUE	FALSE	-100	999983	-1	0	0	0	31	190	TRUE	0.0797958493034821	0.456949214638735	5420	233	0.0340814943134744	2	5810000
20211109 213508	binary	custom	TRUE	TRUE	FALSE	-100	999983	-1	0	0	0	31	279	TRUE	0.0374248144822195	0.284688804911275	1863	643	0.0423246550007113	3	6078750
20211109 213547	binary	custom	TRUE	TRUE	FALSE	-100	999983	-1	0	0	0	31	194	TRUE	0.0302461570804007	0.716879156147479	3441	583	0.0356966516867097	4	5818750
20211109 213611	binary	custom	TRUE	TRUE	FALSE	-100	999983	-1	0	0	0	31	143	TRUE	0.0950774515385274	0.24009763586364	4466	560	0.0355711213209142	5	5587500
20211109 213704	binary	custom	TRUE	TRUE	FALSE	-100	999983	-1	0	0	0	31	218	TRUE	0.0704762228077743	0.954553980292985	1423	735	0.0361485610035734	6	6001250
20211109 213739	binary	custom	TRUE	TRUE	FALSE	-100	999983	-1	0	0	0	31	151	TRUE	0.0416776349721476	0.357269387664564	333	455	0.039914471977438	7	6138750
20211109 213807	binary	custom	TRUE	TRUE	FALSE	-100	999983	-1	0	0	0	31	176	TRUE	0.054768541851081	0.775999088597018	5668	207	0.0415463667327793	8	5695000
20211109 213841	binary	custom	TRUE	TRUE	FALSE	-100	999983	-1	0	0	0	31	184	TRUE	0.0470934370625764	0.496766517739161	6218	764	0.0293531838685111	9	5516250
20211109 213917	binary	custom	TRUE	TRUE	FALSE	-100	999983	-1	0	0	0	31	233	TRUE	0.0570536477002315	0.845860107977933	4850	1007	0.038115203401036	10	6107500
20211109 214041	binary	custom	TRUE	TRUE	FALSE	-100	999983	-1	0	0	0	31	174	TRUE	0.0898747351008933	0.422536110643705	2223	105	0.0492288251194631	11	5647500
20211109 214306	binary	custom	TRUE	TRUE	FALSE	-100	999983	-1	0	0	0	31	959	TRUE	0.0287886727566365	0.890805306076072	2716	438	0.0395880930263697	12	5837500
20211109 214338	binary	custom	TRUE	TRUE	FALSE	-100	999983	-1	0	0	0	31	277	TRUE	0.0846872135763988	0.17388273474935	7975	957	0.0334371051023909	13	5806250
20211109 214446	binary	custom	TRUE	TRUE	FALSE	-100	999983	-1	0	0	0	31	656	TRUE	0.0203197670343798	0.119054606254213	3631	349	0.0364665712635887	14	5553750
20211109 214516	binary	custom	TRUE	TRUE	FALSE	-100	999983	-1	0	0	0	31	218	TRUE	0.0902462668856606	0.747011210091296	7479	317	0.0467851673319776	15	5862500
20211109 214602	binary	custom	TRUE	TRUE	FALSE	-100	999983	-1	0	0	0	31	135	TRUE	0.0674365962983575	0.553959958789346	703	840	0.0315039374691405	16	6045000
20211109 214709	binary	custom	TRUE	TRUE	FALSE	-100	999983	-1	0	0	0	31	213	TRUE	0.0466215498718154	0.604609390852378	1005	754	0.0394458252784682	17	6108750
20211109 214803	binary	custom	TRUE	TRUE	FALSE	-100	999983	-1	0	0	0	31	349	TRUE	0.05864833830636	0.995431238054456	3734	1024	0.0408936088306428	18	5942500
20211109 214900	binary	custom	TRUE	TRUE	FALSE	-100	999983	-1	0	0	0	31	248	TRUE	0.0374080482745899	0.306534508166715	560	726	0.0304662197785644	19	5950000
20211109 214941	binary	custom	TRUE	TRUE	FALSE	-100	999983	-1	0	0	0	31	151	TRUE	0.0471359242650948	0.47395006206861	1183	486	0.0400316336521805	20	5771250
20211109 215046	binary	custom	TRUE	TRUE	FALSE	-100	999983	-1	0	0	0	31	444	TRUE	0.0418123128450313	0.350914935822844	3751	393	0.0461658841940532	21	6105000
20211109 215126	binary	custom	TRUE	TRUE	FALSE	-100	999983	-1	0	0	0	31	231	TRUE	0.0400232060026552	0.362370222268754	1605	214	0.0374959202631116	22	6150000
20211109 215159	binary	custom	TRUE	TRUE	FALSE	-100	999983	-1	0	0	0	31	201	TRUE	0.045111746863178	0.356808358107245	352	168	0.0351192120040504	23	5905000
20211109 215233	binary	custom	TRUE	TRUE	FALSE	-100	999983	-1	0	0	0	31	224	TRUE	0.0317840394599736	0.969354339546012	5367	102	0.0410358765785444	24	5621250
20211109 215328	binary	custom	TRUE	TRUE	FALSE	-100	999983	-1	0	0	0	31	290	TRUE	0.0412846659260872	0.342892478947766	1800	641	0.034734252215611	25	5812500
20211109 215406	binary	custom	TRUE	TRUE	FALSE	-100	999983	-1	0	0	0	31	233	TRUE	0.0554934794114903	0.734236518382677	4314	846	0.0357301264509218	26	6063750
20211109 215442	binary	custom	TRUE	TRUE	FALSE	-100	999983	-1	0	0	0	31	235	TRUE	0.0473255690898746	0.718817888564453	6321	730	0.0336881658339819	27	5568750
20211109 215510	binary	custom	TRUE	TRUE	FALSE	-100	999983	-1	0	0	0	31	146	TRUE	0.062278566761408	0.423446070845309	5296	627	0.031654573908095	28	5722500
20211109 215554	binary	custom	TRUE	TRUE	FALSE	-100	999983	-1	0	0	0	31	306	TRUE	0.0291698684212565	0.990747633903171	6196	506	0.035529277865649	29	5593750
20211109 215624	binary	custom	TRUE	TRUE	FALSE	-100	999983	-1	0	0	0	31	158	TRUE	0.0845429159516469	0.265302602361399	2184	862	0.0494045676315767	30	5721250
20211109 215703	binary	custom	TRUE	TRUE	FALSE	-100	999983	-1	0	0	0	31	150	TRUE	0.0722323446390033	0.951347630601563	2650	667	0.032173432753383	31	6095000
20211109 215750	binary	custom	TRUE	TRUE	FALSE	-100	999983	-1	0	0	0	31	283	TRUE	0.041229682752844	0.3594623087645	3164	382	0.0376214506289071	32	5981250
20211109 215853	binary	custom	TRUE	TRUE	FALSE	-100	999983	-1	0	0	0	31	386	TRUE	0.0585348356108903	0.847937563403911	3529	885	0.0382574711489376	33	5836250
20211109 215942	binary	custom	TRUE	TRUE	FALSE	-100	999983	-1	0	0	0	31	264	TRUE	0.0370687486988704	0.361784514566156	329	354	0.0330688826960575	34	5911250
20211109 220030	binary	custom	TRUE	TRUE	FALSE	-100	999983	-1	0	0	0	31	273	TRUE	0.0476338022232428	0.572736529607885	6004	663	0.0319474780949512	35	5578750
20211109 220127	binary	custom	TRUE	TRUE	FALSE	-100	999983	-1	0	0	0	31	430	TRUE	0.0551776551933028	0.327766494586272	6499	587	0.0324998117044513	36	5796250
20211109 220152	binary	custom	TRUE	TRUE	FALSE	-100	999983	-1	0	0	0	31	128	TRUE	0.0798047164328769	0.393344031555881	5062	686	0.0310603968433297	37	5561250
20211109 220249	binary	custom	TRUE	TRUE	FALSE	-100	999983	-1	0	0	0	31	210	TRUE	0.0386352451506071	0.404612072499818	875	661	0.0403412752211427	38	5875000
20211109 220321	binary	custom	TRUE	TRUE	FALSE	-100	999983	-1	0	0	0	31	256	TRUE	0.0433675417006388	0.112609258927475	2956	217	0.0357468638330279	39	5661250
20211109 220407	binary	custom	TRUE	TRUE	FALSE	-100	999983	-1	0	0	0	31	154	TRUE	0.0697419938869402	0.427681592786498	466	679	0.0345250349392851	40	5743750
20211109 220447	binary	custom	TRUE	TRUE	FALSE	-100	999983	-1	0	0	0	31	210	TRUE	0.0556473292419501	0.554259937580652	5574	930	0.0532039533696535	41	5803750
20211109 221711	binary	custom	TRUE	TRUE	FALSE	-100	999983	-1	0	0	0	31	313	TRUE	0.0495886520421691	0.37796487140283	4246	549	0.0413538868385596	42	6323750
20211109 221742	binary	custom	TRUE	TRUE	FALSE	-100	999983	-1	0	0	0	31	111	TRUE	0.0849849735815264	0.319760480330302	1022	336	0.0385671127178998	43	6090000
20211109 221824	binary	custom	TRUE	TRUE	FALSE	-100	999983	-1	0	0	0	31	126	TRUE	0.0465037125027552	0.727070892823022	1014	527	0.0423916045291356	44	5718750
20211109 221856	binary	custom	TRUE	TRUE	FALSE	-100	999983	-1	0	0	0	31	222	TRUE	0.0574375245955959	0.803841766718193	7531	301	0.0380817286368239	45	5662500
20211109 221959	binary	custom	TRUE	TRUE	FALSE	-100	999983	-1	0	0	0	31	263	TRUE	0.0289933062436432	0.914142998647527	367	455	0.0397219920832183	46	6117500
20211109 222025	binary	custom	TRUE	TRUE	FALSE	-100	999983	-1	0	0	0	31	144	TRUE	0.0775838731076382	0.402970562975947	6385	731	0.0374289707346874	47	5410000
20211109 222146	binary	custom	TRUE	TRUE	FALSE	-100	999983	-1	0	0	0	31	393	TRUE	0.0345491855871305	0.707065885409084	1984	378	0.0440820801218481	48	5866250
20211109 222210	binary	custom	TRUE	TRUE	FALSE	-100	999983	-1	0	0	0	31	105	TRUE	0.0926832483600639	0.398507780198264	3202	509	0.0330270392407923	49	5817500
20211109 222325	binary	custom	TRUE	TRUE	FALSE	-100	999983	-1	0	0	0	31	247	TRUE	0.0389983416760899	0.639422746171732	1062	636	0.030876285640163	50	6038750
20211109 222408	binary	custom	TRUE	TRUE	FALSE	-100	999983	-1	0	0	0	31	343	TRUE	0.0361606589905545	0.154521770766121	3700	912	0.0390692341810817	51	5765000
20211109 222436	binary	custom	TRUE	TRUE	FALSE	-100	999983	-1	0	0	0	31	195	TRUE	0.0772020599885657	0.216171464156941	5029	768	0.0372867029867858	52	6131250
20211109 222510	binary	custom	TRUE	TRUE	FALSE	-100	999983	-1	0	0	0	31	109	TRUE	0.0574770347673632	0.355708580444171	1078	683	0.0350941059308914	53	6058750
20211109 222537	binary	custom	TRUE	TRUE	FALSE	-100	999983	-1	0	0	0	31	144	TRUE	0.0827201820322871	0.445122697189893	6778	906	0.0303072146485568	54	5873750
20211109 222615	binary	custom	TRUE	TRUE	FALSE	-100	999983	-1	0	0	0	31	216	TRUE	0.0614497867436148	0.376586052501737	3570	455	0.0304996945427766	55	5795000
20211109 222657	binary	custom	TRUE	TRUE	FALSE	-100	999983	-1	0	0	0	31	190	TRUE	0.051510483745411	0.563124464816041	2977	546	0.0487434410383872	56	5870000
20211109 222736	binary	custom	TRUE	TRUE	FALSE	-100	999983	-1	0	0	0	31	323	TRUE	0.0571897158379108	0.164488068650709	5694	655	0.0312194019733373	57	5087500
20211109 222855	binary	custom	TRUE	TRUE	FALSE	-100	999983	-1	0	0	0	31	485	TRUE	0.0261860305045731	0.513292195390165	7761	656	0.0300645226080189	58	5510000
20211109 222938	binary	custom	TRUE	TRUE	FALSE	-100	999983	-1	0	0	0	31	296	TRUE	0.048912320607733	0.995964059002022	6650	244	0.039144552400559	59	5753750
20211109 223032	binary	custom	TRUE	TRUE	FALSE	-100	999983	-1	0	0	0	31	287	TRUE	0.0267261028291844	0.544028218840365	4986	184	0.033445473793444	60	5355000
20211109 223109	binary	custom	TRUE	TRUE	FALSE	-100	999983	-1	0	0	0	31	206	TRUE	0.0609886662657373	0.497974649444339	6412	910	0.0298134618764279	61	5597500
20211109 223151	binary	custom	TRUE	TRUE	FALSE	-100	999983	-1	0	0	0	31	244	TRUE	0.0925959693831392	0.396578101772489	3028	198	0.0362824600604219	62	5881250
20211109 223247	binary	custom	TRUE	TRUE	FALSE	-100	999983	-1	0	0	0	31	383	TRUE	0.0481949858487211	0.421873312736605	6723	536	0.0478563597867658	63	5452500
20211109 223358	binary	custom	TRUE	TRUE	FALSE	-100	999983	-1	0	0	0	31	492	TRUE	0.0235828061934812	0.378090742861066	5515	676	0.0309599725506933	64	5826250
20211109 223448	binary	custom	TRUE	TRUE	FALSE	-100	999983	-1	0	0	0	31	300	TRUE	0.0940431672497466	0.532507430415251	5945	1015	0.0367678441414978	65	6108750
20211109 223527	binary	custom	TRUE	TRUE	FALSE	-100	999983	-1	0	0	0	31	234	TRUE	0.068958120415397	0.482023982235603	1379	119	0.035002050329308	66	5972500
20211109 223546	binary	custom	TRUE	TRUE	FALSE	-100	999983	-1	0	0	0	31	74	TRUE	0.0976996565995924	0.856334283117973	4080	535	0.0355794900119672	67	5336250
20211109 223620	binary	custom	TRUE	TRUE	FALSE	-100	999983	-1	0	0	0	31	305	TRUE	0.0723469795234688	0.130008793261764	6518	144	0.0344580854108609	68	6003750
20211109 223658	binary	custom	TRUE	TRUE	FALSE	-100	999983	-1	0	0	0	31	297	TRUE	0.0769593343723938	0.202459480938455	4644	217	0.0434627969839237	69	5658750
20211109 223837	binary	custom	TRUE	TRUE	FALSE	-100	999983	-1	0	0	0	31	499	TRUE	0.0299708756191842	0.948382064583665	2101	385	0.0347677269798231	70	6157500
20211109 223923	binary	custom	TRUE	TRUE	FALSE	-100	999983	-1	0	0	0	31	318	TRUE	0.0630811281507835	0.271732241935167	7958	138	0.0426594026428326	71	5928750
20211109 224005	binary	custom	TRUE	TRUE	FALSE	-100	999983	-1	0	0	0	31	260	TRUE	0.0978895116117969	0.469711741302046	6729	896	0.0394793000426803	72	5853750
20211109 224103	binary	custom	TRUE	TRUE	FALSE	-100	999983	-1	0	0	0	31	358	TRUE	0.0255129659014009	0.451976334698149	5826	179	0.0364582025725356	73	5505000
20211109 224140	binary	custom	TRUE	TRUE	FALSE	-100	999983	-1	0	0	0	31	275	TRUE	0.0602211944327503	0.22254505741389	5277	374	0.0353367979714293	74	5822500
20211109 224206	binary	custom	TRUE	TRUE	FALSE	-100	999983	-1	0	0	0	31	137	TRUE	0.0948297502629645	0.784900363077223	2203	145	0.0395127748068925	75	6148750
20211109 224242	binary	custom	TRUE	TRUE	FALSE	-100	999983	-1	0	0	0	31	219	TRUE	0.0418801164876111	0.885492029009969	5218	163	0.0367845815236039	76	5906250
20211109 224321	binary	custom	TRUE	TRUE	FALSE	-100	999983	-1	0	0	0	31	247	TRUE	0.0387016240178421	0.920547404272342	6484	564	0.0374038646615283	77	5563750
20211109 224352	binary	custom	TRUE	TRUE	FALSE	-100	999983	-1	0	0	0	31	175	TRUE	0.0425319602072053	0.863257575254748	5544	388	0.0376967688483844	78	5620000
20211109 224422	binary	custom	TRUE	TRUE	FALSE	-100	999983	-1	0	0	0	31	220	TRUE	0.0303992116355896	0.165217367060971	7060	648	0.0351443180772095	79	5201250
20211109 224500	binary	custom	TRUE	TRUE	FALSE	-100	999983	-1	0	0	0	31	264	TRUE	0.0700494016601518	0.218210928347707	3345	632	0.0411614069443398	80	5952500
20211109 224526	binary	custom	TRUE	TRUE	FALSE	-100	999983	-1	0	0	0	31	136	TRUE	0.0647234458425082	0.799812874208856	5626	144	0.0341066003866335	81	5806250
20211109 224617	binary	custom	TRUE	TRUE	FALSE	-100	999983	-1	0	0	0	31	244	TRUE	0.0382203248930722	0.982837307361607	6530	540	0.0355794900119672	82	5486250
20211109 224736	binary	custom	TRUE	TRUE	FALSE	-100	999983	-1	0	0	0	31	418	TRUE	0.0404640250547417	0.175879165340634	3566	152	0.0366004703204372	83	5633750
20211109 224803	binary	custom	TRUE	TRUE	FALSE	-100	999983	-1	0	0	0	31	88	TRUE	0.0958131605852209	0.33169325672877	780	571	0.0299473609332764	84	5827500
20211109 224854	binary	custom	TRUE	TRUE	FALSE	-100	999983	-1	0	0	0	31	352	TRUE	0.0217320504062995	0.901632195077906	7441	811	0.0380315164905057	85	5720000
20211109 224947	binary	custom	TRUE	TRUE	FALSE	-100	999983	-1	0	0	0	31	333	TRUE	0.0631348979303241	0.792488310616324	4740	122	0.0370189048730888	86	6021250
20211109 225018	binary	custom	TRUE	TRUE	FALSE	-100	999983	-1	0	0	0	31	163	TRUE	0.0864638146546111	0.642167845299724	4207	1005	0.0478061476404476	87	6060000
20211109 225047	binary	custom	TRUE	TRUE	FALSE	-100	999983	-1	0	0	0	31	107	TRUE	0.058037643837817	0.730735204925574	2643	624	0.0334956859397622	88	6197500
20211109 225125	binary	custom	TRUE	TRUE	FALSE	-100	999983	-1	0	0	0	31	269	TRUE	0.0707739179464616	0.77025847955551	7023	154	0.0430527311223252	89	5970000
20211109 225210	binary	custom	TRUE	TRUE	FALSE	-100	999983	-1	0	0	0	31	250	TRUE	0.0589699120449461	0.926589186676079	3597	508	0.0363243035156871	90	6275000
20211109 225249	binary	custom	TRUE	TRUE	FALSE	-100	999983	-1	0	0	0	31	247	TRUE	0.0334567148417048	0.853748968570563	6684	599	0.0371946473852025	91	5345000
20211109 225314	binary	custom	TRUE	TRUE	FALSE	-100	999983	-1	0	0	0	31	87	TRUE	0.0623993072774226	0.927574964191835	3145	491	0.0348346765082473	92	5547500
20211109 225353	binary	custom	TRUE	TRUE	FALSE	-100	999983	-1	0	0	0	31	221	TRUE	0.0779374062406458	0.341383242442389	2817	557	0.0414459424401429	93	5910000
20211109 225431	binary	custom	TRUE	TRUE	FALSE	-100	999983	-1	0	0	0	31	78	TRUE	0.076169906396009	0.517671355470899	412	906	0.0368515310520282	94	6296250
20211109 225458	binary	custom	TRUE	TRUE	FALSE	-100	999983	-1	0	0	0	31	230	TRUE	0.082014807680212	0.138259828108992	7400	354	0.0391529210916121	95	5502500
20211109 225540	binary	custom	TRUE	TRUE	FALSE	-100	999983	-1	0	0	0	31	325	TRUE	0.0494141431783699	0.187329562072479	4239	284	0.0385503753357937	96	5842500
20211109 225627	binary	custom	TRUE	TRUE	FALSE	-100	999983	-1	0	0	0	31	184	TRUE	0.045332897095643	0.858515521227312	2030	782	0.0304745884696175	97	5948750
20211109 225700	binary	custom	TRUE	TRUE	FALSE	-100	999983	-1	0	0	0	31	183	TRUE	0.0854215697244927	0.486229236009857	7475	132	0.037069117019407	98	5863750
20211109 225747	binary	custom	TRUE	TRUE	FALSE	-100	999983	-1	0	0	0	31	314	TRUE	0.0717484384932928	0.333622198364511	4631	1024	0.0434460596018177	99	6011250
20211109 225812	binary	custom	TRUE	TRUE	FALSE	-100	999983	-1	0	0	0	31	104	TRUE	0.079758728711661	0.518765215917537	5051	593	0.0329517210213151	100	5678750
20211109 225858	binary	custom	TRUE	TRUE	FALSE	-100	999983	-1	0	0	0	31	224	TRUE	0.0388794734793156	0.321540998298954	1553	367	0.031378407103345	101	5913750
20211109 225941	binary	custom	TRUE	TRUE	FALSE	-100	999983	-1	0	0	0	31	163	TRUE	0.0567442471245304	0.562467300868337	2272	890	0.0378892487426042	102	6091250
20211109 230017	binary	custom	TRUE	TRUE	FALSE	-100	999983	-1	0	0	0	31	116	TRUE	0.0456288787491247	0.291893347817403	1581	603	0.0327341350539362	103	5411250
20211109 230055	binary	custom	TRUE	TRUE	FALSE	-100	999983	-1	0	0	0	31	222	TRUE	0.0479052742254548	0.876139235755522	5462	830	0.0432452110165449	104	5741250
20211109 230139	binary	custom	TRUE	TRUE	FALSE	-100	999983	-1	0	0	0	31	171	TRUE	0.0562308587797172	0.865958362022298	1627	315	0.0316880486723072	105	6267500
20211109 230300	binary	custom	TRUE	TRUE	FALSE	-100	999983	-1	0	0	0	31	490	TRUE	0.021576027243454	0.67403223798289	6695	733	0.0332613625902773	106	5582500
20211109 230328	binary	custom	TRUE	TRUE	FALSE	-100	999983	-1	0	0	0	31	162	TRUE	0.0875337808310427	0.936169395356765	5433	319	0.035010419020361	107	6021250
20211109 230355	binary	custom	TRUE	TRUE	FALSE	-100	999983	-1	0	0	0	31	115	TRUE	0.0826313996718079	0.211236353384797	712	536	0.030089628681178	108	5606250
20211109 230420	binary	custom	TRUE	TRUE	FALSE	-100	999983	-1	0	0	0	31	124	TRUE	0.0801827503519505	0.429004823934217	6505	688	0.0421489124885977	109	5855000
20211109 230451	binary	custom	TRUE	TRUE	FALSE	-100	999983	-1	0	0	0	31	215	TRUE	0.0545240405045822	0.191001194075355	3287	866	0.0384332136610513	110	5810000
20211109 230535	binary	custom	TRUE	TRUE	FALSE	-100	999983	-1	0	0	0	31	170	TRUE	0.0973339821725711	0.651666032952629	249	530	0.040433330822726	111	6061250
20211109 230618	binary	custom	TRUE	TRUE	FALSE	-100	999983	-1	0	0	0	31	209	TRUE	0.0665022739505209	0.96967455263976	1200	287	0.0433791100733934	112	5721250
20211109 230643	binary	custom	TRUE	TRUE	FALSE	-100	999983	-1	0	0	0	31	147	TRUE	0.0629817241140455	0.957099772378663	7211	317	0.0404835429690442	113	5453750
20211109 230721	binary	custom	TRUE	TRUE	FALSE	-100	999983	-1	0	0	0	31	272	TRUE	0.0776025511045195	0.141475633657142	2124	825	0.0358305507435582	114	5648750
20211109 230756	binary	custom	TRUE	TRUE	FALSE	-100	999983	-1	0	0	0	31	182	TRUE	0.0549734539842792	0.400730396701023	3254	690	0.0360062932556719	115	5922500
20211109 231011	binary	custom	TRUE	TRUE	FALSE	-100	999983	-1	0	0	0	31	540	TRUE	0.0378078753618523	0.74887366734657	1176	859	0.0365669955562251	116	6138750
20211109 231038	binary	custom	TRUE	TRUE	FALSE	-100	999983	-1	0	0	0	31	98	TRUE	0.0942775870687328	0.18984167803973	1628	380	0.0413957302938247	117	5917500
20211109 231108	binary	custom	TRUE	TRUE	FALSE	-100	999983	-1	0	0	0	31	152	TRUE	0.0861703913859651	0.487265926728072	5324	372	0.0305833814533069	118	5832500
20211109 231155	binary	custom	TRUE	TRUE	FALSE	-100	999983	-1	0	0	0	31	189	TRUE	0.0987701020856947	0.860044062109757	1795	771	0.0332948373544894	119	5777500
20211109 231238	binary	custom	TRUE	TRUE	FALSE	-100	999983	-1	0	0	0	31	218	TRUE	0.0911506524129398	0.601309782629204	2050	231	0.0320813771517997	120	5758750
20211109 231305	binary	custom	TRUE	TRUE	FALSE	-100	999983	-1	0	0	0	31	143	TRUE	0.0628350355440751	0.698436879431084	5794	745	0.032675554216565	121	5720000
20211109 231345	binary	custom	TRUE	TRUE	FALSE	-100	999983	-1	0	0	0	31	259	TRUE	0.0914087486459129	0.641604072137037	5203	903	0.0452788029424318	122	5837500
20211109 231408	binary	custom	TRUE	TRUE	FALSE	-100	999983	-1	0	0	0	31	123	TRUE	0.0934494162640348	0.74629264252896	6181	416	0.0365251521009599	123	5745000
20211109 231511	binary	custom	TRUE	TRUE	FALSE	-100	999983	-1	0	0	0	31	446	TRUE	0.0352214138266444	0.368428744079219	5585	410	0.0349351008008837	124	5782500
20211109 231542	binary	custom	TRUE	TRUE	FALSE	-100	999983	-1	0	0	0	31	214	TRUE	0.0923425149560906	0.253244047491904	4992	773	0.0374540768078465	125	5906250
20211109 231615	binary	custom	TRUE	TRUE	FALSE	-100	999983	-1	0	0	0	31	192	TRUE	0.0809248304814659	0.607217896570638	3629	119	0.0332529938992242	126	6083750
20211109 231642	binary	custom	TRUE	TRUE	FALSE	-100	999983	-1	0	0	0	31	235	TRUE	0.0605787737569213	0.113999766346021	6913	265	0.0314118818675571	127	5558750
20211109 231725	binary	custom	TRUE	TRUE	FALSE	-100	999983	-1	0	0	0	31	263	TRUE	0.0485029088419303	0.159083116993634	1374	511	0.0339057518013607	128	5486250
20211109 231753	binary	custom	TRUE	TRUE	FALSE	-100	999983	-1	0	0	0	31	148	TRUE	0.0866939182119817	0.935951671420783	5103	227	0.034232130752429	129	5987500
20211109 231845	binary	custom	TRUE	TRUE	FALSE	-100	999983	-1	0	0	0	31	232	TRUE	0.0624238940125704	0.736026093187556	2106	761	0.0358640255077703	130	5643750
20211109 231934	binary	custom	TRUE	TRUE	FALSE	-100	999983	-1	0	0	0	31	146	TRUE	0.0507527467395924	0.928338256945577	355	606	0.0331609382976409	131	5847500
20211109 231957	binary	custom	TRUE	TRUE	FALSE	-100	999983	-1	0	0	0	31	68	TRUE	0.0768289956345595	0.536176305817207	2776	501	0.0353033232072172	132	5577500
20211109 232034	binary	custom	TRUE	TRUE	FALSE	-100	999983	-1	0	0	0	31	251	TRUE	0.0506916971442103	0.687063135224068	6942	320	0.0357468638330279	133	5711250
20211109 232142	binary	custom	TRUE	TRUE	FALSE	-100	999983	-1	0	0	0	31	457	TRUE	0.0265893394683301	0.673246070868522	6543	868	0.0343241863540124	134	5673750
20211109 232212	binary	custom	TRUE	TRUE	FALSE	-100	999983	-1	0	0	0	31	289	TRUE	0.088273870305866	0.103417480963212	5413	512	0.0366841572309675	135	5371250
20211109 232243	binary	custom	TRUE	TRUE	FALSE	-100	999983	-1	0	0	0	31	171	TRUE	0.0461715275312774	0.104794062460051	1252	776	0.0386675370105362	136	5425000
20211109 232309	binary	custom	TRUE	TRUE	FALSE	-100	999983	-1	0	0	0	31	119	TRUE	0.0735398955754936	0.400551875803131	3447	352	0.0471115462830459	137	5713750
20211109 232354	binary	custom	TRUE	TRUE	FALSE	-100	999983	-1	0	0	0	31	324	TRUE	0.029767445007544	0.939620340286777	7331	147	0.0401069518716578	138	5860000
20211109 232429	binary	custom	TRUE	TRUE	FALSE	-100	999983	-1	0	0	0	31	79	TRUE	0.0924723517835513	0.851145995404222	571	646	0.0348095704350882	139	6101250
20211109 232504	binary	custom	TRUE	TRUE	FALSE	-100	999983	-1	0	0	0	31	127	TRUE	0.052487016654592	0.837787886991305	2036	665	0.034232130752429	140	5937500
20211109 232532	binary	custom	TRUE	TRUE	FALSE	-100	999983	-1	0	0	0	31	125	TRUE	0.0695957622216642	0.60040115947579	4224	563	0.0327676098181483	141	5606250
20211109 232650	binary	custom	TRUE	TRUE	FALSE	-100	999983	-1	0	0	0	31	387	TRUE	0.0240468734190986	0.419850595289143	1295	361	0.0301816842827613	142	6042500
20211109 232757	binary	custom	TRUE	TRUE	FALSE	-100	999983	-1	0	0	0	31	635	TRUE	0.0238324840665795	0.151296927941754	5149	954	0.0322571196639134	143	5482500
20211109 232858	binary	custom	TRUE	TRUE	FALSE	-100	999983	-1	0	0	0	31	333	TRUE	0.0390602054490149	0.425372933527455	2511	288	0.0418643769927946	144	6047500
20211109 232938	binary	custom	TRUE	TRUE	FALSE	-100	999983	-1	0	0	0	31	257	TRUE	0.0439649587424472	0.272813660007715	452	232	0.0312026645912313	145	6240000
20211109 233013	binary	custom	TRUE	TRUE	FALSE	-100	999983	-1	0	0	0	31	202	TRUE	0.0396384626023285	0.406742630408122	6047	437	0.0366339450846493	146	5528750
20211109 233033	binary	custom	TRUE	TRUE	FALSE	-100	999983	-1	0	0	0	31	115	TRUE	0.0884426440803893	0.276174154210859	308	149	0.0411865130174989	147	5498750
20211109 233121	binary	custom	TRUE	TRUE	FALSE	-100	999983	-1	0	0	0	31	210	TRUE	0.0484266220143624	0.624120568089979	2282	719	0.0339308578745198	148	5982500
20211109 233148	binary	custom	TRUE	TRUE	FALSE	-100	999983	-1	0	0	0	31	125	TRUE	0.0938110006752424	0.172416869596066	2664	798	0.0396048304084758	149	5785000
20211109 233214	binary	custom	TRUE	TRUE	FALSE	-100	999983	-1	0	0	0	31	126	TRUE	0.0746901108615845	0.961246342890617	4296	823	0.0302235277380265	150	5886250
20211109 233257	binary	custom	TRUE	TRUE	FALSE	-100	999983	-1	0	0	0	31	273	TRUE	0.0447011147386022	0.463566281875456	7856	140	0.0330772513871105	151	5710000
20211109 233336	binary	custom	TRUE	TRUE	FALSE	-100	999983	-1	0	0	0	31	309	TRUE	0.0706661347855814	0.257393804805959	7718	219	0.0394960374247864	152	5801250
20211109 233415	binary	custom	TRUE	TRUE	FALSE	-100	999983	-1	0	0	0	31	259	TRUE	0.0541254943392426	0.817303964145877	1477	148	0.0427933016996812	153	6008750
20211109 233444	binary	custom	TRUE	TRUE	FALSE	-100	999983	-1	0	0	0	31	96	TRUE	0.0915011504525691	0.491425803862093	941	424	0.033453842484497	154	6053750
20211109 233614	binary	custom	TRUE	TRUE	FALSE	-100	999983	-1	0	0	0	31	523	TRUE	0.024370214439705	0.643936983840307	2978	865	0.0457892930966668	155	6061250
20211109 233641	binary	custom	TRUE	TRUE	FALSE	-100	999983	-1	0	0	0	31	115	TRUE	0.0726532652839459	0.674305798775912	3270	318	0.0300394165348598	156	5813750
20211109 233715	binary	custom	TRUE	TRUE	FALSE	-100	999983	-1	0	0	0	31	222	TRUE	0.0466157429909334	0.13480915335496	1850	775	0.0331776756797469	157	5245000
20211109 233812	binary	custom	TRUE	TRUE	FALSE	-100	999983	-1	0	0	0	31	411	TRUE	0.034091653866116	0.10863171335829	1464	987	0.0387093804658013	158	5518750
20211109 233851	binary	custom	TRUE	TRUE	FALSE	-100	999983	-1	0	0	0	31	303	TRUE	0.0999198721997626	0.264022575124633	2565	117	0.0457307122592955	159	6270000
20211109 233918	binary	custom	TRUE	TRUE	FALSE	-100	999983	-1	0	0	0	31	152	TRUE	0.0559032977503538	0.120591993311769	1362	716	0.0316713112902011	160	5370000
20211109 234006	binary	custom	TRUE	TRUE	FALSE	-100	999983	-1	0	0	0	31	277	TRUE	0.0302257363139652	0.262205163462344	2299	1020	0.0360983488572552	161	5758750
20211109 234027	binary	custom	TRUE	TRUE	FALSE	-100	999983	-1	0	0	0	31	81	TRUE	0.0922900922857598	0.763114124241495	3420	905	0.0333617868829136	162	5767500
20211109 234103	binary	custom	TRUE	TRUE	FALSE	-100	999983	-1	0	0	0	31	219	TRUE	0.0968184791643918	0.468045871808799	7122	894	0.0343911358824366	163	5863750
20211109 234137	binary	custom	TRUE	TRUE	FALSE	-100	999983	-1	0	0	0	31	184	TRUE	0.0753653275494277	0.819543132000137	4023	725	0.0381905216205133	164	5946250
20211109 234251	binary	custom	TRUE	TRUE	FALSE	-100	999983	-1	0	0	0	31	445	TRUE	0.0331760169259645	0.550396545606526	7928	356	0.0301482095185492	165	5497500
20211109 234319	binary	custom	TRUE	TRUE	FALSE	-100	999983	-1	0	0	0	31	169	TRUE	0.0819705422356725	0.309064563473756	5083	884	0.0310938716075419	166	5356250
20211109 234340	binary	custom	TRUE	TRUE	FALSE	-100	999983	-1	0	0	0	31	123	TRUE	0.0859273942625895	0.233570713603543	7277	251	0.0295456637627309	167	5337500
20211109 234446	binary	custom	TRUE	TRUE	FALSE	-100	999983	-1	0	0	0	31	457	TRUE	0.0379304884311743	0.36766573340022	4199	646	0.0352196362966868	168	5740000
20211109 234534	binary	custom	TRUE	TRUE	FALSE	-100	999983	-1	0	0	0	31	329	TRUE	0.095209050175231	0.599797627174715	7724	315	0.0360816114751492	169	6011250
20211109 234627	binary	custom	TRUE	TRUE	FALSE	-100	999983	-1	0	0	0	31	249	TRUE	0.0257069024152867	0.38278412301538	1905	705	0.0321399579891709	170	5950000
20211109 234804	binary	custom	TRUE	TRUE	FALSE	-100	999983	-1	0	0	0	31	281	TRUE	0.0599335726522096	0.95861686147165	2962	993	0.0379143548157633	171	5937500
20211109 234859	binary	custom	TRUE	TRUE	FALSE	-100	999983	-1	0	0	0	31	156	TRUE	0.09892199462533	0.338402362246509	7555	980	0.0353200605893232	172	5975000
20211109 234946	binary	custom	TRUE	TRUE	FALSE	-100	999983	-1	0	0	0	31	288	TRUE	0.0450773626504838	0.759455272661359	4167	960	0.0458311365519319	173	6005000
20211109 235050	binary	custom	TRUE	TRUE	FALSE	-100	999983	-1	0	0	0	31	423	TRUE	0.0311656311369687	0.365073985037208	3592	804	0.0456470253487652	174	5782500
20211109 235135	binary	custom	TRUE	TRUE	FALSE	-100	999983	-1	0	0	0	31	347	TRUE	0.0281670224600658	0.263792004422098	7828	527	0.0307172805101554	175	5512500
20211109 235226	binary	custom	TRUE	TRUE	FALSE	-100	999983	-1	0	0	0	31	299	TRUE	0.0714470535551198	0.214930454231217	1268	462	0.0415631041148854	176	6092500
20211109 235305	binary	custom	TRUE	TRUE	FALSE	-100	999983	-1	0	0	0	31	196	TRUE	0.0732143712924793	0.69289147034334	4191	945	0.0356799143046036	177	5771250
20211109 235419	binary	custom	TRUE	TRUE	FALSE	-100	999983	-1	0	0	0	31	342	TRUE	0.0268152221137099	0.209621544513851	218	923	0.0321232206070649	178	5652500
20211109 235446	binary	custom	TRUE	TRUE	FALSE	-100	999983	-1	0	0	0	31	130	TRUE	0.0836579701279849	0.778922442225274	3775	800	0.0319223720217921	179	5832500
20211109 235528	binary	custom	TRUE	TRUE	FALSE	-100	999983	-1	0	0	0	31	251	TRUE	0.0385131738995016	0.265733456183271	2704	940	0.0451783786497954	180	5902500
20211109 235601	binary	custom	TRUE	TRUE	FALSE	-100	999983	-1	0	0	0	31	199	TRUE	0.0990132971225679	0.998512672290253	4941	347	0.0464085762345911	181	5818750
20211109 235649	binary	custom	TRUE	TRUE	FALSE	-100	999983	-1	0	0	0	31	289	TRUE	0.0296368082545698	0.682646241339925	4282	483	0.029319709104299	182	5671250
20211109 235736	binary	custom	TRUE	TRUE	FALSE	-100	999983	-1	0	0	0	31	144	TRUE	0.0523951811724529	0.405454324298119	5671	732	0.0374708141899526	183	5453750
20211109 235813	binary	custom	TRUE	TRUE	FALSE	-100	999983	-1	0	0	0	31	296	TRUE	0.042968472041022	0.11907650141411	1836	222	0.0387428552300135	184	5713750
20211110 000128	binary	custom	TRUE	TRUE	FALSE	-100	999983	-1	0	0	0	31	375	TRUE	0.0460761905831657	0.821924370631901	5660	995	0.0305833814533069	185	5732500
20211110 000155	binary	custom	TRUE	TRUE	FALSE	-100	999983	-1	0	0	0	31	52	TRUE	0.0956603246382251	0.717615520576504	1244	874	0.0354037474998535	186	5612500
20211110 000256	binary	custom	TRUE	TRUE	FALSE	-100	999983	-1	0	0	0	31	162	TRUE	0.0621509246674553	0.678186146471999	854	950	0.0335291607039743	187	6042500
20211110 000408	binary	custom	TRUE	TRUE	FALSE	-100	999983	-1	0	0	0	31	397	TRUE	0.0290839211662114	0.336395429321448	2450	936	0.0347175148335049	188	6115000
20211110 000448	binary	custom	TRUE	TRUE	FALSE	-100	999983	-1	0	0	0	31	231	TRUE	0.0601240665182099	0.808348380974377	4172	729	0.0335124233218682	189	5995000
20211110 000530	binary	custom	TRUE	TRUE	FALSE	-100	999983	-1	0	0	0	31	294	TRUE	0.0551082729411125	0.372097202331247	7392	328	0.0390524967989757	190	6017500
20211110 000604	binary	custom	TRUE	TRUE	FALSE	-100	999983	-1	0	0	0	31	294	TRUE	0.0459041290678643	0.1635546963681	7424	686	0.0314453566317692	191	5403750
20211110 000627	binary	custom	TRUE	TRUE	FALSE	-100	999983	-1	0	0	0	31	121	TRUE	0.0751641298653744	0.7936589496359	6716	841	0.0303323207217159	192	5420000
20211110 000654	binary	custom	TRUE	TRUE	FALSE	-100	999983	-1	0	0	0	31	129	TRUE	0.0792371977801621	0.604642370858393	4860	1011	0.0362406166051568	193	5537500
20211110 000737	binary	custom	TRUE	TRUE	FALSE	-100	999983	-1	0	0	0	31	307	TRUE	0.0320185251269117	0.768184045113158	7493	228	0.0325583925418225	194	5587500
20211110 000823	binary	custom	TRUE	TRUE	FALSE	-100	999983	-1	0	0	0	31	324	TRUE	0.0358441431634873	0.904211201692279	6902	969	0.0318303164202087	195	5446250
20211110 000847	binary	custom	TRUE	TRUE	FALSE	-100	999983	-1	0	0	0	31	131	TRUE	0.0857374820514396	0.30220667608704	4769	183	0.0325751299239286	196	5635000
20211110 000945	binary	custom	TRUE	TRUE	FALSE	-100	999983	-1	0	0	0	31	366	TRUE	0.0623918518519029	0.545408920202078	7433	136	0.0382742085310437	197	5883750
20211110 001018	binary	custom	TRUE	TRUE	FALSE	-100	999983	-1	0	0	0	31	114	TRUE	0.0908705220077373	0.561186259325314	1925	642	0.0325834986149816	198	5783750
20211110 001038	binary	custom	TRUE	TRUE	FALSE	-100	999983	-1	0	0	0	31	97	TRUE	0.0654578706522472	0.637867703863722	7324	1022	0.0369979831454562	199	5423750
20211110 001137	binary	custom	TRUE	TRUE	FALSE	-100	999983	-1	0	0	0	31	315	TRUE	0.0218174144200049	0.436719375751447	2928	888	0.0325667612328756	200	5786250
20211110 001244	binary	custom	TRUE	TRUE	FALSE	-100	999983	-1	0	0	0	31	338	TRUE	0.0225817686658539	0.555099528177502	993	140	0.0398391537579607	201	6150000
20211110 001633	binary	custom	TRUE	TRUE	FALSE	-100	999983	-1	0	0	0	31	254	TRUE	0.0464093706371449	0.457892903820076	7582	823	0.0362406166051568	202	5687500
20211110 001707	binary	custom	TRUE	TRUE	FALSE	-100	999983	-1	0	0	0	31	170	TRUE	0.0852833489288017	0.245812361554522	1352	239	0.0479818901525612	203	5883750
20211110 001802	binary	custom	TRUE	TRUE	FALSE	-100	999983	-1	0	0	0	31	94	TRUE	0.0929578713005781	0.805617013639235	3115	477	0.0331107261513227	204	5905000
20211110 001846	binary	custom	TRUE	TRUE	FALSE	-100	999983	-1	0	0	0	31	291	TRUE	0.0392810736099817	0.231419107236015	2860	307	0.0396215677905819	205	6032500
20211110 002257	binary	custom	TRUE	TRUE	FALSE	-100	999983	-1	0	0	0	31	509	TRUE	0.0522763032486662	0.289574962946214	6743	828	0.0439063376097345	206	5692500
20211110 002415	binary	custom	TRUE	TRUE	FALSE	-100	999983	-1	0	0	0	31	633	TRUE	0.0245346282692626	0.766892624569358	7263	872	0.0397973103026956	207	5656250
20211110 002441	binary	custom	TRUE	TRUE	FALSE	-100	999983	-1	0	0	0	31	154	TRUE	0.0676170330232382	0.96352673013946	7005	597	0.0406341794079988	208	5481250
20211110 002516	binary	custom	TRUE	TRUE	FALSE	-100	999983	-1	0	0	0	31	180	TRUE	0.0796748141837679	0.503219444141583	5212	533	0.042500397512825	209	5652500
20211110 002621	binary	custom	TRUE	TRUE	FALSE	-100	999983	-1	0	0	0	31	203	TRUE	0.0668406770667434	0.717270431777812	828	722	0.0289012745516474	210	5983750
20211110 002659	binary	custom	TRUE	TRUE	FALSE	-100	999983	-1	0	0	0	31	237	TRUE	0.0335218316999078	0.645911746141943	5540	931	0.0396215677905819	211	5982500
20211110 002732	binary	custom	TRUE	TRUE	FALSE	-100	999983	-1	0	0	0	31	146	TRUE	0.0461163050442375	0.64917151423872	5939	429	0.0424752914396659	212	5456250
20211110 002821	binary	custom	TRUE	TRUE	FALSE	-100	999983	-1	0	0	0	31	371	TRUE	0.0759466811119393	0.941781457407051	6807	884	0.031897265948633	213	6186250
20211110 002902	binary	custom	TRUE	TRUE	FALSE	-100	999983	-1	0	0	0	31	209	TRUE	0.0539776911238022	0.244293808246986	1452	676	0.0443498782355452	214	5926250
20211110 003036	binary	custom	TRUE	TRUE	FALSE	-100	999983	-1	0	0	0	31	281	TRUE	0.0638863769963756	0.619923330602376	3742	691	0.0396131990995288	215	6083750
20211110 003104	binary	custom	TRUE	TRUE	FALSE	-100	999983	-1	0	0	0	31	69	TRUE	0.0612397625339404	0.418597772821877	1110	865	0.0364749399546417	216	5752500
