Feature	Gain	Cover	Frequency
ctrx_quarter	0.133736236468102	0.0295152911834496	0.00339745803303889
Visa_status	0.0709343673704568	0.00319366959676565	0.00111392066657013
mdescubierto_preacordado	0.053414958895925	0.00448861770574688	0.00216100609314605
mcuenta_corriente	0.0307868531465592	0.0037995692034387	0.00456707473293752
mcaja_ahorro	0.0300541963373246	0.0207939509820723	0.00380960867966983
foto_mes	0.0245757938066565	0.01226330506445	0.00685061209940628
mtarjeta_visa_consumo	0.0206957260800836	0.0197144295907473	0.00236151181312867
mprestamos_personales	0.0180789217043643	0.0171084578161626	0.00513517427288829
Visa_Finiciomora	0.0168405511563893	0.0112835474423054	0.00206075323315473
internet	0.0124141090341742	0.000647656898447489	0.00101366780657882
mcuentas_saldo	0.0123932727804736	0.0245469680494245	0.00649415748610384
mpayroll	0.011757092959593	0.026061930949887	0.00232809419313157
ctarjeta_visa_transacciones	0.0110838025665456	0.0229215093610078	0.00333062279304468
cpayroll_trx	0.0104107041907515	0.0234564162043616	0.00135898321321555
Visa_mpagominimo	0.00787095948711637	0.0188126339804957	0.00307442103973355
mprestamos_personales_lag6	0.0067944394430026	0.00127331707071974	0.00193822195983202
ctarjeta_visa	0.00611931140436732	0.00132994550932089	0.000423289853296648
cproductos	0.00551806275682487	0.00954037297379115	0.00307442103973355
mrentabilidad	0.00519688469051574	0.00204686292263679	0.00360910295968721
mpasivos_margen	0.00448412614394001	0.00315546652638102	0.00331948358637898
Visa_msaldototal	0.00399719971840743	0.00149446319907998	0.0017377162398494
ctrx_quarter_lag6	0.00381487542526662	0.00335564153604826	0.00403239281298386
ccaja_ahorro	0.00371135725671298	0.0131727471410784	0.00240606863979147
mactivos_margen	0.00358804359739594	0.00766362671063796	0.00511289585955688
Visa_msaldopesos	0.0035652070166014	0.00522723324860818	0.00210531005981754
Visa_mpagospesos	0.00321769689535006	0.00136203486625094	0.00168202020652089
Visa_delinquency	0.0030861676583109	0.00330711707788054	0.000534681919953661
mcuentas_saldo_lag1	0.00291136651089872	0.00356870292219865	0.00313011707306206
mcaja_ahorro_lag1	0.00280300259471415	0.00404782215048773	0.00304100341973645
Master_Finiciomora	0.00264247587241885	0.00763323969399605	0.00153721051986678
Visa_status_lag1	0.00260686737695282	0.00092608912165693	0.000211644926648324
mrentabilidad_annual	0.00245354162506887	0.00135938031472851	0.00295188976641084
cliente_edad_lag6	0.0024148581679362	0.00281625315659499	0.00415492408630657
mpayroll_lag3	0.00237007625446108	0.00480326887566038	0.00125873035322424
chomebanking_transacciones_lag6	0.00237007465918298	0.00161194812049458	0.00365365978635002
mprestamos_personales_lag2	0.00234272557893409	0.00189315889285238	0.00108050304657302
numero_de_cliente	0.00229259694580083	0.00728631292821498	0.00460049235293462
mttarjeta_visa_debitos_automaticos_lag6	0.00227111660555005	0.00149532115918531	0.00288505452641663
mcomisiones_mantenimiento_lag6	0.00224766056369104	0.00320198988596502	0.00282935849308812
tpaquete3	0.00215301024316285	0.00481540011145162	0.00131442638655275
mcomisiones	0.00213701495428855	0.00129258859744226	0.00306328183306785
tcallcenter	0.00206282730877542	0.00103248118635634	0.000768605259933388
ccomisiones_mantenimiento	0.00205628341907552	0.00356955263735102	0.00134784400654985
cliente_edad	0.0020321239445703	0.00296215406589624	0.00404353201964956
mrentabilidad_annual_lag6	0.00202067442304427	0.00223929398148331	0.00389872233299544
mautoservicio	0.00200763789468871	0.0111943522478311	0.00145923607320687
mcuenta_corriente_lag6	0.00200318951066994	0.00253760607961129	0.00325264834638477
chomebanking_transacciones	0.00198900882421574	0.0024717948650646	0.00334176199971038
ctrx_quarter_lag2	0.00196994686161415	0.00151081197081015	0.00257315673977699
mcaja_ahorro_lag2	0.00196835030684823	0.00369261809859528	0.00228353736646876
mes	0.00196574293789113	0.00335186098261634	0.00302986421307075
mcuentas_saldo_lag6	0.0018916337819796	0.00252726205862399	0.00287391531975093
mcuenta_corriente_lag1	0.00187754230520061	0.000871318707455751	0.00221670212647455
mrentabilidad_annual_lag1	0.00185457780626195	0.00101485137526783	0.00297416817974224
mdescubierto_preacordado_lag2	0.00184784828513402	5.81105901454593e-05	0.00026734095997683
ctarjeta_visa_transacciones_lag6	0.00181714986952265	0.00160439525858369	0.00225011974647166
mcomisiones_mantenimiento	0.0017954707144979	0.00878514191072148	0.00313011707306206
mprestamos_personales_lag1	0.00175158998436318	0.00178293922998944	0.00121417352656144
Master_Fvencimiento_lag6	0.00166987242303584	0.00105427486035665	0.00321923072638767
mtransferencias_recibidas	0.00164275367633796	0.00768338986288908	0.00180455147984361
ctarjeta_master	0.00163763662673786	0.00050298772045254	0.000245062546645428
Visa_msaldopesos_lag3	0.00163143209702491	0.000656858750950875	0.00120303431989574
Visa_Fvencimiento	0.00162589024984299	0.00129219041471389	0.00328606596638187
Visa_cconsumos_lag6	0.00156812059325953	0.00212532383501689	0.0026065743597741
mcaja_ahorro_lag6	0.00155849270293749	0.00254783256960245	0.00318581310639056
mtarjeta_master_consumo	0.00153299672789817	0.00548693843532213	0.00125873035322424
ctrx_quarter_lag3	0.00153080188712081	0.00126803124754206	0.00241720784645718
Visa_mfinanciacion_limite	0.00150763014862971	0.00130742563279689	0.00274024483976251
mrentabilidad_annual_lag2	0.00149919910064248	0.00104913890132399	0.00292961135307943
Visa_mpagospesos_lag6	0.00147973232065252	0.000696023570848715	0.00271796642643111
mactivos_margen_lag1	0.00147300903470895	0.00179825722093356	0.00305214262640215
mpasivos_margen_lag6	0.00146149150633252	0.000901671289294119	0.00305214262640215
mprestamos_personales_lag3	0.00144814897492193	0.00412419660477108	0.00162632417319239
Visa_Fvencimiento_lag6	0.00142503206734108	0.00064892274122585	0.00294075055974514
mcuenta_debitos_automaticos	0.0014242325197781	0.0116508077170837	0.00182682989317501
mcuenta_corriente_lag3	0.00142269731690362	0.00196095326108517	0.00241720784645718
Visa_fechaalta_lag6	0.00140998781534202	0.00238209608179661	0.00238379022646007
mrentabilidad_annual_lag3	0.00140912173148623	0.00104135663572185	0.00297416817974224
mpagomiscuentas	0.00140422257401837	0.015354532737314	0.00151493210653537
cliente_edad_lag3	0.00137808709679154	0.00272723757276268	0.0026734095997683
Visa_mpagominimo_lag6	0.00137573133490205	0.00134340547586504	0.00192708275316632
cmobile_app_trx_lag6	0.00137379859000279	0.00183849000473866	0.00220556291980885
canarito110	0.00136958203634956	0.000725683899969722	0.00320809151972197
mcuentas_saldo_lag2	0.00136878145045881	0.00118872110500682	0.0026399919797712
mcuentas_saldo_lag3	0.00136269270935666	0.000992505289419028	0.00247290387978568
mcaja_ahorro_dolares	0.00135229199936494	0.00702892926159008	0.00211644926648324
mrentabilidad_lag6	0.00134597861876732	0.00069761048179538	0.00286277611308523
mpayroll_lag2	0.00133713670267926	0.00401038101075628	0.00116961669989863
mttarjeta_visa_debitos_automaticos_lag2	0.00132967812262559	0.0014150450638275	0.00192708275316632
Visa_fechaalta	0.00132898646521217	0.000934177582178889	0.00208303164648614
Master_Fvencimiento	0.00132669532925397	0.000946605151279546	0.00250632149978279
Visa_mpagominimo_lag1	0.00132644198889095	0.00379678822930417	0.00186024751317211
canarito78	0.00132341111819991	0.000606942350724188	0.00316353469305916
canarito10	0.00131811717854848	0.000559436063414461	0.00311897786639636
cprestamos_personales	0.00130860361351715	0.00431505546425367	0.00134784400654985
chomebanking_transacciones_lag3	0.00130322054599102	0.000631988577835337	0.0026622703931026
mrentabilidad_lag3	0.00129849178014734	0.000705718665538151	0.00240606863979147
canarito150	0.00129190946861692	0.000405485008372667	0.00286277611308523
Master_fechaalta_lag6	0.00126449203630606	0.00143924561742989	0.00246176467311998
canarito115	0.00126048997888604	0.000455516352943596	0.00290733293974803
canarito112	0.00125704628361467	0.000731889277901343	0.00299644659307364
canarito94	0.00125678142149944	0.000456669838029624	0.00287391531975093
mactivos_margen_lag6	0.001254150213082	0.00117225399395177	0.0026065743597741
canarito131	0.00124626987771828	0.000428159599014013	0.00288505452641663
mactivos_margen_lag2	0.00124052965354655	0.00157026972160339	0.00258429594644269
mpasivos_margen_lag3	0.00122733497704854	0.00061993785158479	0.00271796642643111
Master_mfinanciacion_limite	0.00122622151113791	0.002210380709767	0.00228353736646876
ccallcenter_transacciones	0.00122253214993911	0.00336551688804266	0.00160404575986098
canarito74	0.00122208020014494	0.00057269378611242	0.00277366245975962
Visa_mfinanciacion_limite_lag6	0.00120852006273554	0.00104372503887677	0.00204961402648903
canarito139	0.00120690557817478	0.000531434748162105	0.00294075055974514
ccaja_seguridad	0.00120398754235584	0.00688330399238297	0.000690630813273479
canarito87	0.00120279539951037	0.000634091849169497	0.00278480166642532
Visa_mconsumospesos_lag6	0.00120019788667221	0.000600097261442123	0.00216100609314605
canarito149	0.00119031742383467	0.00055056417069532	0.00276252325309391
Visa_mpagominimo_lag2	0.0011848581752989	0.000934168367231461	0.0017599946531808
ctrx_quarter_lag1	0.00118379335678649	0.0011374147027101	0.00210531005981754
canarito109	0.0011834048464797	0.000478591389633729	0.00278480166642532
Master_fechaalta_lag1	0.00117778187104091	0.000525493370391028	0.00143695765987546
Visa_cconsumos_lag3	0.00117742774185546	0.000809418348930939	0.00196050037316342
cliente_edad_lag2	0.0011763693901272	0.00210703782267202	0.00228353736646876
canarito2	0.00117586526187979	0.000528939437397865	0.00281821928642242
canarito122	0.00117513116683712	0.000877454407451551	0.00286277611308523
canarito75	0.00117337248499075	0.000359200429093089	0.00268454880643401
canarito40	0.00116716019954666	0.000760282794249524	0.00274024483976251
canarito12	0.00116496504890362	0.000553944278078457	0.00272910563309681
canarito19	0.00116159669559764	0.000432812985799752	0.0026288527731055
canarito18	0.00115744572238321	0.000393481650185218	0.00269568801309971
canarito48	0.00115671913935333	0.00105623845248768	0.00269568801309971
canarito143	0.0011538162344392	0.000492384064279785	0.0026399919797712
canarito26	0.00115247573729413	0.000465302950444341	0.0026399919797712
canarito126	0.00114993970106793	0.000426802415090088	0.00241720784645718
canarito86	0.00114453377013313	0.000698664057451392	0.0026177135664398
canarito63	0.001143314899731	0.000337183818031299	0.00252859991311419
canarito65	0.00114259861498039	0.00045542388013782	0.00269568801309971
canarito30	0.00114126549654358	0.000813185322440336	0.0025954351531084
mttarjeta_visa_debitos_automaticos_lag3	0.00113910769523558	0.00139121682643438	0.00196050037316342
canarito21	0.00113832157860813	0.000423126297729023	0.00269568801309971
mcomisiones_otras_lag6	0.0011379398599311	0.00085446505360593	0.00213872767981464
canarito147	0.00113681850801444	0.000557476836258528	0.00279594087309102
canarito52	0.00113412116473259	0.000557751668023945	0.00275138404642821
canarito57	0.00113273857920939	0.000692348100150627	0.0026511311864369
Visa_mconsumospesos	0.00113094809194761	0.00145601617508711	0.00232809419313157
canarito54	0.00112720155893036	0.000483496651649185	0.00277366245975962
canarito89	0.00112686096150041	0.000368746306300479	0.0026511311864369
ctarjeta_visa_debitos_automaticos_lag6	0.00112390495324877	0.00120623839673725	0.00181569068650931
cliente_edad_lag1	0.00112309539993589	0.0026193922946872	0.00213872767981464
canarito24	0.00111805056923879	0.000406561540564378	0.00251746070644849
canarito59	0.00111669796141156	0.00067997161742519	0.00268454880643401
canarito71	0.00111484795519551	0.00056938804497169	0.0026177135664398
canarito6	0.00111271464893007	0.000319492573959935	0.0025954351531084
Master_Fvencimiento_lag3	0.00111260483747859	0.000768044204970637	0.00206075323315473
Master_Fvencimiento_lag2	0.00110928179710633	0.00115473767221581	0.00227239815980306
canarito58	0.0011048299350514	0.000596910667954988	0.0026622703931026
canarito27	0.00110313803523597	0.000398798189854333	0.00247290387978568
canarito47	0.00110300629216098	0.000432061886751442	0.00253973911977989
canarito105	0.00110179427078361	0.000559185643176443	0.00268454880643401
canarito103	0.00110150406936385	0.000374385207463853	0.0026622703931026
canarito73	0.00110006132142277	0.000504576248056649	0.00251746070644849
Visa_mlimitecompra	0.0011000289647797	0.00149875057462048	0.00159290655319528
canarito125	0.00109994889555319	0.000822933443493924	0.0026399919797712
canarito37	0.00109808122194351	0.000534556837017239	0.00253973911977989
canarito61	0.00109770120643372	0.000375647493595838	0.00255087832644559
canarito45	0.00109484438768687	0.000397273358553503	0.00253973911977989
canarito7	0.00109440214168765	0.000422226789527388	0.00247290387978568
mcomisiones_otras_lag2	0.0010943726218052	0.000515592151877529	0.00202733561315763
canarito53	0.00109427494274837	0.000480579231626414	0.00272910563309681
canarito148	0.00109384249042368	0.000483735755285098	0.00258429594644269
mcaja_ahorro_dolares_lag6	0.00109350675355937	0.00356174191857788	0.00222784133314025
canarito1	0.00108751595610334	0.00027490079668958	0.00239492943312577
chomebanking_transacciones_lag1	0.00108717832621383	0.000802256556455668	0.00225011974647166
canarito155	0.00108700406589717	0.000426357349295857	0.00253973911977989
canarito36	0.00108645432983028	0.00050586989734304	0.00256201753311129
cliente_antiguedad_lag6	0.00108532495961296	0.00248391623924544	0.00236151181312867
canarito28	0.00108523896085993	0.000481747266629435	0.00248404308645138
mrentabilidad_lag2	0.00108391253575763	0.000422125101774184	0.00228353736646876
mcomisiones_otras	0.00108333503044002	0.000869517104400572	0.00202733561315763
canarito41	0.00108125757371989	0.00048239926457645	0.00250632149978279
mpasivos_margen_lag2	0.00108095882734562	0.000627069897563099	0.00245062546645428
canarito72	0.00107791869232693	0.000472233722570918	0.0026288527731055
canarito129	0.00107665802169988	0.000496580745337698	0.00251746070644849
canarito101	0.00107652530981071	0.000424244054685547	0.00258429594644269
canarito96	0.00107601106270653	0.000603436144060448	0.00268454880643401
canarito66	0.00107556701389831	0.000385728161085579	0.00252859991311419
mcuenta_corriente_lag2	0.00107513740994789	0.000992036782091865	0.00188252592650351
canarito152	0.00107409104636935	0.000497123457241524	0.00247290387978568
canarito88	0.00107300452413029	0.000516673372375827	0.0026622703931026
canarito144	0.00107253238678009	0.000490558858025929	0.00258429594644269
canarito64	0.00107159268449212	0.00049388464571896	0.00257315673977699
mcomisiones_lag6	0.00107124874098402	0.0006412555816337	0.00220556291980885
canarito116	0.00107034616164905	0.000421259058381632	0.00256201753311129
canarito25	0.0010691315787041	0.000430402711217047	0.00253973911977989
canarito104	0.0010681561578734	0.000452269781465302	0.00257315673977699
mcaja_ahorro_lag3	0.00106758920532552	0.000899676495674427	0.00202733561315763
canarito142	0.00106612940820735	0.000519673403593968	0.00242834705312288
canarito130	0.00106532059362369	0.000472928723605934	0.00256201753311129
canarito77	0.00106505586447636	0.000361411531478739	0.00252859991311419
canarito156	0.00106424811010127	0.000503269827176453	0.00246176467311998
Visa_Fvencimiento_lag3	0.00106422371301734	0.000642761174710951	0.00204961402648903
canarito137	0.0010630288816957	0.00110060276605572	0.00258429594644269
canarito69	0.00106147504463317	0.000445746407014519	0.00253973911977989
canarito151	0.00106120462345007	0.000394581300578374	0.00248404308645138
canarito34	0.00106041844707123	0.000321500139173432	0.00242834705312288
mtransferencias_emitidas	0.00106017285486524	0.00314042951050061	0.00169315941318659
canarito49	0.00106002707761808	0.000686936824355316	0.0026734095997683
canarito32	0.00105983780674096	0.000547151245166077	0.00245062546645428
Master_fechaalta	0.00105914150454017	0.00119525401773652	0.00196050037316342
canarito154	0.00105825060079621	0.000424839954619268	0.00249518229311708
canarito11	0.00105642009810895	0.000508242827138797	0.00236151181312867
canarito22	0.00104996583853211	0.000260452405784389	0.00240606863979147
canarito81	0.00104935839675542	0.000387815750842536	0.00242834705312288
canarito99	0.00104803402457641	0.000473424067446662	0.00240606863979147
canarito106	0.00104796197853167	0.000418567970400969	0.00242834705312288
canarito31	0.00104693241822377	0.000630331503955618	0.00248404308645138
cliente_vip_lag2	0.00104641730127392	0.00434491254058556	0.000401011439965246
canarito119	0.00104509316826882	0.000476049519135113	0.00246176467311998
Visa_cconsumos_lag2	0.00104302782155759	0.00260513757934375	0.00197163957982912
canarito85	0.00104292667658319	0.000375200811144163	0.00248404308645138
canarito16	0.00104019865121216	0.000562066365075244	0.00256201753311129
canarito118	0.00103973467607091	0.000395187223788246	0.00246176467311998
canarito114	0.00103906653714343	0.000579593195084591	0.00253973911977989
canarito76	0.00103881499992604	0.0005804117087483	0.00255087832644559
Master_mfinanciacion_limite_lag6	0.00103674645441123	0.000469554921186827	0.00204961402648903
canarito97	0.00103513828178593	0.000404823472146734	0.00248404308645138
Visa_Fvencimiento_lag1	0.00102979011260941	0.000805241714425326	0.00226125895313736
canarito35	0.0010264176738228	0.00106714086695602	0.00251746070644849
mactivos_margen_lag3	0.00102606495325547	0.00221499384178239	0.00227239815980306
canarito23	0.00102540392676382	0.000462775791528462	0.00248404308645138
canarito9	0.00102460776415948	0.000423366209693657	0.00230581577980016
canarito133	0.00102330573664604	0.00114759770461602	0.00256201753311129
canarito51	0.0010232151730547	0.000464004289519875	0.00247290387978568
canarito8	0.00102211602845956	0.000462086125463011	0.00243948625978858
canarito134	0.00102196468137245	0.000426217993424216	0.00246176467311998
canarito92	0.00101946353221885	0.000616500029530916	0.00246176467311998
Visa_mfinanciacion_limite_lag3	0.00101864826414784	0.000707016841465384	0.00203847481982333
canarito128	0.00101717609226317	0.000488528012945244	0.00238379022646007
canarito20	0.00101667655342789	0.000348328246118948	0.00223898053980595
canarito80	0.00101395052442673	0.000431940799108915	0.00232809419313157
mrentabilidad_lag1	0.0010130226298561	0.000858640879782821	0.00214986688648034
canarito14	0.00100988398313225	0.000534019136751488	0.00236151181312867
canarito102	0.00100937196753231	0.000448022984026636	0.00239492943312577
chomebanking_transacciones_lag2	0.00100929608511134	0.00045843167131169	0.00190480433983492
canarito44	0.00100870306462853	0.00037421836841567	0.00230581577980016
canarito153	0.00100656909554338	0.000373457569422699	0.00243948625978858
canarito39	0.00100598396830408	0.000478931049362635	0.00245062546645428
canarito90	0.00100435345959721	0.000339630305740741	0.00242834705312288
Master_Fvencimiento_lag1	0.00100395255920737	0.000706373411802821	0.00208303164648614
canarito56	0.00100241814454637	0.00049762057940544	0.00247290387978568
canarito67	0.00100197022418434	0.000560884265152463	0.00241720784645718
canarito117	0.000996536436812275	0.000483788943314993	0.00230581577980016
canarito141	0.00099469848910112	0.000408996065008737	0.00239492943312577
canarito82	0.000992523389343308	0.000442419972658511	0.00235037260646297
cliente_antiguedad	0.000991827357791098	0.00169693079066802	0.00154834972653248
Master_mpagominimo	0.000991426770296588	0.00502754097285361	0.00143695765987546
canarito146	0.000990695722238473	0.000437506465690092	0.00245062546645428
canarito140	0.000990395505306618	0.00041573138325038	0.00241720784645718
canarito79	0.000988861675367725	0.000650212833865865	0.00251746070644849
canarito3	0.000987745069899959	0.000522648861618965	0.00240606863979147
canarito29	0.00098547727266857	0.000341298211225332	0.00231695498646586
Visa_fultimo_cierre	0.000985287694113843	0.00129331253664551	0.001715437826518
canarito83	0.000985213328536753	0.000433843766585809	0.00225011974647166
canarito70	0.000985091325275867	0.000411322273404374	0.00238379022646007
Visa_fechaalta_lag3	0.000984521737102335	0.000670298670942731	0.00151493210653537
canarito123	0.000984492044024994	0.000383588999956171	0.00226125895313736
canarito46	0.000981203659630501	0.000333301253514682	0.00235037260646297
canarito84	0.0009782855401596	0.000434706738329218	0.00240606863979147
canarito15	0.000975240612574039	0.000433250129972509	0.00230581577980016
canarito120	0.000973287817126172	0.000473708760822484	0.00232809419313157
canarito55	0.000968565285793607	0.000346475395022806	0.00223898053980595
canarito50	0.000966164592369443	0.000328692971471621	0.00235037260646297
mcomisiones_lag1	0.000965200731161563	0.00102769798197787	0.00192708275316632
cmobile_app_trx	0.000964442180125148	0.00123662266506151	0.00207189243982044
canarito107	0.00095964905125632	0.000526528354486438	0.00233923339979727
mcomisiones_otras_lag3	0.000959269932859036	0.000558128349208311	0.00197163957982912
canarito62	0.000958025037946939	0.000262541773864534	0.00213872767981464
canarito60	0.00095636578107635	0.000453967110115367	0.00230581577980016
mpasivos_margen_lag1	0.000951288465817696	0.000599211818160248	0.00209417085315184
canarito127	0.000949876956579498	0.000370372017025791	0.00238379022646007
canarito68	0.000949193272358642	0.000283595988750133	0.00209417085315184
canarito138	0.000948537336517591	0.000306218038024562	0.00225011974647166
canarito4	0.000945719481908286	0.000551936389533471	0.00217214529981175
canarito121	0.000945332748826808	0.000417717123588388	0.00233923339979727
Visa_mfinanciacion_limite_lag1	0.000944054158503747	0.00161900256691559	0.00197163957982912
canarito91	0.000938894645017452	0.000281972056348009	0.00227239815980306
mcomisiones_lag3	0.000932452751791416	0.000338475203997269	0.00165974179318949
Visa_mlimitecompra_lag6	0.000930929409989748	0.000762312992667232	0.0017377162398494
canarito108	0.000929716911779408	0.000301470076778371	0.00223898053980595
canarito124	0.000927874273667855	0.000637310129142527	0.00222784133314025
canarito43	0.000927328439956195	0.000372543187972583	0.00219442371314315
cpayroll_trx_lag1	0.000925659311986738	0.00270659318053904	0.00052354271328796
mcaja_ahorro_dolares_lag3	0.000924393837347483	0.000830421639107063	0.00160404575986098
canarito135	0.000924049968570704	0.000576910513722635	0.00237265101979437
canarito113	0.0009205622270952	0.000257346968500925	0.00223898053980595
canarito111	0.000911624488283105	0.000304223406070614	0.00223898053980595
mpayroll_lag1	0.000911150061023786	0.00317413390821685	0.00112505987323583
canarito145	0.000905321773562073	0.000344758504817673	0.00206075323315473
canarito136	0.000905071508796946	0.000414472653764771	0.00212758847314894
canarito17	0.000904744369401054	0.000362541251700346	0.00223898053980595
canarito100	0.00090076765936462	0.000336717735690301	0.00214986688648034
canarito33	0.000899114073827199	0.000421783825387834	0.00221670212647455
canarito42	0.000897750709570561	0.000466197770339389	0.00223898053980595
canarito38	0.000893962268270937	0.000368420388159844	0.00210531005981754
canarito132	0.000893942810018565	0.000374330887773747	0.00221670212647455
canarito95	0.000888585608114176	0.000274713102760375	0.00214986688648034
canarito5	0.000888140314457159	0.000424681522189792	0.00213872767981464
canarito93	0.000887996759793604	0.000395848275016945	0.00204961402648903
canarito13	0.000886929448049017	0.000519433653295078	0.00228353736646876
ccomisiones_otras_lag6	0.000884264445420423	0.000656171671537333	0.0017377162398494
mcaja_ahorro_dolares_lag2	0.000881241503655425	0.000680220582671508	0.00125873035322424
mcomisiones_mantenimiento_lag1	0.000874721941020907	0.00129960165743271	0.00151493210653537
Visa_mpagospesos_lag3	0.000873221072308225	0.000782844865532795	0.00199391799316053
Visa_mpagospesos_lag1	0.000872977837168555	0.00151340201770059	0.0017934122731779
cplazo_fijo	0.000858813827076402	0.0138364194564912	0.000712909226604881
Visa_fultimo_cierre_lag6	0.000857521622860715	0.000637531934543792	0.0017265770331837
cproductos_lag6	0.00085395969388411	0.00134091242842122	0.00102480701324452
Visa_mpagominimo_lag3	0.000853945661563401	0.000516941414179981	0.00161518496652668
Visa_fechaalta_lag1	0.000852396698363296	0.000616690633443519	0.00158176734652958
mtarjeta_visa_consumo_lag6	0.000851658960336953	0.000835935410984301	0.00135898321321555
Master_fechaalta_lag3	0.000843284710006624	0.000527369178022869	0.00187138671983781
Visa_mconsumospesos_lag3	0.000838851465140049	0.000465466556177636	0.00180455147984361
mcomisiones_otras_lag1	0.000835948718440885	0.000677103828785938	0.00181569068650931
canarito98	0.000835643456808103	0.000289720857141061	0.00196050037316342
mttarjeta_visa_debitos_automaticos	0.000832174022486958	0.00197180458917829	0.0017377162398494
ccaja_seguridad_lag3	0.000831068731745441	0.00109773707907114	0.000256201753311129
mcomisiones_lag2	0.000817678806032794	0.000662453679031782	0.00188252592650351
ccomisiones_otras	0.000816416627987439	0.00132648602405727	0.00183796909984071
Visa_mlimitecompra_lag3	0.000808879997799489	0.000880807031658147	0.00115847749323293
Master_fultimo_cierre_lag6	0.000804319718099578	0.000693497220261558	0.00163746337985809
mcuenta_debitos_automaticos_lag6	0.000803092976166408	0.002714559583424	0.00152607131320107
Visa_mfinanciacion_limite_lag2	0.000803030800547277	0.000642338418789443	0.00167088099985519
Master_mlimitecompra	0.000799234966569349	0.0006936766692378	0.00162632417319239
Visa_mconsumospesos_lag2	0.000781240167259582	0.00049228641817019	0.00155948893319818
Master_fechaalta_lag2	0.000778801261387259	0.00104528818495901	0.00161518496652668
cmobile_app_trx_lag3	0.000776026601482623	0.000688152874084413	0.00160404575986098
cliente_antiguedad_lag3	0.000771240184126189	0.00214402710664797	0.00163746337985809
mcomisiones_mantenimiento_lag3	0.000769288782989761	0.0012361255428976	0.00154834972653248
Master_fultimo_cierre	0.000768758676686995	0.000751895575431983	0.00141467924654406
Visa_msaldopesos_lag6	0.000767464751126173	0.000717502481644755	0.00161518496652668
Visa_Finiciomora_lag1	0.000763636005742917	0.00154177176918435	0.00108050304657302
Visa_Fvencimiento_lag2	0.000760322783787309	0.00083874532328707	0.00180455147984361
ctarjeta_visa_transacciones_lag3	0.000747121510566916	0.000756558338830894	0.00126986955988994
Visa_fultimo_cierre_lag2	0.000745784575614908	0.000623976746876206	0.0017377162398494
cmobile_app_trx_lag1	0.000736421459548305	0.000479179044614488	0.00147037527987257
mautoservicio_lag6	0.000729358186817222	0.000912457789423749	0.00142581845320976
Visa_mconsumosdolares_lag6	0.000726554124344847	0.00103428957937278	0.00163746337985809
Master_mfinanciacion_limite_lag1	0.000720882563110675	0.000517799859282547	0.00128100876655565
mpayroll_lag6	0.000720364913711539	0.000948638421346396	0.00114733828656723
ctarjeta_visa_debitos_automaticos_lag3	0.000720297120956279	0.000850829029349467	0.00134784400654985
mcaja_ahorro_dolares_lag1	0.000717381418134782	0.00149939028597092	0.00135898321321555
Visa_fultimo_cierre_lag1	0.000714587956064929	0.000363465818092357	0.00147037527987257
Master_mlimitecompra_lag6	0.000712810873145105	0.000529291383723343	0.00128100876655565
Master_fultimo_cierre_lag1	0.000711880045201738	0.000638443244344766	0.00152607131320107
cliente_antiguedad_lag2	0.000706760362837323	0.000635636242025394	0.00141467924654406
cmobile_app_trx_lag2	0.000705486805769851	0.000621328661983543	0.00157062813986388
Visa_fechaalta_lag2	0.000704797932266521	0.00128500954568078	0.00130328717988705
Visa_msaldopesos_lag1	0.000699358766090659	0.00123162881021815	0.00120303431989574
mtransferencias_emitidas_lag6	0.000692690447896461	0.00124018658639599	0.00139240083321266
Visa_cconsumos	0.000690419208816372	0.00121520146893621	0.00144809686654116
ctarjeta_visa_transacciones_lag1	0.000686638454744185	0.00179981664870369	0.00139240083321266
ccomisiones_otras_lag3	0.00067980458899669	0.000575473628586738	0.00150379289986967
cliente_antiguedad_lag1	0.00067450998669387	0.000918437158644751	0.00132556559321845
tmobile_app_lag6	0.000671649069506221	0.00106229752292065	0.000724048433270582
ccomisiones_otras_lag1	0.000668406078331128	0.000558037493059979	0.00155948893319818
Visa_msaldototal_lag1	0.000664022235245186	0.000981457699112253	0.000957971773250309
Master_msaldototal	0.000650394036956668	0.00328825731380892	0.00106936383990732
Master_fultimo_cierre_lag2	0.000649043023229345	0.000547930150722417	0.00143695765987546
Visa_cconsumos_lag1	0.000643609239728501	0.001867366578331	0.00130328717988705
cprestamos_personales_lag1	0.00064291093947471	0.00242670451063863	0.000534681919953661
ccomisiones_otras_lag2	0.000637042594172441	0.000378794317309859	0.00144809686654116
Visa_mpagospesos_lag2	0.000632619273591893	0.000386230618219059	0.00134784400654985
Visa_mconsumospesos_lag1	0.000628999959374947	0.000558559835080015	0.00135898321321555
ctarjeta_debito_transacciones	0.000628118365739991	0.00214632276021792	0.000757466053267686
thomebanking	0.000625113341146299	0.00176960083608505	0.000802022879930491
Visa_msaldototal_lag3	0.000621635195239988	0.000412844033056061	0.00111392066657013
Visa_msaldopesos_lag2	0.000617942595683859	0.000572520965431696	0.000835440499927595
Master_status	0.000613282268415456	0.00211209763713909	0.00079088367326479
mcomisiones_mantenimiento_lag2	0.000599693079035952	0.000756958138216703	0.00131442638655275
Visa_mconsumosdolares	0.000596902553368487	0.00262220673363081	0.00116961669989863
mdescubierto_preacordado_lag3	0.000594603460207531	7.65277134090124e-05	0.000167088099985519
Master_mfinanciacion_limite_lag2	0.000594050074256095	0.00026166748551902	0.00105822463324162
Master_fultimo_cierre_lag3	0.000592899746278844	0.000565049259724481	0.00129214797322135
mttarjeta_visa_debitos_automaticos_lag1	0.000574924316183454	0.000307014565147037	0.00122531273322714
cproductos_lag1	0.000572583348234574	0.000614950948368432	0.000802022879930491
mplazo_fijo_dolares	0.000572576105187229	0.0045291468228614	0.000735187639936284
ctarjeta_visa_transacciones_lag2	0.00056706957932749	0.00055897208272814	0.00112505987323583
cliente_vip_lag1	0.000564218549565147	0.00279892339712803	0.000423289853296648
Master_msaldopesos	0.000563608990400974	0.00116656206642424	0.000868858119924699
Visa_mconsumosdolares_lag1	0.000561774219612614	0.000394677330030525	0.00120303431989574
ccomisiones_mantenimiento_lag6	0.000560371275021643	0.000274883983452167	0.000378733026633843
Visa_msaldototal_lag6	0.000557340425706455	0.000875927797827534	0.00102480701324452
tmobile_app	0.000555538262517031	0.000663407506923523	0.000779744466599089
mtransferencias_recibidas_lag1	0.000554419643848018	0.00167910245404544	0.00109164225323872
ctarjeta_visa_debitos_automaticos_lag2	0.000551374565789928	0.000707540476811376	0.00106936383990732
ctransferencias_emitidas_lag6	0.000550749461332383	0.00218136235531686	0.00109164225323872
tpaquete4	0.000544226638796372	0.00612009634148644	0.000712909226604881
Master_mpagospesos	0.000543095544709211	0.000763313703624838	0.000957971773250309
mtransferencias_recibidas_lag3	0.000539029507009598	0.00219315732635982	0.00118075590656433
Visa_fultimo_cierre_lag3	0.000538801737550878	0.000869612002192513	0.00119189511323004
mtarjeta_visa_consumo_lag1	0.000533593233306225	0.000707684197658114	0.00116961669989863
Visa_msaldototal_lag2	0.000527599903064273	0.000600502234131752	0.00104708542657592
ccaja_ahorro_lag3	0.000527131404321595	0.000229182532512506	0.000445568266628051
mtransferencias_emitidas_lag3	0.000519252400993207	0.000506927352976917	0.00106936383990732
ccheques_emitidos_rechazados_lag1	0.000514381546162463	0.000797334319537054	0.000189366513316922
Visa_mconsumosdolares_lag3	0.00051266478539031	0.000492119094124774	0.00116961669989863
mextraccion_autoservicio	0.000506884535694273	0.00105844923154184	0.000623795573279271
cpagomiscuentas_lag6	0.000505015705937162	0.00100338458568592	0.000891136533256102
ccaja_seguridad_lag2	0.000496683857048607	0.0010944302062702	0.000189366513316922
Master_mpagospesos_lag6	0.000494078639141752	0.00068209752196356	0.00114733828656723
mautoservicio_lag3	0.000490389577036557	0.00107957296269752	0.00105822463324162
mtarjeta_visa_consumo_lag3	0.000485548047180894	0.000199358597658204	0.000991389393247413
mtarjeta_visa_consumo_lag2	0.000484565715554278	0.000368493137744807	0.00105822463324162
mtransferencias_emitidas_lag2	0.000483905166737173	0.000874262317329108	0.00104708542657592
ctarjeta_visa_debitos_automaticos_lag1	0.000483147817292908	0.00044132274725152	0.00102480701324452
ctarjeta_debito_transacciones_lag6	0.000481254142232248	0.000987516122882248	0.00096911097991601
Visa_msaldodolares	0.000478961966263138	0.000635157873087825	0.000634934779944972
ccuenta_debitos_automaticos_lag6	0.000478019235336824	0.00221532202324345	0.000746326846601985
cproductos_lag3	0.000464997794461122	0.00076965326412428	0.00103594621991022
cprestamos_personales_lag3	0.000464229735378686	0.00103204937715314	0.00052354271328796
Master_mfinanciacion_limite_lag3	0.000456897014486523	0.000413745319580883	0.00106936383990732
mcuenta_debitos_automaticos_lag2	0.000453777692205586	0.00118201068328981	0.000857718913258998
mpagomiscuentas_lag6	0.000451490356267833	0.000614199525988633	0.000891136533256102
Master_mpagominimo_lag6	0.000446660770631995	0.000857363558736611	0.00096911097991601
mprestamos_prendarios	0.000445764076388702	0.00383072154571443	0.00043442905996235
ctarjeta_visa_debitos_automaticos	0.000440663500837464	0.000371056994784656	0.000824301293261894
mextraccion_autoservicio_lag6	0.000440287421177353	0.0011230540963041	0.000980250186581712
mautoservicio_lag1	0.000439618471650653	0.00105674931623987	0.000980250186581712
mplazo_fijo_dolares_lag6	0.000438961561272756	0.00144369853869262	0.000690630813273479
mcuenta_debitos_automaticos_lag3	0.000433200427478841	0.00143030485510365	0.00096911097991601
mtransferencias_emitidas_lag1	0.00043046910820693	0.00156537238120941	0.00096911097991601
Visa_mlimitecompra_lag2	0.000418496536597169	0.00038757616220939	0.0008799973265904
Visa_mlimitecompra_lag1	0.000417786012890975	0.000257681293260267	0.000857718913258998
tmobile_app_lag1	0.000412652445480417	0.000504890364597946	0.000712909226604881
ctarjeta_master_transacciones	0.000412590061993755	0.00431438406641733	0.00070177001993918
Visa_mpagado	0.000411072334803508	0.00155708458682465	0.000991389393247413
mtransferencias_recibidas_lag2	0.000410826278219769	0.000566287134329067	0.000957971773250309
internet_lag6	0.000405949609157448	0.000184527382270362	0.000256201753311129
ccajas_consultas	0.000404818656117243	0.0038647835480572	0.000857718913258998
mtransferencias_recibidas_lag6	0.000403054436242226	0.000510861327200241	0.000913414946587504
cprestamos_personales_lag6	0.000400692048680374	0.000919324703581303	0.000568099539950765
Visa_mconsumosdolares_lag2	0.000396212106162523	0.000286551723554318	0.000935693359918907
ctarjeta_debito_transacciones_lag3	0.000392945325179661	0.000453012797226393	0.000935693359918907
Master_mpagospesos_lag3	0.000389624681764092	0.000505571785710435	0.000802022879930491
Master_msaldototal_lag6	0.000385441063753379	0.00037715389500181	0.00079088367326479
tmobile_app_lag2	0.000385266937582811	0.000279776312208073	0.000378733026633843
mdescubierto_preacordado_lag6	0.000380720049769636	0.000161834361734157	0.000323036993305337
ctransferencias_recibidas_lag3	0.000376931305168561	0.000803499766029817	0.000835440499927595
Master_mlimitecompra_lag1	0.000375085595835274	0.000380531254067293	0.000735187639936284
ccuenta_debitos_automaticos	0.00037239154628598	0.00121373726228952	0.000724048433270582
Master_mconsumospesos_lag6	0.000371851567706149	0.000658357392401118	0.000868858119924699
ccaja_ahorro_lag6	0.000368663840176069	0.000569334210278817	0.000623795573279271
ctarjeta_debito_transacciones_lag2	0.000356231629693244	0.000573195919914411	0.000824301293261894
matm_lag6	0.000349589168873417	0.000822539464074911	0.000623795573279271
Master_cconsumos_lag6	0.000349319848630819	0.00057748879209022	0.000668352399942076
ccuenta_debitos_automaticos_lag3	0.000342944588478027	0.000836824410912552	0.000623795573279271
Master_mlimitecompra_lag3	0.000342172432974559	0.000295274237125668	0.000690630813273479
Master_msaldopesos_lag6	0.000335350884598562	0.000407244416668567	0.000668352399942076
Master_mlimitecompra_lag2	0.00033289823102415	0.000324288064934968	0.000724048433270582
ctarjeta_debito_lag6	0.000332786115020257	0.00035351351320364	0.000679491606607777
mautoservicio_lag2	0.000331531264684082	0.000366131524551155	0.000735187639936284
ctransferencias_emitidas	0.000327839847364018	0.00221329036983404	0.000579238746616466
mextraccion_autoservicio_lag2	0.000327156543532328	0.000266165834855915	0.000679491606607777
ccaja_ahorro_lag1	0.000325491565507687	0.0004899115483855	0.000501264299956557
Visa_delinquency_lag2	0.000325133833397245	2.98119715892197e-05	8.91136533256102e-05
cproductos_lag2	0.00031902287790441	0.000433991852407645	0.00061265636661357
mtarjeta_master_consumo_lag1	0.000317820208377863	0.000518709229094588	0.00061265636661357
mpagomiscuentas_lag3	0.00031345335539087	0.00057650828935066	0.000757466053267686
Master_mpagospesos_lag2	0.000312762886272807	0.000290753416250307	0.000768605259933388
ctarjeta_debito_transacciones_lag1	0.000311538912259921	0.000384118778600448	0.000724048433270582
ccaja_seguridad_lag6	0.000309660798987384	0.000588729734627254	0.000200505719982623
thomebanking_lag6	0.00030901996728926	9.78271752288095e-05	0.00043442905996235
mextraccion_autoservicio_lag3	0.00030776693726673	0.000273581927547069	0.000679491606607777
Master_Finiciomora_lag1	0.000305977197318179	0.00113614417162515	0.000456707473293752
cextraccion_autoservicio_lag6	0.000304909450145816	0.000324268826711389	0.000646073986610674
cpagomiscuentas_lag3	0.000297593267430075	0.00104480496604911	0.000668352399942076
cpagomiscuentas	0.000290670511130316	0.00124522991095713	0.000534681919953661
Visa_mconsumototal_lag6	0.000290014107208615	0.00025517272590499	0.000478985886625155
mextraccion_autoservicio_lag1	0.000289100625852804	0.000259478693006092	0.000646073986610674
Master_msaldototal_lag3	0.000285535604278614	0.000285783487937106	0.000579238746616466
Master_delinquency	0.000280217926996694	0.000503609810236848	0.000289619373308233
matm_lag2	0.000279959454914517	0.000397527658769386	0.000690630813273479
mtarjeta_master_consumo_lag6	0.000279797556235882	0.00011322713070532	0.000568099539950765
ccaja_seguridad_lag1	0.000279042695142696	0.00191945705948788	0.000278480166642532
Master_msaldopesos_lag2	0.000275893930067024	0.000447887669798604	0.000657213193276375
Master_mpagospesos_lag1	0.00027522076545807	0.000587716575407332	0.000601517159947869
Master_cconsumos	0.000275090639878599	0.00124051703117747	0.000467846679959453
ctransferencias_emitidas_lag3	0.000274525261401279	0.000844394247726595	0.00061265636661357
cextraccion_autoservicio_lag3	0.000274391517580255	0.000329534280005285	0.000590377953282167
ccaja_ahorro_lag2	0.000273530421703641	9.38447012821766e-05	0.000233923339979727
mcuenta_debitos_automaticos_lag1	0.000272032197873861	0.000241145959261097	0.00052354271328796
ccallcenter_transacciones_lag1	0.000271627700449999	0.000918996522120246	0.000724048433270582
mcheques_emitidos_rechazados_lag2	0.000270123687467397	0.00145812348806488	0.000334176199971038
matm_other_lag2	0.000268537641204668	0.000410030402441171	0.000590377953282167
ctarjeta_master_transacciones_lag6	0.000268415477204113	0.000297288592300428	0.00043442905996235
cextraccion_autoservicio	0.000268056699865031	0.000855782629422487	0.000456707473293752
Master_msaldototal_lag1	0.000267462678420109	0.000239150518978427	0.000556960333285063
ctransferencias_emitidas_lag2	0.000266169309304679	0.000349739588067235	0.000590377953282167
cprestamos_personales_lag2	0.000264857112945276	0.000857306652394595	0.000423289853296648
mpagomiscuentas_lag1	0.000263849779314973	0.000439618628640192	0.000534681919953661
ctransferencias_recibidas_lag2	0.000262699043176781	0.000408322888849211	0.000556960333285063
internet_lag1	0.000262189329436237	0.000242844257905628	0.000556960333285063
Master_mpagominimo_lag2	0.000259090478488376	0.000199769066983141	0.000478985886625155
matm_other_lag3	0.000257695998902867	0.000191968209820403	0.000579238746616466
matm_lag3	0.000253797547204868	0.000406629763508499	0.000601517159947869
Master_cconsumos_lag3	0.00025138770003521	0.000462674103775258	0.000534681919953661
ccallcenter_transacciones_lag2	0.000245966465169013	0.000467697381784099	0.000556960333285063
mttarjeta_master_debitos_automaticos_lag3	0.000243103280962921	0.000435447652435632	0.000445568266628051
mdescubierto_preacordado_lag1	0.000242330244673387	0.000249998937088147	0.000300758579973934
matm_other_lag6	0.000241619608701894	0.000739500177814455	0.000601517159947869
Master_mpagominimo_lag3	0.000241090851434158	0.000438589787843067	0.000512403506622258
cinversion1	0.000240907241118125	0.00707775571136828	0.000334176199971038
Master_mpagominimo_lag1	0.000240887536286051	0.000771282369830224	0.000478985886625155
mtarjeta_master_consumo_lag2	0.000240347253058259	0.000178588752816939	0.000568099539950765
Visa_mconsumototal	0.000240172720241572	0.000452190080253331	0.000367593819968142
cpagomiscuentas_lag2	0.000240066762839271	0.00107975128001355	0.000512403506622258
Master_msaldopesos_lag3	0.00023909471956141	0.000526861224254081	0.000579238746616466
Master_mconsumospesos_lag3	0.000238915394177854	0.000214072282049894	0.00061265636661357
Master_mconsumospesos_lag2	0.000238864868229415	0.000301905765959429	0.000534681919953661
ctransferencias_emitidas_lag1	0.000238437550485217	0.000535450040254843	0.000456707473293752
matm	0.000237872918479558	0.000334465570205583	0.000467846679959453
thomebanking_lag2	0.000233555238366443	6.90440444367146e-05	0.000501264299956557
ctransferencias_recibidas	0.000231382700849463	0.000453940596933292	0.000512403506622258
ctransferencias_recibidas_lag6	0.000231086214256145	0.000511284568118983	0.00052354271328796
mcheques_emitidos_rechazados	0.000228957702577331	0.0010680562184006	0.000334176199971038
minversion2	0.000226638978642368	0.00613879831979156	0.000401011439965246
cpagomiscuentas_lag1	0.000223403360116237	0.00187883304458142	0.000478985886625155
matm_lag1	0.000221148477265362	0.000281157745993653	0.000512403506622258
ccajas_transacciones_lag6	0.000219797880787925	0.000504722878886786	0.00043442905996235
ctarjeta_master_transacciones_lag3	0.000218818073026597	0.000312201448889173	0.000478985886625155
ccallcenter_transacciones_lag3	0.000218512861887952	0.000611320420747276	0.000579238746616466
ccajas_otras_lag1	0.000218478407886734	0.000838222334604057	0.000423289853296648
cextraccion_autoservicio_lag2	0.00021788963985184	0.000375644583612439	0.00052354271328796
matm_other_lag1	0.000217437472259621	0.00020723721604398	0.000478985886625155
ctarjeta_master_transacciones_lag2	0.000213051299542506	0.000385401272950478	0.000456707473293752
Visa_msaldodolares_lag6	0.000212961057935446	0.000474070568758368	0.000490125093290856
catm_trx_lag2	0.000209345407236463	0.000301661004022464	0.000456707473293752
mcaja_ahorro_adicional	0.000208273777233269	0.000401038715405457	0.000367593819968142
Master_cconsumos_lag1	0.000207598645036105	0.00051014870459909	0.000445568266628051
Visa_msaldodolares_lag2	0.000204611811965198	0.000436404875308004	0.000467846679959453
mcheques_depositados	0.000204382272013715	0.00414494882804621	0.000401011439965246
thomebanking_lag1	0.000203196197385337	0.000238784507733189	0.00043442905996235
Visa_mpagosdolares	0.000202957289424906	0.00047825641821141	0.000445568266628051
ctarjeta_master_transacciones_lag1	0.000201956780750491	0.000216393478807455	0.000367593819968142
Master_msaldopesos_lag1	0.00020177655724455	0.000302831949008883	0.000378733026633843
Visa_mpagado_lag2	0.000200576759487895	0.000261338172397753	0.000423289853296648
cextraccion_autoservicio_lag1	0.000198696152814866	0.000326972524620112	0.000456707473293752
ctarjeta_debito	0.000197394448127278	0.000869809557732124	0.000478985886625155
Master_mconsumospesos	0.000190888281755655	0.000441680998541028	0.000389872233299544
mtarjeta_master_consumo_lag3	0.000190188477113205	0.00017640658859953	0.000467846679959453
ccajas_transacciones	0.000188568597927145	0.000308200383381938	0.000278480166642532
Master_msaldototal_lag2	0.000188431373713562	0.000274393651249514	0.00043442905996235
mttarjeta_master_debitos_automaticos_lag6	0.00018704623318703	0.000245875975609663	0.000445568266628051
catm_trx_other_lag6	0.000186511566422111	0.000979562976588321	0.000423289853296648
Visa_mpagosdolares_lag2	0.000186421488416056	0.000793569932679566	0.000412150646630947
Visa_mpagosdolares_lag1	0.000185667632156198	0.000479595172240478	0.000445568266628051
catm_trx_lag3	0.000184550986293122	0.000566872040992172	0.00043442905996235
Visa_mconsumototal_lag1	0.000184385854306573	0.000177707512844417	0.000445568266628051
Visa_msaldodolares_lag1	0.000183339766762648	0.000359711292845276	0.000445568266628051
mpagodeservicios_lag6	0.000182124157440205	0.000505214504415393	0.000467846679959453
catm_trx_other_lag3	0.000182066965592409	0.000372884302693189	0.00043442905996235
thomebanking_lag3	0.000181410734528971	0.000150346393939738	0.000423289853296648
Master_mconsumospesos_lag1	0.000180740353493483	0.000635979781732165	0.000490125093290856
ctarjeta_debito_lag1	0.000180701734904149	0.000436600814190172	0.000412150646630947
ccajas_depositos	0.000179472658795333	0.00202328219549829	0.000334176199971038
Visa_msaldodolares_lag3	0.000176004917374292	0.000537231758423465	0.000456707473293752
mpagomiscuentas_lag2	0.000175831999528425	0.000312073894616871	0.00043442905996235
catm_trx_other_lag2	0.00017431211657515	0.000217900688542149	0.000401011439965246
ccajas_otras	0.000173921169421301	0.001021915844965	0.000356454613302441
Visa_mpagado_lag6	0.000171529353708014	0.000238018373770654	0.000445568266628051
ccajas_transacciones_lag1	0.000170623098568168	7.18725483000859e-05	0.000222784133314025
Visa_mconsumototal_lag3	0.00017030084919283	0.000210511432364559	0.000389872233299544
ccajas_consultas_lag2	0.000169619628580924	0.000387638565186714	0.00043442905996235
tpaquete3_lag2	0.000169517386873861	9.56075045587085e-06	0.000111392066657013
Visa_mpagado_lag3	0.00016894245288603	0.000273928377237238	0.000401011439965246
mforex_sell	0.000168476217458892	0.000955446489173002	0.000423289853296648
matm_other	0.000168370654415802	0.000242644115714107	0.000367593819968142
mforex_buy_lag1	0.00016748476171001	0.0017537805496732	0.000412150646630947
Visa_mpagosdolares_lag3	0.000167075014242397	0.000299851156014322	0.000356454613302441
Master_cconsumos_lag2	0.00016615753930528	0.00020041863994399	0.000356454613302441
Visa_mpagado_lag1	0.000165511251379012	0.000174613230497314	0.000412150646630947
mcheques_emitidos_rechazados_lag1	0.000162320761483002	0.0013267933506373	0.000278480166642532
internet_lag3	0.000162004196064368	0.000132334890028791	0.000367593819968142
ccomisiones_mantenimiento_lag3	0.000160410665224005	0.000270575429699154	0.000311897786639636
Master_mconsumototal_lag6	0.00015731663158514	5.84167850652825e-05	0.000245062546645428
Master_mpagosdolares	0.000157097380823981	0.000113167314379906	0.000167088099985519
internet_lag2	0.000156089282375814	0.000104227198716644	0.000323036993305337
mplazo_fijo_dolares_lag3	0.000155070306985567	0.000913264824819608	0.000356454613302441
mforex_sell_lag3	0.000154580973352025	0.000238763167854934	0.000300758579973934
ccuenta_debitos_automaticos_lag2	0.000151302142279964	0.000363460159791304	0.000378733026633843
catm_trx_lag6	0.000151169036199892	0.000119262597939616	0.000345315406636739
ctarjeta_debito_lag3	0.000150316157739154	0.000269780195902634	0.000367593819968142
mforex_sell_lag2	0.000148016837186267	0.000155870512424614	0.000289619373308233
cseguro_vida_lag6	0.00014686182419466	0.000169734804995422	0.000256201753311129
mcheques_depositados_lag6	0.00014682849974729	0.000603713239146285	0.000300758579973934
mplazo_fijo_dolares_lag1	0.000145406016618269	0.00200836529726594	0.000300758579973934
mcheques_emitidos	0.000144512261975326	0.00322506734764132	0.000345315406636739
ctransferencias_recibidas_lag1	0.000142059808189383	0.000289257361451973	0.000334176199971038
ccheques_emitidos_rechazados	0.000141755212069328	0.0010978243785731	0.000245062546645428
ccajas_consultas_lag3	0.000140984973828246	0.000274454599235139	0.000334176199971038
cseguro_vivienda_lag6	0.000138087695980762	0.000494323729880649	0.000300758579973934
cseguro_vida_lag2	0.000137471782971	0.000113362283267607	0.000222784133314025
catm_trx_other_lag1	0.000137066498175226	0.000247401938570703	0.000323036993305337
ccallcenter_transacciones_lag6	0.000135892458319492	0.000248078671376606	0.000334176199971038
mprestamos_prendarios_lag6	0.000135302657679493	0.00104532164976809	0.000245062546645428
catm_trx_lag1	0.000133699219889424	0.000224820629063854	0.000311897786639636
cpayroll_trx_lag2	0.0001312047990796	0.00100884597786199	0.000200505719982623
Master_mconsumosdolares_lag6	0.000130908908317101	7.16208347361131e-05	0.000144809686654116
mprestamos_prendarios_lag1	0.000130649502598328	0.00133040819668125	0.000133670479988415
tcuentas_lag3	0.000128261816968831	0.00016852263524419	0.000111392066657013
mforex_buy_lag2	0.000127854037930997	0.00102918611515473	0.000311897786639636
minversion2_lag6	0.000127482432051435	0.00127335716382435	0.000300758579973934
ccuenta_debitos_automaticos_lag1	0.000124732343940438	0.00053877049297831	0.000323036993305337
ccomisiones_mantenimiento_lag1	0.000124000173397655	0.000146821595715396	0.000256201753311129
cpayroll_trx_lag3	0.000122997487079419	0.00032722181319792	0.000222784133314025
Visa_Finiciomora_lag2	0.000122340366309284	0.000521101882111157	0.000278480166642532
mforex_buy_lag6	0.000122306829786538	0.000929268440185569	0.000334176199971038
cpayroll_trx_lag6	0.000121916659905774	0.000150234844576127	0.00026734095997683
ccajas_consultas_lag1	0.000116830644507292	0.000613604757715123	0.000289619373308233
ccomisiones_mantenimiento_lag2	0.000116746140212407	0.000340184657578161	0.000256201753311129
ccajas_depositos_lag1	0.000116323783180555	0.00130870117551992	0.000245062546645428
tmobile_app_lag3	0.000116227229974667	3.85399817958778e-05	0.000233923339979727
Master_mpagosdolares_lag6	0.000113177597345408	0.000182974744461501	0.000256201753311129
Visa_mconsumototal_lag2	0.000112175941780825	9.75971248745813e-05	0.000289619373308233
cplazo_fijo_lag6	0.000111753998800897	0.00058007156402216	0.00017822730665122
mcheques_depositados_rechazados_lag3	0.000111589204956753	0.00178191135918679	0.000245062546645428
mforex_sell_lag6	0.000111571738024836	0.00129559978359676	0.000278480166642532
mtarjeta_visa_descuentos_lag3	0.000111353994681985	0.000245739206389932	0.000278480166642532
ccheques_emitidos	0.000111146861167227	0.00313329924284549	0.000189366513316922
cpagodeservicios_lag6	0.000111018159522423	0.000344279489217126	0.000256201753311129
ccajas_otras_lag2	0.000110823193748205	0.00107968887703622	0.000245062546645428
mttarjeta_master_debitos_automaticos_lag1	0.000110275553188005	0.000115772719516056	0.000222784133314025
ccajas_depositos_lag6	0.000109791610308543	0.000344747349881312	0.000278480166642532
mttarjeta_master_debitos_automaticos_lag2	0.000106792086882778	0.000246344482936826	0.000233923339979727
mcaja_ahorro_adicional_lag3	0.000106685753804097	0.00033805244807576	0.000256201753311129
Visa_mpagosdolares_lag6	0.0001059864990428	0.000174331285439145	0.00026734095997683
cseguro_accidentes_personales_lag1	0.000105119231267804	0.000103031033874103	0.000222784133314025
mpagodeservicios_lag3	0.000104700407310726	0.000170973164597241	0.000222784133314025
catm_trx	0.000103684415619043	0.000258649832734744	0.000289619373308233
mpagodeservicios_lag2	0.00010293114795251	0.00030360665125587	0.000211644926648324
cseguro_vida_lag3	0.000101217884572609	6.59554203906636e-05	0.000233923339979727
Master_msaldodolares	0.000100512786461449	0.000530632401072832	7.79744466599089e-05
cseguro_accidentes_personales_lag6	9.92444908830669e-05	7.06737968056359e-05	0.000222784133314025
mforex_sell_lag1	9.89511058079658e-05	0.000156017789917728	0.000189366513316922
Master_mconsumototal_lag2	9.86948406562092e-05	5.70571761551914e-05	0.000222784133314025
ccajas_depositos_lag2	9.86270919991627e-05	0.000140163068702326	0.000222784133314025
cforex_buy	9.5097983370126e-05	0.00075635253833832	0.000211644926648324
ccajas_transacciones_lag2	9.43437349391365e-05	0.000184185459221034	0.000200505719982623
cprestamos_hipotecarios	9.40388617745826e-05	0.000467734079908069	7.79744466599089e-05
Master_mconsumosdolares_lag1	9.0416164618763e-05	0.000204736893641665	0.000167088099985519
mcheques_emitidos_lag2	8.97829886733978e-05	0.000110163241518156	0.000111392066657013
Master_delinquency_lag1	8.91373231715266e-05	4.67511466178081e-05	0.000133670479988415
mcheques_depositados_lag2	8.86623024377826e-05	0.00022393858076261	0.000233923339979727
ctarjeta_debito_lag2	8.85951245327995e-05	0.000141474339554852	0.000200505719982623
mcheques_depositados_rechazados_lag2	8.82884228072262e-05	0.000610197005489699	0.00017822730665122
ccheques_depositados	8.73838927154187e-05	0.00121897652573283	0.000111392066657013
Master_status_lag1	8.71479729980232e-05	0.000272553410081433	6.68352399942076e-05
mcheques_depositados_lag3	8.67811113792732e-05	0.000288851903765111	0.000233923339979727
Master_mpagado	8.61512549184831e-05	8.25686772786166e-05	0.000189366513316922
ccajas_extracciones_lag1	8.57130649449914e-05	0.000562939036763314	0.000200505719982623
mcheques_emitidos_lag6	8.45166699882383e-05	0.00108689027761886	0.000222784133314025
Visa_madelantopesos_lag6	8.41111731170885e-05	3.95303461458443e-05	5.56960333285064e-05
catm_trx_other	8.41073453248662e-05	0.000355811106762524	0.00017822730665122
tpaquete4_lag1	8.38375258635652e-05	0.000280613740763873	0.000189366513316922
Master_mpagado_lag1	8.34761864519657e-05	0.000737116739745314	0.000167088099985519
active_quarter	8.31855667724417e-05	9.93549165130378e-06	0.000100252859991311
mtarjeta_visa_descuentos	8.29257180517727e-05	0.00594058253728026	0.000200505719982623
Master_mpagado_lag6	8.18532570833952e-05	0.000351451951631525	0.000200505719982623
ccheques_emitidos_rechazados_lag2	8.16810323537172e-05	0.000534268748660784	0.000100252859991311
Master_msaldodolares_lag1	7.85423716598268e-05	0.000156943811301438	0.00017822730665122
ccajas_extracciones	7.77733131301024e-05	0.000376656934503639	0.000167088099985519
tcallcenter_lag1	7.68515519139983e-05	9.61353432140529e-05	0.00017822730665122
mprestamos_prendarios_lag3	7.67439324130165e-05	0.000524588527219829	0.000133670479988415
mplazo_fijo_dolares_lag2	7.6194391253495e-05	0.000706158558028562	0.000211644926648324
mcaja_ahorro_adicional_lag6	7.59349907524499e-05	0.000755252887945165	0.000200505719982623
Master_mpagosdolares_lag1	7.57365046953042e-05	0.000393124530555921	0.000189366513316922
mpagodeservicios	7.48804732123303e-05	0.00208376086546718	0.000200505719982623
cseguro_accidentes_personales	7.45124106746854e-05	4.11890366830064e-05	0.000111392066657013
Visa_delinquency_lag1	7.42533673355037e-05	1.83561752779283e-05	0.000122531273322714
mcheques_depositados_lag1	7.42077793770483e-05	0.000759984844282664	0.000211644926648324
mforex_buy	7.39083365203155e-05	0.000335452539574918	0.000167088099985519
mprestamos_hipotecarios	7.37429507165707e-05	0.00299882987999387	0.000133670479988415
cseguro_vida	7.32799948836394e-05	0.000114466621967349	0.000200505719982623
Master_mconsumosdolares_lag2	7.31432049196358e-05	0.000125444857669793	0.000144809686654116
ccheques_emitidos_lag6	7.20879996493684e-05	0.000374309386229747	0.00017822730665122
minversion2_lag3	7.15941149792466e-05	0.000272960161094249	0.000111392066657013
cprestamos_prendarios_lag6	7.14620696126818e-05	0.000135310509719532	7.79744466599089e-05
mcheques_depositados_rechazados	7.06002329870755e-05	0.000320450120163796	0.000155948893319818
Master_mconsumototal_lag1	6.97964615895238e-05	2.51760447038724e-05	0.000111392066657013
mcheques_emitidos_lag3	6.95594323476218e-05	0.00019922878006548	0.000155948893319818
mcajeros_propios_descuentos	6.8751777614297e-05	0.000248267496966022	0.000167088099985519
minversion2_lag2	6.86992398111204e-05	0.000313525653001249	0.000144809686654116
active_quarter_lag6	6.80790391758606e-05	8.99789500029737e-05	7.79744466599089e-05
cpagodeservicios_lag1	6.79058281273706e-05	0.000229941229850801	0.000144809686654116
ctarjeta_visa_descuentos_lag3	6.76326386873573e-05	0.000432323138594333	0.00017822730665122
Visa_madelantopesos	6.75562390381096e-05	0.00072441094389861	0.000155948893319818
Master_msaldodolares_lag2	6.75310902647967e-05	0.000330472426319822	0.000155948893319818
ctarjeta_master_debitos_automaticos_lag6	6.7011071344119e-05	0.000125015473452766	0.000155948893319818
mcaja_ahorro_adicional_lag1	6.69025995021023e-05	0.000194543706793847	0.000111392066657013
mpagodeservicios_lag1	6.58643104410296e-05	0.000920784060255666	0.000144809686654116
mforex_buy_lag3	6.50183495087654e-05	0.000345490203976659	0.000167088099985519
ccajas_transacciones_lag3	6.5001667592367e-05	4.56374313048929e-05	0.000155948893319818
active_quarter_lag1	6.49658628729812e-05	1.4955536345257e-05	0.000122531273322714
cseguro_vida_lag1	6.40624884236589e-05	4.64027569387063e-05	8.91136533256102e-05
cforex	6.40486607725188e-05	0.000294392997153146	0.000167088099985519
cforex_lag1	6.350301136446e-05	8.26899265868887e-05	0.000155948893319818
Master_mconsumototal_lag3	6.26388493155249e-05	3.55900669584901e-05	0.000144809686654116
tpaquete4_lag2	6.20628775048625e-05	0.000195610215709408	0.000144809686654116
tpaquete3_lag3	6.10209158368823e-05	7.53359135415699e-05	7.79744466599089e-05
ccheques_emitidos_rechazados_lag3	6.0713442224266e-05	0.000332230541289767	0.000122531273322714
Visa_status_lag2	5.99755071024738e-05	1.16449452321959e-05	5.56960333285064e-05
Master_mpagosdolares_lag3	5.95326004716325e-05	0.00157999747277318	0.000155948893319818
cinversion2_lag6	5.91326909450703e-05	0.000198260725588236	0.000122531273322714
mtarjeta_visa_descuentos_lag2	5.8901903451773e-05	7.5867147177546e-05	0.000133670479988415
cplazo_fijo_lag3	5.82653656067576e-05	0.000304232459352298	0.000122531273322714
mtarjeta_visa_descuentos_lag6	5.78993657546146e-05	0.000708659203762366	0.000167088099985519
tcallcenter_lag2	5.63425811809814e-05	4.66041924561824e-05	0.000100252859991311
ccajas_extracciones_lag6	5.60764344949016e-05	0.00037344204951124	0.000155948893319818
ctarjeta_master_debitos_automaticos_lag2	5.56903803912549e-05	6.29091527696356e-05	0.000122531273322714
mcheques_emitidos_rechazados_lag3	5.52551199192859e-05	0.000704884308631495	0.000133670479988415
active_quarter_lag3	5.51974433277733e-05	0.000114227841662926	0.000133670479988415
Master_Finiciomora_lag3	5.48085923538708e-05	0.000145573212837426	0.000144809686654116
cseguro_vivienda	5.47618650793679e-05	0.000690618600017434	0.000155948893319818
ccheques_emitidos_lag1	5.45300651786211e-05	0.000267475974048231	0.000111392066657013
Master_mpagado_lag2	5.42013249502685e-05	0.000417812991374795	0.000111392066657013
mcajeros_propios_descuentos_lag6	5.37147237228006e-05	0.000310445435573905	0.000133670479988415
mprestamos_hipotecarios_lag3	5.29547817412217e-05	0.00156107643738445	6.68352399942076e-05
Master_mconsumosdolares_lag3	5.27639246749417e-05	4.79437548139724e-05	0.000111392066657013
ccheques_emitidos_lag3	5.26749809355198e-05	0.000128578424792777	0.000133670479988415
cforex_sell_lag1	5.19981945504232e-05	1.75150284100087e-05	0.000100252859991311
minversion1_pesos_lag6	5.1966514528786e-05	0.000218865509704506	0.000122531273322714
cforex_lag2	5.17116426785866e-05	2.31670244986761e-05	0.000100252859991311
mcheques_depositados_rechazados_lag1	5.16308136836296e-05	0.000338940963006778	0.000133670479988415
mcajeros_propios_descuentos_lag3	5.10414144720209e-05	0.000141505702709259	0.000133670479988415
mcajeros_propios_descuentos_lag1	5.06274820503217e-05	0.000217511559095468	0.000122531273322714
Master_mconsumosdolares	5.04551637381762e-05	0.000173092440840093	0.000100252859991311
ccajas_extracciones_lag2	5.01640307015913e-05	5.19116788436126e-05	0.000111392066657013
cseguro_accidentes_personales_lag3	4.98610514038074e-05	4.06359781715414e-05	0.000133670479988415
ccajas_otras_lag3	4.96020121041567e-05	9.69787534023936e-05	0.000133670479988415
cforex_lag6	4.94855157338668e-05	0.000154095745882999	0.000122531273322714
ccajas_consultas_lag6	4.93892188698819e-05	0.000119655769029906	0.000133670479988415
cforex_sell_lag2	4.89455246988151e-05	9.64168032749886e-05	0.000100252859991311
mcaja_ahorro_adicional_lag2	4.86496734900565e-05	0.00014698293812827	0.000122531273322714
ctarjeta_visa_lag1	4.83507606534498e-05	0.000132217682364128	7.79744466599089e-05
minversion1_pesos_lag3	4.80699777367806e-05	0.000101039473569298	0.000111392066657013
Master_mconsumototal	4.78075605476695e-05	0.000116264183378919	0.000111392066657013
mprestamos_prendarios_lag2	4.69426496706807e-05	0.000227535966906171	8.91136533256102e-05
cplazo_fijo_lag2	4.57354400479501e-05	0.000555575970436311	7.79744466599089e-05
cinversion2_lag2	4.53160825361573e-05	0.000501267111935287	8.91136533256102e-05
Master_mpagosdolares_lag2	4.50675069682309e-05	0.000179433941328468	8.91136533256102e-05
minversion1_pesos_lag2	4.49833796962363e-05	0.000229419049496509	0.000111392066657013
mcheques_emitidos_rechazados_lag6	4.48895686586225e-05	0.000524080411785297	8.91136533256102e-05
tcallcenter_lag6	4.47796969508107e-05	2.30315486049001e-05	0.000111392066657013
mtarjeta_visa_descuentos_lag1	4.40107740820014e-05	0.000944226563182736	0.000122531273322714
tpaquete3_lag1	4.39503958858384e-05	9.39665972534262e-06	5.56960333285064e-05
Visa_Finiciomora_lag3	4.3708148579805e-05	0.000238735199681159	0.000133670479988415
Visa_Finiciomora_lag6	4.31919589661737e-05	0.000814458763508682	0.000133670479988415
minversion1_pesos	4.31328836870625e-05	0.00116111344584199	0.000100252859991311
ctarjeta_master_descuentos_lag1	4.30449104449564e-05	0.00028708764549688	0.000100252859991311
ccheques_emitidos_lag2	4.29075465309274e-05	0.000255217345650434	0.000111392066657013
ctarjeta_visa_descuentos	4.28681533615293e-05	0.000252691965057743	0.000122531273322714
mcheques_emitidos_lag1	4.25331277913002e-05	6.19805447340157e-05	6.68352399942076e-05
cseguro_vivienda_lag3	4.25249830869806e-05	6.13332350935871e-05	0.000122531273322714
cforex_lag3	4.21518458885539e-05	0.000231265272297132	0.000111392066657013
ccajas_extracciones_lag3	4.21231312192767e-05	0.000156981479419875	0.000122531273322714
ccajeros_propios_descuentos_lag3	4.20224953940879e-05	0.000320261132908635	0.000100252859991311
Master_msaldodolares_lag6	4.16600612695955e-05	7.09044938228416e-05	0.000111392066657013
mcheques_depositados_rechazados_lag6	4.15120441025142e-05	0.000249102015538423	0.000100252859991311
ccajas_otras_lag6	4.14978293296561e-05	8.72962686410176e-05	0.000111392066657013
ccheques_depositados_lag6	4.10333749990484e-05	0.000345409532770222	0.000122531273322714
ctarjeta_visa_descuentos_lag6	4.02600938129494e-05	6.53097274076786e-05	0.000100252859991311
Master_mpagado_lag3	3.99373706342913e-05	5.61505546608049e-05	8.91136533256102e-05
tcallcenter_lag3	3.95531668041429e-05	7.61030174985713e-05	7.79744466599089e-05
ctarjeta_master_debitos_automaticos	3.93353058099517e-05	0.00012791042193707	8.91136533256102e-05
mtarjeta_master_descuentos_lag3	3.87358474929709e-05	0.000149684211050828	0.000100252859991311
cforex_buy_lag2	3.83312662488411e-05	0.000155747484793154	0.000100252859991311
active_quarter_lag2	3.82310683761351e-05	1.0897241164518e-05	6.68352399942076e-05
mcajeros_propios_descuentos_lag2	3.75147420520152e-05	0.000344086298652612	0.000111392066657013
mplazo_fijo_pesos_lag6	3.6975048595745e-05	0.00040549034334223	0.000100252859991311
cforex_buy_lag6	3.68125099880794e-05	0.000236727796133406	7.79744466599089e-05
ccheques_depositados_rechazados	3.60705174940548e-05	8.9133276494212e-05	6.68352399942076e-05
ctarjeta_visa_descuentos_lag2	3.57427092191599e-05	0.000145388267225875	8.91136533256102e-05
cforex_buy_lag3	3.54075952841908e-05	0.000111392062841058	6.68352399942076e-05
Master_Finiciomora_lag2	3.4714252881411e-05	0.00044365574560842	0.000100252859991311
cseguro_accidentes_personales_lag2	3.43355914560681e-05	4.55664600431176e-05	7.79744466599089e-05
ccajas_depositos_lag3	3.37743221916286e-05	8.23664334324188e-05	7.79744466599089e-05
ctarjeta_master_debitos_automaticos_lag3	3.373897427587e-05	0.000359369208130204	7.79744466599089e-05
ccheques_depositados_lag3	3.36509072829826e-05	0.000186287922226472	8.91136533256102e-05
mttarjeta_master_debitos_automaticos	3.33581846909608e-05	5.15783240787366e-05	7.79744466599089e-05
cpagodeservicios_lag3	3.29596558424215e-05	2.32554556608425e-05	7.79744466599089e-05
cprestamos_prendarios_lag3	3.21383333560576e-05	2.05024497000886e-05	1.11392066657013e-05
cpagodeservicios	3.1987782393175e-05	0.000297065331907463	8.91136533256102e-05
Master_msaldodolares_lag3	3.17050179182509e-05	0.000169640877197947	8.91136533256102e-05
tpaquete4_lag3	3.11371127143094e-05	3.35587368805716e-05	6.68352399942076e-05
mtarjeta_master_descuentos_lag1	3.10775823147089e-05	0.000923689517013354	8.91136533256102e-05
minversion1_dolares_lag6	3.08892026591103e-05	0.000656764661487656	8.91136533256102e-05
cprestamos_prendarios_lag1	3.07685836108374e-05	0.000354447617874568	4.45568266628051e-05
minversion2_lag1	3.02781574524816e-05	0.000365594794279871	7.79744466599089e-05
cprestamos_prendarios_lag2	3.01717711866423e-05	2.65788183677083e-05	1.11392066657013e-05
minversion1_dolares_lag3	3.0160853680939e-05	0.000764288548063345	7.79744466599089e-05
cseguro_vivienda_lag1	2.98799329152755e-05	2.2517289872082e-05	7.79744466599089e-05
ctarjeta_master_descuentos_lag2	2.96225501599503e-05	0.000138229869731235	7.79744466599089e-05
minversion1_pesos_lag1	2.89353767942179e-05	0.000305095269429962	6.68352399942076e-05
cforex_buy_lag1	2.73055923415902e-05	0.000103313463929505	5.56960333285064e-05
cplazo_fijo_lag1	2.69445151628763e-05	0.000134137948075669	6.68352399942076e-05
mprestamos_hipotecarios_lag2	2.67544178650463e-05	0.000618416415264592	4.45568266628051e-05
cforex_sell_lag6	2.61463341395604e-05	3.39551412857492e-05	5.56960333285064e-05
cliente_vip	2.531953270269e-05	3.20969552200433e-05	4.45568266628051e-05
ctarjeta_visa_lag3	2.52492919916622e-05	2.67766972388084e-06	5.56960333285064e-05
mtarjeta_master_descuentos_lag6	2.51137428369218e-05	3.92862308718564e-05	6.68352399942076e-05
ccheques_depositados_lag2	2.4792620995666e-05	4.08419403298595e-05	4.45568266628051e-05
Master_status_lag2	2.43954199746196e-05	1.74359738610153e-05	4.45568266628051e-05
cforex_sell_lag3	2.43510208164662e-05	4.85500013553329e-05	5.56960333285064e-05
cseguro_vivienda_lag2	2.43363593388082e-05	0.000108825134152066	6.68352399942076e-05
ccheques_depositados_lag1	2.39835790200804e-05	0.000656086312024309	6.68352399942076e-05
ccajeros_propios_descuentos	2.3572721354705e-05	0.00106371145152085	6.68352399942076e-05
mprestamos_hipotecarios_lag1	2.35116621609459e-05	0.000458888377039515	4.45568266628051e-05
Visa_cadelantosefectivo_lag6	2.29325203283543e-05	6.24100906167877e-05	5.56960333285064e-05
ctarjeta_master_lag3	2.29123112281634e-05	5.43458799564831e-05	5.56960333285064e-05
mtarjeta_master_descuentos_lag2	2.24176173053371e-05	0.000831957948675743	6.68352399942076e-05
ctarjeta_master_lag2	2.23485485632322e-05	0.000107257138097491	4.45568266628051e-05
cinversion1_lag3	2.13895940389711e-05	0.000254758214936443	3.34176199971038e-05
tcuentas_lag2	2.08545967057681e-05	0.000216261882891543	6.68352399942076e-05
cinversion1_lag2	2.05086593525045e-05	0.000673340573588661	4.45568266628051e-05
tcuentas	2.0269669928199e-05	0.000116976644314326	5.56960333285064e-05
ctarjeta_master_debitos_automaticos_lag1	2.01917143862724e-05	2.21142571713856e-05	5.56960333285064e-05
mpayroll2_lag6	1.984653595989e-05	0.00100908265651173	6.68352399942076e-05
ctarjeta_master_descuentos_lag3	1.96307150971528e-05	8.87464103679518e-05	5.56960333285064e-05
Master_madelantopesos_lag6	1.96289370302705e-05	2.30761683503442e-06	3.34176199971038e-05
cseguro_auto_lag6	1.94936181287954e-05	0.000194628581309637	5.56960333285064e-05
Visa_madelantopesos_lag1	1.94920252070827e-05	2.20668891082873e-05	5.56960333285064e-05
ctarjeta_master_descuentos_lag6	1.89295474496277e-05	8.39441294316552e-05	3.34176199971038e-05
ccajeros_propios_descuentos_lag1	1.88728644144202e-05	6.91864719574982e-05	5.56960333285064e-05
cinversion1_lag6	1.88107825460703e-05	0.00014324441778988	3.34176199971038e-05
mtarjeta_master_descuentos	1.87174732518657e-05	0.000248186825759585	5.56960333285064e-05
Master_status_lag3	1.84036942680319e-05	4.8817881493742e-05	4.45568266628051e-05
Master_Finiciomora_lag6	1.82656803261442e-05	0.00083263484314739	5.56960333285064e-05
cprestamos_hipotecarios_lag3	1.78342040531257e-05	0.000131665593847129	2.22784133314025e-05
Visa_delinquency_lag3	1.77469656690286e-05	2.20059411226625e-06	1.11392066657013e-05
tpaquete3_lag6	1.72127299557273e-05	3.85870265274874e-05	4.45568266628051e-05
tcuentas_lag1	1.70105504207641e-05	8.7542000572449e-05	2.22784133314025e-05
cinversion2	1.62797279031285e-05	2.80832797847484e-05	3.34176199971038e-05
cseguro_auto_lag3	1.55789029424808e-05	1.5277251176539e-05	3.34176199971038e-05
tpaquete4_lag6	1.50942763724023e-05	1.5275472853351e-05	3.34176199971038e-05
ccheques_depositados_rechazados_lag6	1.4828632102987e-05	0.000211429208795307	3.34176199971038e-05
cpagodeservicios_lag2	1.46998666672566e-05	6.70628307395486e-05	4.45568266628051e-05
ccheques_depositados_rechazados_lag3	1.45648921357968e-05	0.000252645243657622	3.34176199971038e-05
cliente_vip_lag6	1.43381061345535e-05	6.14759859458595e-05	3.34176199971038e-05
cseguro_auto_lag1	1.41532225246963e-05	5.20783562260507e-05	3.34176199971038e-05
mplazo_fijo_pesos_lag3	1.40496863162706e-05	0.000146057240076048	3.34176199971038e-05
cinversion2_lag3	1.39081499033765e-05	0.000749449411054029	3.34176199971038e-05
ccajeros_propios_descuentos_lag2	1.32062965454692e-05	8.79094668093856e-05	4.45568266628051e-05
minversion1_dolares	1.28841022087408e-05	0.000194470310545906	3.34176199971038e-05
mpayroll2_lag2	1.27396605315099e-05	0.00159182202864737	4.45568266628051e-05
ctarjeta_visa_lag6	1.27077716324587e-05	5.2956362883685e-05	3.34176199971038e-05
ctarjeta_visa_descuentos_lag1	1.22499651916322e-05	7.06181837895751e-05	4.45568266628051e-05
ctarjeta_visa_lag2	1.21239011922384e-05	1.79859607233375e-05	3.34176199971038e-05
cseguro_auto_lag2	1.19819439948682e-05	0.000127649331759924	3.34176199971038e-05
cpayroll2_trx_lag2	1.14953491633243e-05	0.00144690453206908	3.34176199971038e-05
cforex_sell	1.14506042886453e-05	3.15932047606089e-05	3.34176199971038e-05
Master_madelantopesos_lag1	1.1157290915219e-05	4.57966720630902e-05	3.34176199971038e-05
ccheques_depositados_rechazados_lag2	1.11157110130555e-05	8.51297860008119e-05	3.34176199971038e-05
tcuentas_lag6	1.07506936085073e-05	9.40744283049161e-05	2.22784133314025e-05
cliente_vip_lag3	1.05432569606134e-05	1.02103234167205e-05	2.22784133314025e-05
Master_madelantopesos	1.03034852138099e-05	1.44315776677772e-05	3.34176199971038e-05
cseguro_auto	9.38110140499492e-06	2.02247079512733e-05	2.22784133314025e-05
ctarjeta_master_descuentos	9.33105363603419e-06	3.9587737485093e-05	2.22784133314025e-05
cpayroll2_trx_lag6	8.61478554848576e-06	0.000345937856422799	2.22784133314025e-05
mprestamos_hipotecarios_lag6	8.49941115792303e-06	0.000267091047910903	2.22784133314025e-05
mplazo_fijo_pesos_lag2	8.12389265598909e-06	0.000147412322345297	2.22784133314025e-05
Visa_cadelantosefectivo_lag1	7.98458168803226e-06	4.15885127373269e-06	2.22784133314025e-05
Master_madelantopesos_lag2	7.5767435720574e-06	2.68982698785692e-05	2.22784133314025e-05
ctarjeta_master_lag1	7.25976662620511e-06	3.12774715618684e-05	2.22784133314025e-05
cprestamos_hipotecarios_lag2	7.17794054035354e-06	3.54807809153008e-05	2.22784133314025e-05
cinversion2_lag1	6.87174846893769e-06	5.78923413905696e-05	1.11392066657013e-05
mplazo_fijo_pesos_lag1	6.66547385945301e-06	3.0457826237949e-07	1.11392066657013e-05
ccajeros_propios_descuentos_lag6	6.50426711881121e-06	4.23467250783884e-06	2.22784133314025e-05
ccheques_emitidos_rechazados_lag6	6.36293503885873e-06	4.89625723349467e-05	2.22784133314025e-05
Master_status_lag6	5.77322966446516e-06	0.000124792536391289	1.11392066657013e-05
Visa_status_lag3	4.85796350922049e-06	1.71527354768917e-06	1.11392066657013e-05
Visa_cadelantosefectivo	4.77452194760824e-06	1.95453884934609e-07	1.11392066657013e-05
cprestamos_prendarios	4.37484065454584e-06	2.25143798886835e-05	1.11392066657013e-05
Visa_status_lag6	4.3330671915233e-06	2.80821481245379e-05	1.11392066657013e-05
Master_delinquency_lag6	3.71491392521038e-06	5.44975224246954e-07	1.11392066657013e-05
Master_delinquency_lag3	3.60190871956193e-06	3.79752833508186e-07	1.11392066657013e-05
Visa_delinquency_lag6	3.47649609453717e-06	1.96035881614315e-06	1.11392066657013e-05
Visa_madelantopesos_lag2	3.38850097163826e-06	1.57045337388898e-05	1.11392066657013e-05
Master_cadelantosefectivo_lag3	3.21798967634697e-06	3.80991193110005e-05	1.11392066657013e-05
Master_cadelantosefectivo	3.1946442169849e-06	3.06518251311844e-07	1.11392066657013e-05
minversion1_dolares_lag1	3.01372910967873e-06	1.11950294656343e-05	1.11392066657013e-05
ccheques_depositados_rechazados_lag1	2.78867943349768e-06	0.000309308117062312	1.11392066657013e-05
Visa_cadelantosefectivo_lag2	2.44183217588301e-06	4.09693329364174e-06	1.11392066657013e-05
