Feature	Gain	Cover	Frequency
mdescubierto_preacordado_delta1	0.108070796485466	0.00389445198652504	0.00082703213610586
ctrx_quarter	0.0830871591899717	0.0151062118004817	0.00418767065742491
mcuentas_saldo	0.0654450716034874	0.0168780901328238	0.00743016173072884
Visa_status	0.0423487937306441	0.00302792890719709	0.00136525939928586
mcaja_ahorro	0.0211950660269496	0.0118787304258773	0.00435832808233564
mprestamos_personales	0.0201802939775544	0.0119496196283276	0.00416141566897711
Visa_Finiciomora	0.0177616625210678	0.0058017909151791	0.00211352657004831
Visa_mpagominimo	0.0168485429433764	0.00906287867110083	0.00252047889098929
cpayroll_trx	0.0113924814144503	0.0142337165771874	0.000787649653434152
mtarjeta_visa_consumo	0.00996377462943153	0.0138211823425418	0.00198225162780928
cprestamos_personales_delta1	0.00854693397603822	0.000888447416347679	0.000958307078344886
ctrx_quarter_delta1	0.00807678133775885	0.0107943510721273	0.0062093047679059
mpayroll	0.00799034210481974	0.0157960517435475	0.00136525939928586
foto_mes	0.0078385774635582	0.0142519945000307	0.00739077924805713
Visa_mfinanciacion_limite	0.00773136756681902	0.00192450309257352	0.0041089056920815
mcomisiones_otras	0.00712055898494154	0.00161445908399446	0.00392512077294686
mprestamos_personales_lag1	0.00709543974801885	0.00353515232233697	0.00248109640831758
Visa_mpagospesos	0.00694416388064897	0.00383707772353634	0.00297994118882588
mes	0.0069131284527113	0.00802019605532355	0.00287492123503466
mcuenta_corriente_lag1	0.00653646727599045	0.00276552109254621	0.00531663516068053
ccaja_ahorro_delta1	0.00644710246261711	0.0033798708107391	0.000656374711195127
ctarjeta_visa_transacciones	0.00620736466474547	0.0195210504126943	0.00225792900651124
mrentabilidad_annual_lag1	0.00539917891346836	0.00328468805607104	0.0062093047679059
ctarjeta_visa	0.00509806064888312	0.000426359932075142	0.000406952320940979
Visa_Finiciomora_lag1	0.00449199806547229	0.00420641482571746	0.00178533921445075
mcomisiones	0.00447668521243836	0.00136872274654655	0.0041482881747532
cproductos_delta1	0.00444213402159733	0.00835853634440676	0.00166719176643562
Master_status	0.00424808307094581	0.00150571420671791	0.00061699222852342
mrentabilidad_annual_delta1	0.00421026201628883	0.00216700538767494	0.00626181474480151
mrentabilidad_lag1	0.00420490354430243	0.0014377454783647	0.00437145557655955
cliente_edad	0.00417441314019633	0.0042396137162201	0.006734404536862
mactivos_margen	0.00384128496895614	0.00657602568185494	0.00597300987187566
mprestamos_personales_delta1	0.00364791373325491	0.010884400921625	0.00358380592312539
Visa_msaldototal	0.00349642628682801	0.00328663720814249	0.00200850661625709
ccaja_ahorro	0.00331036988134968	0.00386602776425872	0.00150966183574879
mcuenta_corriente	0.0032648903679081	0.00370165011105441	0.00445022054190296
Visa_mpagominimo_lag1	0.00320614079510932	0.00359458430300802	0.00267800882167612
cliente_edad_lag1	0.00316940305053756	0.00520818565951255	0.00581547994118883
mrentabilidad	0.00311569717238735	0.0024448326251742	0.00509346775887419
Visa_msaldopesos	0.0030411442794328	0.00320567536522592	0.00234982146607856
Visa_status_lag1	0.0029867025626824	0.000815658759435348	0.000328187355597564
Visa_mfinanciacion_limite_lag1	0.00295630350735419	0.00224576027217156	0.00358380592312539
mcomisiones_mantenimiento	0.00293623291721424	0.00704505323019973	0.00283553875236295
ctrx_quarter_lag1	0.00291430820342332	0.00264048619680035	0.00500157529930687
numero_de_cliente	0.00290192320991511	0.00518185642813558	0.00590737240075614
mcuenta_corriente_delta1	0.00286934353199695	0.00424480637684935	0.00497532031085906
Visa_msaldototal_lag1	0.00281546538897418	0.00161369025014506	0.00203476160470489
cmobile_app_trx_lag1	0.00280891981343548	0.00142970289649456	0.00269113631590002
Visa_msaldopesos_lag1	0.00280017794797741	0.00129894005545209	0.00192974165091367
mrentabilidad_delta1	0.00279406040854764	0.000885078924218747	0.00450273051879857
mcuentas_saldo_delta1	0.00278141865443535	0.0110161199979188	0.0056973324931737
canarito25	0.00276293200583378	0.00096085890390334	0.00546103759714346
internet	0.00274789913338264	0.000477644167184835	0.00128649443394245
chomebanking_transacciones	0.00270057470279747	0.00151101617250581	0.00341314849821466
canarito39	0.00261005139430113	0.0016391620498512	0.00599926486032346
Master_mfinanciacion_limite	0.00259063474063757	0.00277287914901139	0.00340002100399076
Master_Fvencimiento_lag1	0.00257836639385743	0.00319464086894531	0.00529038017223273
tmobile_app	0.00256223179830634	0.000871084314081265	0.00108958202058391
mcaja_ahorro_lag1	0.00253634335251843	0.00527323317422096	0.00372820835958832
Master_fechaalta	0.00251878880283734	0.00183865076824169	0.00446334803612686
canarito23	0.0024848993661353	0.0010356946290103	0.00542165511447175
canarito72	0.00248057621587139	0.0011480718690559	0.00582860743541273
Visa_fechaalta	0.00247121260821974	0.00213465150444078	0.00393824826717076
mpasivos_margen_lag1	0.0024336060319944	0.00108527805218574	0.00437145557655955
canarito70	0.0024268109342149	0.00099038756679172	0.00534289014912833
mrentabilidad_annual	0.00238433822801938	0.00311149898714719	0.00513285024154589
canarito26	0.00237774877332095	0.0019714529861821	0.00546103759714346
Master_fechaalta_lag1	0.00237682046747553	0.0049558513727853	0.00400388573829027
cliente_antiguedad_lag1	0.00236046940312996	0.00317571007334111	0.00371508086536442
mcomisiones_mantenimiento_lag1	0.0023399311229684	0.00311781738737393	0.00270426381012392
canarito33	0.00232870372167292	0.00469607235459563	0.00530350766645663
canarito50	0.00232855678168935	0.000718253663753983	0.00504095778197858
canarito52	0.00231320725412792	0.00136661252097337	0.00496219281663516
Visa_mpagominimo_delta1	0.00229839629003651	0.00310105716443998	0.00274364629279563
canarito20	0.00229570059702717	0.00102423918214573	0.00530350766645663
canarito7	0.00228883805520051	0.0012207948541273	0.00529038017223273
canarito38	0.00226459018482636	0.00226707714466273	0.00547416509136736
canarito91	0.00226349309888383	0.000888598284090346	0.00481779038017223
canarito19	0.00226296498363866	0.000774959375569299	0.00578922495274102
canarito93	0.00226246275623431	0.000999482820940849	0.005657950010502
mpasivos_margen	0.00225415754983369	0.00230553614255016	0.00451585801302247
canarito74	0.00225276782886494	0.0013467155801779	0.00505408527620248
mactivos_margen_lag1	0.00224887400178594	0.00452486453411592	0.00378071833648393
canarito18	0.00224178157472174	0.000931042704846583	0.00536914513757614
mcuentas_saldo_lag1	0.00223218886294261	0.00204291149249658	0.00427956311699223
canarito71	0.00221240000935769	0.00166670768938081	0.00526412518378492
canarito77	0.00220993443482524	0.00128557627955233	0.00543478260869565
canarito78	0.00220306300526701	0.00278294986665355	0.0051722327242176
canarito73	0.0021947513029318	0.000778690985647495	0.00513285024154589
Visa_Fvencimiento	0.00218175361947246	0.00278450055039289	0.00441083805923125
Visa_Fvencimiento_lag1	0.00217785416149365	0.00241305440591501	0.00477840789750053
canarito37	0.00217767289088837	0.00110411462940554	0.00530350766645663
canarito2	0.00216745044219378	0.00081149806374786	0.0046340054610376
canarito5	0.00216632950044782	0.00080872328055919	0.00504095778197858
canarito46	0.00216017665334682	0.00115304532772962	0.00522474270111321
canarito60	0.00216001311261595	0.00143468375064586	0.00513285024154589
canarito4	0.00215754645051582	0.00175633688411363	0.00487030035706784
canarito49	0.00215630224281039	0.000789203657029941	0.00481779038017223
canarito51	0.00214768518434926	0.000830460068267447	0.0051853602184415
canarito31	0.00214476189854816	0.000719323641450509	0.0051591052299937
Master_Fvencimiento	0.00214442541210687	0.00185650818422967	0.00385948330182735
canarito40	0.00213696439699264	0.001104617226062	0.00488342785129175
canarito29	0.00212235787064371	0.00120723983117728	0.00523787019533711
canarito86	0.00211964096252401	0.00130902852224045	0.00476528040327662
cpayroll_trx_lag1	0.00211767091477251	0.00254254448526566	0.000551354757403907
canarito54	0.0021175941839772	0.000744670605495069	0.0046602604494854
canarito68	0.00210842409326298	0.00229215772360479	0.00481779038017223
canarito44	0.00210818093306863	0.00169003968160345	0.00459462297836589
Master_Finiciomora	0.00209854273984682	0.00472589447003445	0.00114209199747952
mcaja_ahorro_delta1	0.0020978720922201	0.00159492807142974	0.00370195337114052
canarito32	0.00209681327940408	0.0011252773801439	0.00513285024154589
mttarjeta_visa_debitos_automaticos_delta1	0.00209274618231296	0.00354324800373615	0.00346565847511027
canarito41	0.00208836241157675	0.000654190635021247	0.00469964293215711
canarito21	0.00208481332733567	0.000816600203731504	0.0051591052299937
canarito80	0.00208003115190345	0.00123730540573809	0.00511972274732199
canarito64	0.00205892673387802	0.0011088604552793	0.00450273051879857
canarito85	0.00205868628333547	0.000786859586455632	0.00469964293215711
canarito89	0.00204680719288113	0.000561982045617468	0.00451585801302247
cmobile_app_trx	0.00204461059408655	0.00283450832607197	0.00345253098088637
canarito15	0.00204385565472638	0.00116807412145213	0.00498844780508297
canarito69	0.00203368479360232	0.00244435384195556	0.00484404536862004
canarito22	0.00202299101308279	0.000917432215814697	0.00426643562276833
canarito63	0.00201763830565408	0.00163371439315494	0.00510659525309809
canarito11	0.00201586281348037	0.00169984090804253	0.00492281033396345
canarito81	0.00201313626564518	0.00137326608424411	0.0051459777357698
canarito35	0.00200182421492887	0.00116836683445482	0.00489655534551565
canarito36	0.00200036958860701	0.00129452909680324	0.00459462297836589
mpasivos_margen_delta1	0.00199901831080155	0.0014378944232832	0.00321623608485612
canarito56	0.00199322371669172	0.00108367988948033	0.00481779038017223
canarito1	0.00199100142472945	0.000960582756770438	0.00488342785129175
canarito90	0.00198888090536382	0.000829839883517442	0.00490968283973955
ccomisiones_mantenimiento_delta1	0.00198777767058279	0.00359723291934914	0.00120772946859903
canarito57	0.00198353498294374	0.000615977906537283	0.00477840789750053
canarito55	0.00198238121638589	0.0018827258918047	0.00500157529930687
mcaja_ahorro_dolares_delta1	0.00198180795355496	0.00444903885037987	0.00317685360218442
canarito24	0.00197420994716298	0.000811050785263716	0.00489655534551565
canarito94	0.00197340727512842	0.00187269510974148	0.00525099768956102
canarito27	0.00197054620034001	0.00291304474816083	0.00481779038017223
canarito43	0.00196475308959099	0.00222511727559764	0.00493593782818736
canarito16	0.00195875358550383	0.0012116019796741	0.00406952320940979
chomebanking_transacciones_delta1	0.00195702881367853	0.00147607106183656	0.00397763074984247
mactivos_margen_delta1	0.00194741524919648	0.00151109737484966	0.0041482881747532
canarito84	0.00194469630385886	0.00261193048294263	0.00479153539172443
canarito65	0.00194352916621643	0.00111088163930239	0.00469964293215711
canarito62	0.00193693407797036	0.000753359552105857	0.00454211300147028
canarito92	0.00193657032727678	0.000774090702772548	0.00476528040327662
canarito10	0.00191845202531217	0.00120577848480713	0.00441083805923125
canarito8	0.00191134091872332	0.000749437286615604	0.00472589792060492
canarito76	0.00189604308430028	0.00125314163770298	0.0046471329552615
mcomisiones_lag1	0.00189401523601618	0.00122966380666243	0.00353129594622978
mdescubierto_preacordado_lag1	0.00188845041489889	0.00208677835941089	0.00148340684730099
canarito66	0.00188629983655323	0.00426694340780433	0.00451585801302247
canarito3	0.00188184625127064	0.000723731937727434	0.00454211300147028
canarito61	0.00187225709172909	0.0012931010300822	0.00427956311699223
Visa_fechaalta_lag1	0.00185301009424922	0.00186724035338674	0.00383322831337954
canarito9	0.00185193558186933	0.00305026872214737	0.00443709304767906
canarito53	0.00185024626207961	0.00172126738151146	0.00427956311699223
Visa_fultimo_cierre	0.00184882959206555	0.00382337700967795	0.00324249107330393
canarito48	0.00184356512866055	0.0027054100591236	0.00439771056500735
canarito42	0.00183887394558519	0.00201015588692018	0.00469964293215711
canarito59	0.00183773052421703	0.00153290560287135	0.00439771056500735
mcomisiones_delta1	0.0018369426514839	0.00107932676346616	0.00294055870615417
canarito45	0.00183429428683671	0.000716732857744074	0.00439771056500735
canarito30	0.00183286730283132	0.00121583589058964	0.00447647553035077
canarito83	0.00180889348546798	0.000703649666263766	0.00403014072673808
canarito14	0.00180654832057641	0.00110030270444081	0.00446334803612686
canarito12	0.00180594712785158	0.00109002994235111	0.00427956311699223
canarito17	0.00179990074346127	0.00257955544864259	0.00450273051879857
canarito13	0.00179882506995005	0.00114298170974594	0.0046340054610376
canarito6	0.00179440764332846	0.00168200345984403	0.00424018063432052
canarito79	0.00179169526841006	0.000537372410687809	0.00389886578449906
canarito58	0.0017889481515352	0.00118326369285727	0.00446334803612686
cliente_antiguedad	0.00177215031641209	0.00263745168443901	0.00338689350976686
cproductos	0.00176360839728488	0.00390754035483966	0.00253360638521319
mcomisiones_otras_lag1	0.00175302819339129	0.00146813038964749	0.00242858643142197
canarito75	0.0017494316822427	0.00112229670685936	0.00460775047258979
canarito88	0.00174755638089638	0.0010706496496195	0.00429269061121613
canarito34	0.001727177752378	0.00459049703110106	0.00430581810544003
Visa_delinquency	0.00171913461905085	0.00192232793470717	0.000367569838269271
Visa_mpagospesos_delta1	0.00171008545453473	0.00311688866329921	0.00358380592312539
mtarjeta_master_consumo	0.00170224189177673	0.00501822098506137	0.0010239445494644
ccomisiones_otras	0.00169711630582593	0.0016320239348893	0.00321623608485612
canarito67	0.00169284893510904	0.00180725489517348	0.00378071833648393
canarito87	0.00168409145412694	0.00103663045274349	0.00456836798991809
Master_mfinanciacion_limite_lag1	0.0016691478230107	0.00145934663301411	0.00269113631590002
mttarjeta_visa_debitos_automaticos_lag1	0.00166805586441965	0.00083276109716223	0.0025729888678849
Visa_mpagospesos_lag1	0.00165523635855396	0.00289208951452342	0.00340002100399076
canarito47	0.00165474806276843	0.00205259572248032	0.00405639571518589
mautoservicio	0.00160719249832085	0.00912543095167317	0.00144402436462928
mpayroll_delta1	0.0015775937117179	0.00822646272891771	0.00189035916824197
canarito28	0.00156322166724062	0.000688045356475842	0.00345253098088637
cproductos_lag1	0.00152875354448989	0.00183320873210839	0.00187723167401806
cmobile_app_trx_delta1	0.00152757745810065	0.000920541866228267	0.0030849611426171
mcuenta_debitos_automaticos	0.00151190818817346	0.0127869363396802	0.00173282923755514
chomebanking_transacciones_lag1	0.0015052733660042	0.00109775082094645	0.00290117622348246
mcaja_ahorro_dolares_lag1	0.00143682681883266	0.00226620255548391	0.00237607645452636
Visa_msaldopesos_delta1	0.00141382035901861	0.00117144394476703	0.00225792900651124
ccaja_seguridad	0.00140868756647848	0.00869523409791907	0.000564482251627809
Visa_mlimitecompra	0.00140851757597738	0.00159166681372574	0.00269113631590002
canarito82	0.00139616819705853	0.00370458123463916	0.00372820835958832
Visa_mconsumospesos_lag1	0.00135522593931375	0.000924876799367581	0.00274364629279563
Master_mlimitecompra	0.00128971598340775	0.00239376167563797	0.002559861373661
Visa_fultimo_cierre_lag1	0.0012878371101378	0.00253261295051158	0.00278302877546734
ctarjeta_visa_transacciones_delta1	0.00128181527182887	0.00631504371528181	0.00210039907582441
mttarjeta_visa_debitos_automaticos	0.0012374766574089	0.00162280547208366	0.00252047889098929
mcomisiones_mantenimiento_delta1	0.00121317935065399	0.00314335352773503	0.00194286914513758
Visa_cconsumos_lag1	0.00120182988896787	0.00246858660334765	0.00234982146607856
Master_fultimo_cierre	0.0011991806268212	0.00183016209116382	0.00282241125813905
mtransferencias_recibidas	0.00117960131012508	0.00472874660991862	0.00166719176643562
Visa_mlimitecompra_lag1	0.00117003257974866	0.00136681131141077	0.00227105650073514
Master_mlimitecompra_lag1	0.00115326278964252	0.000939280823143988	0.00217916404116782
mtransferencias_emitidas	0.00114557482999455	0.00224587800817466	0.00140464188195757
Master_fultimo_cierre_lag1	0.00112348651940782	0.000966785343818245	0.00287492123503466
Visa_cconsumos	0.00112266649855623	0.00309534238309346	0.00221854652383953
mcaja_ahorro_dolares	0.00110997734274838	0.00619124711830224	0.00221854652383953
Visa_mconsumospesos_delta1	0.00110955467379228	0.00121631008861218	0.00228418399495904
mpagomiscuentas	0.00110861084855059	0.00630205636919096	0.0010501995379122
Visa_mconsumospesos	0.00110693558148916	0.00287321832646853	0.00238920394875026
mpayroll_lag1	0.00109463845727905	0.00230750319167735	0.00118147448015123
ccomisiones_otras_lag1	0.00108398429371768	0.000915893512749039	0.00217916404116782
mcomisiones_otras_delta1	0.00101876273619364	0.00153832293810953	0.00242858643142197
mtarjeta_visa_consumo_lag1	0.00101453377859291	0.000679127150060019	0.00175908422600294
tmobile_app_delta1	0.00101218922235704	0.000538576246528565	0.00107645452636001
Master_msaldototal	0.00101218217003264	0.00492063218571688	0.00135213190506196
ccallcenter_transacciones	0.000994276372714562	0.00146864999590239	0.00128649443394245
cprestamos_personales_lag1	0.000960307625194013	0.00460484943444394	0.00115521949170342
ctarjeta_visa_transacciones_lag1	0.000950008551387096	0.00184439010257378	0.00177221172022684
Master_mpagominimo	0.000928746745959113	0.00331503066522207	0.00129962192816635
ccomisiones_otras_delta1	0.000925908870542365	0.000609283224411187	0.00186410417979416
mdescubierto_preacordado	0.000919888422920176	0.000789068023971092	0.000708884688090737
cprestamos_personales	0.000914720290704597	0.00202389313443782	0.00118147448015123
ctarjeta_visa_debitos_automaticos_delta1	0.000914360408376557	0.00102189244919949	0.0015490443184205
Visa_cconsumos_delta1	0.000899447899747309	0.00151173072354976	0.00183784919134636
Master_msaldopesos	0.00086351304387173	0.00276262354442968	0.00127336693971855
mtransferencias_recibidas_lag1	0.000840702967789889	0.00422952096005475	0.00166719176643562
ctarjeta_visa_debitos_automaticos_lag1	0.000800602924207828	0.000614787382556174	0.00149653434152489
mtransferencias_recibidas_delta1	0.00080013475654059	0.000860069193951915	0.00173282923755514
mtarjeta_visa_consumo_delta1	0.000796530118278584	0.00187872390306612	0.00139151438773367
ccaja_seguridad_lag1	0.000780298832584323	0.00171175369124075	0.000301932367149758
ccallcenter_transacciones_delta1	0.000775288982622956	0.00103429259437035	0.00164093677798782
Visa_mconsumosdolares_delta1	0.000768220703429428	0.00286841733033202	0.00164093677798782
Visa_msaldototal_delta1	0.000762462611162488	0.000546142411732893	0.00175908422600294
Master_mpagospesos_lag1	0.000747547443420472	0.000587188199768871	0.00139151438773367
mtransferencias_emitidas_delta1	0.00074665674724728	0.00101774151554241	0.00141776937618147
cextraccion_autoservicio	0.000707792622854677	0.000540064660346666	0.000511972274732199
cplazo_fijo	0.000701128629304274	0.00961999419665042	0.000551354757403907
Visa_mconsumosdolares_lag1	0.00069753609623352	0.000454441300000774	0.00133900441083806
ctarjeta_debito_transacciones	0.000694861757288089	0.00152400603305904	0.00118147448015123
mautoservicio_lag1	0.000687428225620479	0.00281141239749374	0.00129962192816635
ctarjeta_visa_debitos_automaticos	0.000684158279146159	0.00110604085549648	0.00141776937618147
mtransferencias_emitidas_lag1	0.000662118393814232	0.00160503842883173	0.00148340684730099
Master_mconsumospesos	0.000657714191840671	0.00061371045311072	0.00111583700903172
mcuenta_debitos_automaticos_delta1	0.000645852879727552	0.000980823291454356	0.00145715185885318
Visa_mconsumosdolares	0.000638039504542068	0.00342325120313808	0.00137838689350977
mplazo_fijo_dolares	0.000635273251679574	0.00584443959902614	0.000695757193866835
thomebanking	0.000625363044621964	0.00183841514832594	0.000748267170762445
Visa_mfinanciacion_limite_delta1	0.000624502762583496	0.00286970577043631	0.00143089687040538
Visa_mpagado_delta1	0.000621908976634553	0.00123431304759897	0.00119460197437513
Master_mpagospesos	0.000619920311639982	0.00103611129021725	0.00123398445704684
tpaquete3_delta1	0.000617012532916971	0.00494026081858568	0.000577609745851712
internet_delta1	0.000615644330868377	0.000504781872171037	0.00106332703213611
mprestamos_prendarios	0.000610955896241287	0.00732978444184066	0.000643247216971225
ctransferencias_recibidas	0.000610592598672128	0.00221244808295236	0.00116834698592733
cextraccion_autoservicio_lag1	0.00060303143742004	0.000452738417332802	0.000695757193866835
mautoservicio_delta1	0.000594588105318897	0.000589556231690545	0.00141776937618147
Master_Fvencimiento_delta1	0.000594008048845115	0.000166632534318984	0.000511972274732199
Master_fultimo_cierre_delta1	0.000578598018006678	0.000469801115299846	0.00124711195127074
cpagomiscuentas_delta1	0.000568242153411649	0.00208180371746075	0.0010239445494644
mcuenta_debitos_automaticos_lag1	0.000562948348473608	0.000711017632668903	0.00122085696282294
ctarjeta_debito_transacciones_delta1	0.000557450741963191	0.00056273313032067	0.00107645452636001
Master_mpagominimo_lag1	0.000554691967956088	0.00116962066372403	0.000971434572568788
Master_msaldopesos_lag1	0.000547937466947219	0.000589598385912761	0.00111583700903172
tpaquete3	0.000539441226123147	0.00388891440082139	0.000643247216971225
Visa_status_delta1	0.000538185985252533	0.0024700290172952	0.000603864734299517
ccajas_consultas_delta1	0.000533118905423648	0.00232834808478925	0.00116834698592733
matm_delta1	0.000526095954328859	0.000436980873249385	0.00116834698592733
mpagomiscuentas_lag1	0.000524187088620009	0.00230267645927885	0.0010501995379122
cpagomiscuentas	0.000516009219045887	0.00108676735346115	0.000800777147658055
Master_mconsumospesos_lag1	0.000509095171616328	0.000758442907576443	0.000997689561016593
ctransferencias_emitidas	0.000497170774015646	0.0016246861420327	0.000866414618777568
Visa_fultimo_cierre_delta1	0.000488588826135055	0.000514233884158709	0.0010239445494644
mextraccion_autoservicio	0.000473831075497348	0.000814491900982501	0.000787649653434152
mcheques_emitidos_rechazados_lag1	0.000469329755007662	0.00082880111473631	0.000315059861373661
ctransferencias_emitidas_delta1	0.000468138389138654	0.000863645942729549	0.000905797101449275
ccomisiones_mantenimiento	0.000467084444762322	0.00059148201405283	0.000695757193866835
ctarjeta_debito_transacciones_lag1	0.000461880613917546	0.000393686268390351	0.000971434572568788
ctransferencias_recibidas_delta1	0.000457958641894736	0.00119033968580748	0.00110270951480781
Master_mpagospesos_delta1	0.00044917515587653	0.000541795350010345	0.000971434572568788
mextraccion_autoservicio_delta1	0.000448934979672263	0.000407431946752431	0.00114209199747952
mextraccion_autoservicio_lag1	0.000445373107905473	0.000407925077197582	0.00087954211300147
ccuenta_debitos_automaticos_lag1	0.000443644783036736	0.000660686822529049	0.000748267170762445
tcallcenter	0.000441280955543611	0.000770283510913467	0.000446334803612686
ctarjeta_debito	0.000436965491126374	0.00164601026209189	0.000892669607225373
Master_mfinanciacion_limite_delta1	0.000434459824868216	0.000642870081667771	0.0010370720436883
Visa_mpagado	0.000430512078515941	0.00158392581943138	0.000905797101449275
Visa_Fvencimiento_delta1	0.000424724665553234	7.22202405053978e-05	0.000459462297836589
mpagomiscuentas_delta1	0.000423127874898283	0.00195325256794388	0.000997689561016593
Master_msaldototal_delta1	0.000419376661477727	0.000469736626735333	0.000866414618777568
Master_status_lag1	0.000414580284117707	0.000525859131188553	0.000301932367149758
Visa_mconsumototal_lag1	0.000410428793639469	0.000887862729890066	0.000958307078344886
ctransferencias_recibidas_lag1	0.000404842829939365	0.000394820586741838	0.00082703213610586
Visa_Finiciomora_delta1	0.000403572626753044	0.0021813783504455	0.00061699222852342
internet_lag1	0.000403338622642154	0.000390214535394378	0.000958307078344886
Visa_msaldodolares	0.000401198786545664	0.000327512866174888	0.000748267170762445
ccaja_ahorro_lag1	0.000396738580074587	0.000632059964176987	0.000590737240075614
Visa_mconsumototal	0.000387307730992396	0.000354940473882295	0.000761394664986347
ccuenta_debitos_automaticos_delta1	0.000382600147253638	0.00253185964716511	0.000787649653434152
Master_mpagominimo_delta1	0.000381855191596709	0.0033591937949683	0.000840159630329763
cextraccion_autoservicio_delta1	0.00038036818437752	0.000570698207585758	0.000708884688090737
ccuenta_debitos_automaticos	0.000378252654906423	0.0015146753069037	0.000840159630329763
Master_cconsumos_lag1	0.000375059454653895	0.000548076772849174	0.000708884688090737
mplazo_fijo_dolares_delta1	0.00037424555650788	0.00463152861982008	0.000787649653434152
mtarjeta_master_consumo_lag1	0.000373500990542557	0.00223252857950141	0.000748267170762445
Master_msaldopesos_delta1	0.000369971275183096	0.000294047590569748	0.000853287124553665
tpaquete4	0.000368244304967574	0.00234899714565478	0.000459462297836589
thomebanking_lag1	0.000366500302178102	0.000183391426066969	0.000682629699642932
ctarjeta_debito_lag1	0.000364736628769435	0.000781981529442715	0.000853287124553665
mcheques_emitidos_rechazados	0.000352871058829418	0.000961602297309857	0.000433207309388784
ctransferencias_emitidas_lag1	0.000352557526662769	0.000864643592655326	0.000735139676538542
ccajas_consultas	0.000340305291932485	0.00193070257352074	0.000853287124553665
matm_other_delta1	0.000339549128814038	0.000624120771083435	0.000800777147658055
Master_msaldototal_lag1	0.000338450585528519	0.000596228135745689	0.00066950220541903
Master_mlimitecompra_delta1	0.0003332948419372	0.000319725428281314	0.000761394664986347
tmobile_app_lag1	0.000332612057345257	0.000372343363818098	0.00066950220541903
Visa_mpagosdolares_lag1	0.000331072995731473	0.000556962291254085	0.00061699222852342
Master_cconsumos_delta1	0.000326170909141286	0.000827100894440268	0.000603864734299517
Visa_mconsumototal_delta1	0.000321757858923366	0.000529824586267883	0.000695757193866835
mttarjeta_master_debitos_automaticos_delta1	0.00031953405608587	0.000537306295118228	0.00077452215921025
Visa_mlimitecompra_delta1	0.000317546083096098	0.00396365916155409	0.000787649653434152
cpayroll_trx_delta1	0.000317488655907631	0.000931436735892138	0.000406952320940979
ctarjeta_master_transacciones	0.000315700941002012	0.00217029400864598	0.000538227263180004
Visa_delinquency_delta1	0.000313814174433607	0.000111516998093294	0.000341314849821466
mtarjeta_master_consumo_delta1	0.000310912274815748	0.000904062819351975	0.000643247216971225
catm_trx_delta1	0.000309088055764781	0.000363743015028739	0.00072201218231464
matm_other_lag1	0.000308666132345705	0.000338358629867616	0.000603864734299517
mplazo_fijo_dolares_lag1	0.000306244793278899	0.000864208294844864	0.000511972274732199
ctarjeta_master_transacciones_delta1	0.000297282514564461	0.00187616447618463	0.000643247216971225
Visa_mpagado_lag1	0.00029321768298032	0.000621061557826972	0.000577609745851712
catm_trx_other_delta1	0.000291474629150348	0.000330157636867671	0.000551354757403907
matm_lag1	0.000290908534227388	0.000253440650173471	0.000682629699642932
Master_Finiciomora_lag1	0.000289805404438593	0.00102010806836857	0.000603864734299517
Master_mconsumospesos_delta1	0.000287151505364739	0.000316720497830301	0.000656374711195127
ccajas_otras_delta1	0.000282518123052219	0.000634866104190603	0.000708884688090737
mprestamos_prendarios_delta1	0.000281019311803742	0.00184709847437377	0.000459462297836589
Master_cconsumos	0.000275502396505952	0.000281909541124386	0.000525099768956102
Visa_msaldodolares_lag1	0.000275083001534955	0.000516195608542042	0.000590737240075614
ccomisiones_mantenimiento_lag1	0.000273465395937452	0.000276780925331	0.000564482251627809
Visa_mpagosdolares	0.000271044488236804	0.000267505665257531	0.000511972274732199
minversion2	0.000269910183695134	0.00514256617856796	0.000525099768956102
Visa_msaldodolares_delta1	0.000266261297879564	0.000326538142229615	0.000630119722747322
matm	0.000265204733417187	0.000211494240877589	0.000498844780508297
matm_other	0.000263672436665489	0.000207995292524115	0.000511972274732199
mcheques_depositados	0.000248243002408513	0.0025183785789909	0.000380697332493174
ctarjeta_master_transacciones_lag1	0.000247940143071826	0.00037599317991424	0.000511972274732199
catm_trx	0.000242077744119131	0.000683032849680489	0.000485717286284394
cinversion1	0.000241962539077312	0.00639734413964067	0.000341314849821466
cliente_vip_lag1	0.000240870770324217	0.00144611582780127	0.000249422390254148
ccallcenter_transacciones_lag1	0.000237609845239359	0.000377391220996292	0.000603864734299517
mttarjeta_master_debitos_automaticos_lag1	0.000236624691274533	0.000389297939902897	0.000472589792060492
Visa_mpagosdolares_delta1	0.00023186542763654	0.00127123541315447	0.000564482251627809
Master_fechaalta_delta1	0.000231222095261629	7.69872174450371e-05	0.000551354757403907
catm_trx_lag1	0.000228874621116315	0.00152933994731009	0.000472589792060492
ccajas_consultas_lag1	0.000228469262411016	0.00101914325436326	0.000577609745851712
cpagomiscuentas_lag1	0.000221308195746537	0.000257624715570117	0.000498844780508297
mcaja_ahorro_adicional	0.000220408271307718	0.000658789438800677	0.000406952320940979
Master_Finiciomora_delta1	0.000219843404287467	0.00026678002099721	0.000249422390254148
mforex_sell_lag1	0.000218526744681158	0.00109150548803822	0.000446334803612686
cseguro_vida_lag1	0.00021740716564703	0.000283219723932768	0.000498844780508297
tcallcenter_delta1	0.000216680757238338	0.000990350589403811	0.000354442344045369
mforex_sell	0.000213769444582318	0.000667283292712859	0.000472589792060492
thomebanking_delta1	0.00021318890631847	0.000345433735360517	0.000590737240075614
mttarjeta_master_debitos_automaticos	0.00020464559719527	0.000300601462802688	0.000393824826717076
catm_trx_other_lag1	0.000203641266949729	0.000295222584047935	0.000406952320940979
ccheques_emitidos	0.000203125514771497	0.00231004131958341	0.000262549884478051
mcajeros_propios_descuentos_delta1	0.000201695305708298	0.00113642162531183	0.000420079815164881
mforex_buy_delta1	0.000201634782514997	0.000866002585615747	0.000420079815164881
mprestamos_prendarios_lag1	0.000199090768645703	0.00252429510896585	0.000354442344045369
ctarjeta_debito_delta1	0.000191702458472866	0.00646449315325872	0.000380697332493174
mcheques_depositados_lag1	0.000191191959705878	0.00174239345068101	0.000433207309388784
mcheques_depositados_delta1	0.000191003652202687	0.00198549492737611	0.000538227263180004
Master_delinquency	0.000188395740422295	0.000438338387114289	0.000144402436462928
ccajas_otras_lag1	0.00018677498275502	0.000213344145639885	0.000380697332493174
Master_mconsumosdolares	0.000185782597219165	0.000695501476973754	0.000236294896030246
Master_mpagado_delta1	0.000184933078957888	0.000188341219212429	0.000354442344045369
ccajas_extracciones_delta1	0.000182677876877522	0.000902259506098443	0.000393824826717076
ccajas_otras	0.0001788678881773	0.000240644255313783	0.000315059861373661
ccajas_transacciones_lag1	0.0001740969306828	4.665806806321e-05	0.000367569838269271
ccajas_transacciones_delta1	0.00017364993921432	5.47817043676503e-05	0.000315059861373661
cseguro_vida	0.000171029949641968	0.000364237624569406	0.000420079815164881
active_quarter_lag1	0.000170033751345019	0.000732772317432907	0.000328187355597564
mforex_buy_lag1	0.000166917689883968	0.00309046698845247	0.000406952320940979
mcaja_ahorro_adicional_delta1	0.000166368967493396	0.00108540806468163	0.000354442344045369
Master_mpagado_lag1	0.000165926364631627	0.00142512568750967	0.000367569838269271
cseguro_vivienda	0.000165473410824011	0.000551335516090792	0.000341314849821466
ccheques_emitidos_rechazados	0.000163956756650265	0.000379356199389761	0.000118147448015123
Master_status_delta1	0.000162080676381221	0.000773249541152401	0.000315059861373661
cliente_vip_delta1	0.000160287004432129	0.000802214372829948	0.000328187355597564
catm_trx_other	0.000159374358202873	0.000516557691124444	0.000341314849821466
active_quarter	0.000159211850931839	0.000341473309205943	0.000393824826717076
Master_mconsumosdolares_delta1	0.000158132571190324	0.000315712937964564	0.000275677378701953
ctarjeta_master	0.000157705224668593	0.000196742925473943	0.000262549884478051
cseguro_accidentes_personales_lag1	0.000157331915306163	0.000322816294181827	0.000393824826717076
mtarjeta_visa_descuentos_lag1	0.000153339975508169	0.00350909731526873	0.000459462297836589
minversion2_delta1	0.000152167371016316	0.00243651463571891	0.000262549884478051
mcaja_ahorro_adicional_lag1	0.000150077831039709	0.000186550921999441	0.000301932367149758
cseguro_accidentes_personales	0.000147571472776752	6.53378611582771e-05	0.000223167401806343
mforex_sell_delta1	0.000146281640530666	0.000340910513361972	0.000341314849821466
Visa_fechaalta_delta1	0.000146004122775809	0.000585689136463052	0.000328187355597564
ccajas_depositos_lag1	0.000145102914023974	0.00173107541178992	0.000249422390254148
ctarjeta_master_debitos_automaticos_lag1	0.000142777847203575	0.000185380957446009	0.000236294896030246
cprestamos_hipotecarios	0.000139953891317727	0.00181776105853565	0.000144402436462928
mcheques_emitidos_rechazados_delta1	0.000139736222134956	0.000429643819940538	0.000223167401806343
ctarjeta_visa_lag1	0.000138970747286653	0.000373184969166901	0.000262549884478051
cforex_buy	0.000137279093261477	0.000438045230382949	0.000210039907582441
mpagodeservicios_lag1	0.000136351667762203	0.00154324167024915	0.000262549884478051
ccajeros_propios_descuentos	0.00013511063181259	0.00432364897171009	0.000301932367149758
mtarjeta_visa_descuentos_delta1	0.000134738539301055	0.00233174275690882	0.000354442344045369
Master_mconsumototal	0.000134084657508117	4.43551163442556e-05	0.000262549884478051
ccheques_emitidos_rechazados_lag1	0.000134056507844262	0.000544351966610354	0.000196912413358538
ccheques_emitidos_rechazados_delta1	0.000132246149841674	0.000558568441075288	0.000157529930686831
ccheques_emitidos_lag1	0.000132019135658479	0.000834764384129572	0.000249422390254148
ccajas_extracciones	0.000129376894177363	0.000590450640749281	0.000249422390254148
ccaja_seguridad_delta1	0.00012670697365552	0.00379369378130812	0.000223167401806343
tpaquete4_lag1	0.000124776705991563	0.000523423800420885	0.000210039907582441
Master_mpagado	0.000123696595521944	0.000103166024807991	0.000262549884478051
mpagodeservicios_delta1	0.000123049021091996	0.000130274443702969	0.000301932367149758
Master_mpagosdolares_lag1	0.000122241826447467	0.000377634975937386	0.000262549884478051
minversion2_lag1	0.000120125740010937	0.00105369152370547	0.000249422390254148
cseguro_vivienda_lag1	0.000120041578827058	0.000211343816863576	0.000249422390254148
mpagodeservicios	0.000117382234892287	0.00195224855790739	0.000301932367149758
ctarjeta_master_debitos_automaticos_delta1	0.000116808762191994	0.000212330077753877	0.000288804872925856
active_quarter_delta1	0.000113905765681485	0.000233108411567539	0.000341314849821466
ccajas_depositos	0.00011308509392403	0.00390034573842904	0.000288804872925856
tcuentas	0.000112074002270097	0.000186226112624051	0.000144402436462928
ctarjeta_visa_descuentos_delta1	0.000111955402018574	0.000250241810300264	0.000236294896030246
mcheques_depositados_rechazados_lag1	0.000111186495927044	0.00101995705271635	0.000262549884478051
tpaquete3_lag1	0.000111067386831534	0.000116014040101199	0.000196912413358538
ctarjeta_master_debitos_automaticos	0.000110825888323636	0.000193153308565317	0.000262549884478051
cforex	0.000109973676412669	0.000303640264541025	0.000170657424910733
ctarjeta_master_delta1	0.000107359444835996	4.88416567739952e-05	0.000144402436462928
mtarjeta_visa_descuentos	0.000106526890189947	0.00478781813501234	0.000288804872925856
cpagodeservicios_lag1	0.00010550363071781	0.000832951456755184	0.000210039907582441
cinversion2_lag1	0.000105100174881804	0.00122189130763357	0.000196912413358538
ccajas_depositos_delta1	0.000104112706137324	0.00102960815096052	0.000301932367149758
ccheques_depositados_delta1	0.000103825459791959	0.000427007184273096	0.000275677378701953
mprestamos_hipotecarios_lag1	0.000102130794607655	0.00287546507255787	0.000183784919134636
mprestamos_hipotecarios	0.000100128479124808	0.00269156631672879	0.000157529930686831
tcuentas_lag1	0.000100039851626143	0.000930495291595982	0.000223167401806343
Master_msaldodolares_lag1	9.89146527440259e-05	3.96820619699045e-05	0.000170657424910733
mcheques_emitidos	9.87370710274112e-05	0.00175140454429526	0.000170657424910733
mcajeros_propios_descuentos_lag1	9.54766863302635e-05	0.000186650908856346	0.000210039907582441
Master_mconsumosdolares_lag1	9.45644665168747e-05	0.000121811354977527	0.000210039907582441
mcheques_depositados_rechazados	9.39778246578794e-05	0.000319664341636489	0.000131274942239025
cforex_buy_delta1	9.32626534124585e-05	0.000200939415272926	0.000183784919134636
cplazo_fijo_lag1	9.30172206886239e-05	0.000744063140966504	0.000223167401806343
ccajas_extracciones_lag1	9.29974364429552e-05	0.00261927005071385	0.000288804872925856
mcheques_emitidos_lag1	9.28824313699163e-05	0.000751274766975564	0.000196912413358538
cplazo_fijo_delta1	9.10153949393347e-05	0.000319683717787753	0.000210039907582441
Master_mconsumototal_delta1	8.89530259653291e-05	0.000704195008780643	0.000249422390254148
mcheques_emitidos_delta1	8.88781363333532e-05	0.00209916681972717	0.000223167401806343
Master_mpagosdolares_delta1	8.82960399938192e-05	0.000947791538745057	0.000223167401806343
mtarjeta_master_descuentos_lag1	8.42732474421875e-05	0.00657120471792895	0.000275677378701953
tcallcenter_lag1	8.2436184570325e-05	8.0099678140089e-05	0.000210039907582441
Master_msaldodolares	8.07182895067411e-05	0.0010780724904683	0.000210039907582441
cforex_delta1	8.0403283994989e-05	0.000238966369360037	0.000223167401806343
Master_mconsumototal_lag1	7.93825254565155e-05	2.99701729000093e-05	0.000223167401806343
mcajeros_propios_descuentos	7.85138841013845e-05	0.000443087171179077	0.000196912413358538
ccheques_depositados	7.66710977707656e-05	0.000674654365218581	0.000118147448015123
cseguro_vivienda_delta1	7.60182474805729e-05	0.00057304893408989	0.000144402436462928
cforex_sell_delta1	7.37583656472411e-05	0.000115717185631068	0.000157529930686831
cseguro_vida_delta1	7.35979018107738e-05	0.000261947963854852	0.000144402436462928
cseguro_accidentes_personales_delta1	7.2598651370882e-05	0.000659791673922555	0.000210039907582441
Visa_madelantopesos	7.25754300107103e-05	0.000241056922962844	0.000131274942239025
cinversion2_delta1	7.23643958311974e-05	0.00217654318720256	0.000144402436462928
ctarjeta_visa_delta1	7.17050555928203e-05	2.03686243556337e-05	9.18924595673178e-05
ctarjeta_master_lag1	7.14517572000648e-05	0.000134883009512807	0.00010501995379122
mcheques_depositados_rechazados_delta1	7.03257743298126e-05	0.000113002157901259	0.000144402436462928
cforex_lag1	6.95590954092762e-05	0.000167326969663909	0.000131274942239025
ctarjeta_visa_descuentos	6.89965179567249e-05	0.000232642348570338	0.000170657424910733
cpagodeservicios	6.62319107785759e-05	0.00157828943014723	0.000170657424910733
minversion1_pesos_lag1	6.59858317538028e-05	0.000432671972191158	0.000144402436462928
mforex_buy	6.59679727113037e-05	0.000585980074551118	0.000157529930686831
Master_mpagosdolares	6.57584816414773e-05	7.91459573511475e-05	0.000131274942239025
Master_delinquency_delta1	6.49713706777337e-05	3.76175404481854e-05	0.000131274942239025
Master_delinquency_lag1	6.17131295722274e-05	8.30621585497832e-05	0.00010501995379122
minversion1_pesos	6.16295535589347e-05	0.00252049605213211	0.000183784919134636
ccajeros_propios_descuentos_delta1	6.07209194839378e-05	6.57536349079227e-05	0.000157529930686831
ctarjeta_master_descuentos_lag1	6.04720917806453e-05	0.000229175200770466	0.000131274942239025
cpagodeservicios_delta1	5.93327221690801e-05	0.000107461022368363	0.000157529930686831
Master_msaldodolares_delta1	5.92220603442613e-05	8.29420559938557e-05	0.000157529930686831
cliente_edad_delta1	5.41225089010703e-05	3.2205382044315e-05	0.000183784919134636
mtarjeta_master_descuentos_delta1	5.30153572876787e-05	2.91569661851209e-05	0.00010501995379122
cliente_antiguedad_delta1	5.26334139249312e-05	0.00711252986347465	0.000196912413358538
tpaquete4_delta1	5.07091536132313e-05	0.000587079042519764	0.00010501995379122
ccajas_transacciones	5.03213036309163e-05	5.79296633550946e-05	0.000131274942239025
cliente_vip	4.70299735060571e-05	7.9740405839168e-05	0.000157529930686831
ccajeros_propios_descuentos_lag1	4.54029669583154e-05	0.00330013070071903	0.000131274942239025
cprestamos_prendarios_lag1	4.34356296644689e-05	0.000703461229494983	9.18924595673178e-05
mprestamos_hipotecarios_delta1	4.33410024116693e-05	0.00061349775917547	0.000118147448015123
minversion1_pesos_delta1	4.14278121045373e-05	0.0003069719271916	0.000131274942239025
cinversion2	3.90512159658842e-05	0.00200080933444283	0.00010501995379122
cseguro_auto	3.89496203134039e-05	0.000114834609336463	0.000118147448015123
ccheques_emitidos_delta1	3.87308068072757e-05	0.000152357931400257	9.18924595673178e-05
ctarjeta_visa_descuentos_lag1	3.83972796046095e-05	5.26208937278169e-05	7.87649653434153e-05
Visa_delinquency_lag1	3.80048915858331e-05	0.000233371838479001	9.18924595673178e-05
mplazo_fijo_pesos_delta1	3.6704886374174e-05	0.000817546085314209	9.18924595673178e-05
ctarjeta_master_descuentos	3.51416612329795e-05	0.00030509007396615	7.87649653434153e-05
ccheques_depositados_rechazados	3.49147251032288e-05	0.000591428470795139	9.18924595673178e-05
Visa_madelantopesos_lag1	3.34875920134494e-05	8.44371257417807e-05	7.87649653434153e-05
minversion1_dolares_lag1	3.30630033800836e-05	0.000222194905300163	5.25099768956102e-05
minversion1_dolares_delta1	3.23562844707698e-05	0.00150032275565127	0.00010501995379122
mtarjeta_master_descuentos	3.20130634447645e-05	3.24713234181544e-05	6.56374711195127e-05
cseguro_auto_lag1	3.2001686982573e-05	7.54820898476009e-05	7.87649653434153e-05
cforex_sell	3.16308672717461e-05	7.48766960527595e-05	7.87649653434153e-05
ccheques_depositados_lag1	3.14235317663608e-05	0.000719077963685244	0.00010501995379122
ctarjeta_master_descuentos_delta1	2.80070991236256e-05	7.94033199709922e-05	7.87649653434153e-05
cprestamos_hipotecarios_lag1	2.78907476862341e-05	9.3242033441051e-05	5.25099768956102e-05
Visa_madelantopesos_delta1	2.63645637395294e-05	0.000999647148452715	0.00010501995379122
ccheques_depositados_rechazados_delta1	2.54200161005543e-05	4.99909139901978e-05	5.25099768956102e-05
Master_madelantopesos_lag1	2.35847836855715e-05	6.05195596042206e-05	6.56374711195127e-05
Visa_cadelantosefectivo_delta1	2.28829747753719e-05	9.41689826011465e-05	5.25099768956102e-05
cinversion1_delta1	2.24647768541005e-05	3.2851007237201e-05	3.93824826717076e-05
minversion1_dolares	2.08015041204043e-05	0.00187213423672169	6.56374711195127e-05
cinversion1_lag1	1.48252128743054e-05	0.000131854265623981	3.93824826717076e-05
cforex_buy_lag1	1.36782934915348e-05	8.26809956352202e-05	3.93824826717076e-05
cforex_sell_lag1	1.36444288880311e-05	4.49239764798432e-05	3.93824826717076e-05
Master_madelantopesos	1.32149376234279e-05	0.000197929751716261	3.93824826717076e-05
Master_cadelantosefectivo	1.23573853832951e-05	0.000132256579604427	1.31274942239025e-05
ccheques_depositados_rechazados_lag1	9.65933476851985e-06	0.000460574961197519	2.62549884478051e-05
mplazo_fijo_pesos	8.90530407477546e-06	0.000967626949167047	3.93824826717076e-05
ccuenta_corriente_lag1	7.98133284334261e-06	5.63919956562988e-05	2.62549884478051e-05
cprestamos_prendarios	7.27508087321773e-06	0.000393056173700386	2.62549884478051e-05
ccuenta_corriente	6.41794376689046e-06	0.000188341071302877	1.31274942239025e-05
mcuenta_corriente_adicional	5.86333697550376e-06	4.71964588311608e-05	2.62549884478051e-05
cprestamos_hipotecarios_delta1	5.62635658777616e-06	9.35499811275547e-05	1.31274942239025e-05
Master_cadelantosefectivo_lag1	5.55839667412809e-06	1.12022257121678e-05	1.31274942239025e-05
mpayroll2	5.45483057510997e-06	2.26848879342353e-06	1.31274942239025e-05
mpayroll2_lag1	4.93706385820249e-06	0.00107568108883747	2.62549884478051e-05
mcuenta_corriente_adicional_lag1	4.58137016809332e-06	0.000150526071603259	1.31274942239025e-05
Master_madelantopesos_delta1	3.57995552952986e-06	4.67028846573554e-05	1.31274942239025e-05
Master_cadelantosefectivo_delta1	3.52934143971612e-06	8.14833719956329e-07	1.31274942239025e-05
cseguro_auto_delta1	3.31586342758439e-06	2.51901799198262e-05	1.31274942239025e-05
tcuentas_delta1	3.17464356419869e-06	4.82665844372389e-05	1.31274942239025e-05
tpaquete1	2.75849644537092e-06	2.33149826241997e-05	1.31274942239025e-05
Visa_cadelantosefectivo	2.72103885072176e-06	6.98837133182223e-05	1.31274942239025e-05
