fecha	objective	metric	first_metric_only	boost_from_average	feature_pre_filter	verbosity	max_depth	min_gain_to_split	lambda_l1	lambda_l2	num_iterations	early_stopping_rounds	force_row_wise	max_bin	learning_rate	feature_fraction	min_data_in_leaf	num_leaves	gleaf_size	gnum_leaves	acumulaciones	pos_ratio_actual	gan_validate	gan_test	pos_ratio_acum	gan_validate_acum	gan_test_acum	iteracion_bayesiana
20211127 222927	binary	custom	TRUE	TRUE	FALSE	-100	-1	0	0	0	333.8	239	TRUE	96	0.100748844812624	0.586871782263042	3433	35	41.1876972625032	0.551754983359366	10	0.0398132108156963	6663250	5798250	0.0429564911752153	6533750	5683750	1
20211127 224224	binary	custom	TRUE	TRUE	FALSE	-100	-1	0	0	0	210.9	254	TRUE	89	0.0731523119597696	0.442965084644966	352	479	64.0979449255392	0.785307233377127	10	0.0356397445875491	6756625	5766625	0.0323868343752354	6962500	5662500	2
20211127 225205	binary	custom	TRUE	TRUE	FALSE	-100	-1	0	0	0	331.4	262	TRUE	128	0.0637595846173354	0.822855524204206	657	91	57.8522281544283	0.278749211835093	10	0.0353669252592202	6797375	6082375	0.0357092047232892	6916250	6266250	3
20211127 230207	binary	custom	TRUE	TRUE	FALSE	-100	-1	0	0	0	311.6	236	TRUE	160	0.10919195663929	0.630455132437637	1006	94	53.5809746431187	0.438475017423392	10	0.036310076740897	6766500	5741500	0.0382030746570929	6843750	5943750	4
20211127 231749	binary	custom	TRUE	TRUE	FALSE	-100	-1	0	0	0	292.7	223	TRUE	25	0.171858094663126	0.256102606088389	11	11677	98.8923754887655	0.598803728774306	10	0.0391378574477166	6109125	5364125	0.0323952030662884	6361250	5461250	5
20211127 234146	binary	custom	TRUE	TRUE	FALSE	-100	-1	0	0	0	127.8	230	TRUE	208	0.132032610804774	0.775729331166949	53	1040	83.0561747867614	0.256982645514072	10	0.0399429255270183	6343875	5458875	0.0345543253579708	6538750	5738750	6
20211127 234913	binary	custom	TRUE	TRUE	FALSE	-100	-1	0	0	0	186.3	234	TRUE	140	0.117281335159903	0.347320319341961	1498	116	49.5754234660417	0.805106986850267	10	0.036392926782322	6744125	5814125	0.0312235863188639	6886250	5786250	7
20211128 002421	binary	custom	TRUE	TRUE	FALSE	-100	-1	0	0	0	327.9	225	TRUE	234	0.159452230616007	0.491142090448411	21	8816	92.5425254842266	0.863011464760639	10	0.0370381528625108	6257750	5582750	0.0386466152829036	6477500	5777500	8
20211128 003729	binary	custom	TRUE	TRUE	FALSE	-100	-1	0	0	0	1806.7	247	TRUE	227	0.0849053417260293	0.935274102700641	10400	2	29.7679854556918	0.0596465623294935	10	0.0371695413120434	5423125	4963125	0.0359602654548802	5328750	4828750	9
20211128 004258	binary	custom	TRUE	TRUE	FALSE	-100	-1	0	0	0	228.4	220	TRUE	79	0.191871121270349	0.712642432722496	1777	45	47.8487621787935	0.369943892157287	10	0.0398374800197501	6544625	5814625	0.0311482680993866	6847500	5947500	10
20211128 005555	binary	custom	TRUE	TRUE	FALSE	-100	-1	0	0	0	976.2	329	TRUE	187	0.0308131555579603	0.168072460056283	4275	8	38.9531404832378	0.166216124493396	10	0.033851355309516	6108750	5798750	0.0307214648556819	6111250	5561250	11
20211128 010634	binary	custom	TRUE	TRUE	FALSE	-100	-1	0	0	0	299.2	293	TRUE	14	0.0430030157433357	0.132025890315417	167	893	71.5795095227659	0.694928579273168	10	0.0359050320939302	6657000	5817000	0.0334663955210765	6651250	5601250	12
20211128 012101	binary	custom	TRUE	TRUE	FALSE	-100	-1	0	0	0	491.7	353	TRUE	43	0.0260967938706744	0.66969476528815	135	213	73.7309217117727	0.134229563086061	10	0.0382491024578846	6946875	6086875	0.0429815972483744	7030000	6480000	13
20211128 021948	binary	custom	TRUE	TRUE	FALSE	-100	-1	0	0	0	203	248	TRUE	174	0.0829500707169064	0.744960959302261	35	5930	87.3210742799565	0.967471746494411	10	0.0376884001573314	6420625	5680625	0.0349811286016754	6425000	5625000	14
20211128 024208	binary	custom	TRUE	TRUE	FALSE	-100	-1	0	0	0	131.8	222	TRUE	205	0.176677698378684	0.994940195104573	102	1027	76.5355077143759	0.48823431065504	10	0.0371762362648858	6312125	5282125	0.0361527453491	6350000	5600000	15
20211128 025832	binary	custom	TRUE	TRUE	FALSE	-100	-1	0	0	0	1223.2	226	TRUE	64	0.150549991466338	0.377250761598116	12914	2	27.4791415100917	0.0331826040453743	10	0.0351560342446838	5563875	4838875	0.0321943544810156	5391250	4891250	16
20211128 031405	binary	custom	TRUE	TRUE	FALSE	-100	-1	0	0	0	833.5	227	TRUE	251	0.14381645635725	0.517229261435568	17938	7	23.9407510571182	0.612066735040746	10	0.0383160519863088	6381875	5731875	0.0347216991790314	6213750	5863750	17
20211128 032051	binary	custom	TRUE	TRUE	FALSE	-100	-1	0	0	0	121.6	221	TRUE	29	0.189629695420852	0.311785514620133	436	445	61.9717918317765	0.903734128321055	10	0.0370917124852502	6474750	5604750	0.0345878001221829	6733750	6033750	18
20211128 033419	binary	custom	TRUE	TRUE	FALSE	-100	-1	0	0	0	172.8	231	TRUE	146	0.127021803386742	0.21492372108507	31	2368	88.3219049889594	0.342202430946287	10	0.0377846401044413	6236250	5301250	0.0354330379185392	6307500	5407500	19
20211128 034903	binary	custom	TRUE	TRUE	FALSE	-100	-1	0	0	0	1028.9	273	TRUE	107	0.0543801362463273	0.867619167222874	6994	23	33.9013037513942	0.735967202944215	10	0.0385989137439013	6629625	5494625	0.0411823286719724	6548750	5448750	20
20211128 040616	binary	custom	TRUE	TRUE	FALSE	-100	-1	0	0	0	872.6	398	TRUE	32	0.0201122204664855	0.747812321989585	250	136	67.5483611126465	0.158205673697721	10	0.0375528273622723	6930875	6335875	0.03281363761894	6748750	6148750	21
20211128 041914	binary	custom	TRUE	TRUE	FALSE	-100	-1	0	0	0	555.2	303	TRUE	77	0.0387745905368199	0.671563978213225	119	133	74.9423901455943	0.0737301312169732	10	0.0402341559756638	7055375	6095375	0.0407890001924799	7107500	6207500	22
20211128 042917	binary	custom	TRUE	TRUE	FALSE	-100	-1	0	0	0	212.8	267	TRUE	26	0.059212144051639	0.548806759946416	123	288	74.6237910181773	0.165106055234956	10	0.0401697170545555	6720000	5990000	0.0385796657544793	6837500	6437500	23
20211128 043729	binary	custom	TRUE	TRUE	FALSE	-100	-1	0	0	0	255.6	292	TRUE	13	0.0434204125142414	0.966043535013705	131	238	74.0143798920745	0.145229372660914	10	0.0384591566033157	6765500	5850500	0.0424794757851924	6755000	6255000	24
20211128 045614	binary	custom	TRUE	TRUE	FALSE	-100	-1	0	0	0	483.3	330	TRUE	109	0.0307677926531786	0.502733907046657	137	228	73.5752607639809	0.145826056659278	10	0.0390935033851355	6960750	6130750	0.0362448009506833	6936250	6086250	25
20211128 050843	binary	custom	TRUE	TRUE	FALSE	-100	-1	0	0	0	279.8	283	TRUE	46	0.0479227881150139	0.682989172810985	136	359	73.6432233068603	0.227471540340671	10	0.0366557036813872	6909875	5829875	0.0352991388616906	6977500	5977500	26
20211128 052147	binary	custom	TRUE	TRUE	FALSE	-100	-1	0	0	0	353.7	314	TRUE	21	0.0350207168488995	0.536780226977247	116	227	75.1823251613264	0.12297131310316	10	0.0403814449381972	6883375	6013375	0.0380189634539262	7021250	6221250	27
20211128 053352	binary	custom	TRUE	TRUE	FALSE	-100	-1	0	0	0	309.2	275	TRUE	49	0.0528714817929298	0.489417446528809	131	252	74.0119610751583	0.153860881362418	10	0.0413455181475065	6984375	5914375	0.0397178077376917	7117500	6167500	28
20211128 054438	binary	custom	TRUE	TRUE	FALSE	-100	-1	0	0	0	527.8	370	TRUE	12	0.0233941178213888	0.846810337649875	127	142	74.3318688651389	0.0842502026018962	10	0.038978852317709	6867875	5932875	0.0373494681696836	6721250	6021250	29
20211128 060615	binary	custom	TRUE	TRUE	FALSE	-100	-1	0	0	0	643.6	346	TRUE	56	0.027340493900805	0.874178827099693	85	315	78.3323241472848	0.124663934581955	10	0.0408149431347443	6893625	5948625	0.0459106391169357	6892500	6042500	30
20211128 061335	binary	custom	TRUE	TRUE	FALSE	-100	-1	0	0	0	188.4	252	TRUE	17	0.0765682090769938	0.65895992595466	120	284	74.9149544558255	0.15862715780183	10	0.0367661704032872	6733375	5688375	0.0312319550099169	6935000	5885000	31
20211128 062408	binary	custom	TRUE	TRUE	FALSE	-100	-1	0	0	0	418.4	272	TRUE	25	0.0549933833494378	0.648913343316886	123	229	74.618288974013	0.131259222774273	10	0.0403471333048798	6838500	5983500	0.0406885758998435	6922500	6372500	32
20211128 063919	binary	custom	TRUE	TRUE	FALSE	-100	-1	0	0	0	561.9	350	TRUE	48	0.0266133604317238	0.607306097388618	164	135	71.7297440435058	0.103038875338755	10	0.0402818575146661	6983250	6208250	0.0404458838593056	7058750	6158750	33
20211128 065429	binary	custom	TRUE	TRUE	FALSE	-100	-1	0	0	0	287.9	302	TRUE	39	0.0389087755179619	0.355143487304971	37	842	86.6585399784597	0.14516355685508	10	0.0388349108315968	6659375	5649375	0.0404291464771995	6561250	5811250	34
20211128 070349	binary	custom	TRUE	TRUE	FALSE	-100	-1	0	0	0	503.1	311	TRUE	24	0.0358182902889533	0.676295985826507	314	95	65.2517196873458	0.139508868064777	10	0.0395437389637887	6833500	6073500	0.0400776614529721	6863750	6263750	35
20211128 071742	binary	custom	TRUE	TRUE	FALSE	-100	-1	0	0	0	487.5	315	TRUE	34	0.0347768523160411	0.586365143784565	213	146	69.14534426509	0.145250640668735	10	0.0381695998928808	6983750	6118750	0.0388976760144946	6890000	6190000	36
20211128 074135	binary	custom	TRUE	TRUE	FALSE	-100	-1	0	0	0	197.2	273	TRUE	43	0.0543341500187746	0.746919472141723	14	1998	96.2243038513067	0.130414932961485	10	0.037290050463207	6375125	5580125	0.0375335793728503	6293750	5743750	37
20211128 075443	binary	custom	TRUE	TRUE	FALSE	-100	-1	0	0	0	455.3	323	TRUE	31	0.0325154168494777	0.692912662385496	120	256	74.8641118760184	0.143060131474791	10	0.0398073527319592	7034125	6044125	0.0384039232423657	7163750	6263750	38
20211128 083135	binary	custom	TRUE	TRUE	FALSE	-100	-1	0	0	0	612.5	391	TRUE	127	0.0208683468120359	0.666211329684222	59	500	82.044900851653	0.137572270238874	10	0.036337693421372	6857375	5827375	0.0342028403337434	6841250	5741250	39
20211128 084341	binary	custom	TRUE	TRUE	FALSE	-100	-1	0	0	0	224.7	269	TRUE	26	0.0573875676547149	0.56036660591067	58	471	82.1011395438062	0.127208822654445	10	0.0389445406843916	6668000	5803000	0.0418099805009498	6705000	6155000	40
20211128 090339	binary	custom	TRUE	TRUE	FALSE	-100	-1	0	0	0	734.6	376	TRUE	44	0.0226021839747821	0.361967453665759	134	236	73.7861795761072	0.14761736677708	10	0.0393546065459901	6996750	6221750	0.0337592997079327	7107500	6257500	41
20211128 091231	binary	custom	TRUE	TRUE	FALSE	-100	-1	0	0	0	388.4	271	TRUE	13	0.0560941968455911	0.690702872852019	224	151	68.6527226048312	0.157589892535776	10	0.0376289824508549	6949500	5984500	0.033575188504766	6985000	5985000	42
20211128 092338	binary	custom	TRUE	TRUE	FALSE	-100	-1	0	0	0	642.4	275	TRUE	26	0.0532765284619277	0.732659352172757	335	105	64.6007578406016	0.16337067112981	10	0.0374540768078465	6800625	5975625	0.0358682098532968	6792500	6242500	43
20211128 094008	binary	custom	TRUE	TRUE	FALSE	-100	-1	0	0	0	989.1	389	TRUE	43	0.0211279287247551	0.625361144323456	369	78	63.6333502925459	0.133863950088149	10	0.0385955662674801	6945125	6120125	0.0416258692977831	6882500	6332500	44
20211128 095550	binary	custom	TRUE	TRUE	FALSE	-100	-1	0	0	0	1073.4	347	TRUE	46	0.0270729937366081	0.638685599576513	536	59	59.8901193060246	0.146613149177663	10	0.0383528742269422	6946375	6156375	0.0406718385177374	6925000	6275000	45
20211128 101016	binary	custom	TRUE	TRUE	FALSE	-100	-1	0	0	0	668.6	352	TRUE	35	0.0262336830597127	0.89078688775172	204	138	69.5694247881394	0.131200959068475	10	0.036180362029575	7020875	6180875	0.0398935502498054	6941250	6241250	46
20211128 102157	binary	custom	TRUE	TRUE	FALSE	-100	-1	0	0	0	484.5	266	TRUE	33	0.0600728641264234	0.501573026842443	694	53	57.2998203027318	0.171441143290844	10	0.0369720402031918	6857625	6077625	0.0430067033215335	6876250	6026250	47
20211128 103114	binary	custom	TRUE	TRUE	FALSE	-100	-1	0	0	0	725.4	281	TRUE	21	0.0489890268476584	0.621727699425491	1234	24	51.5201834424869	0.135520035311562	10	0.0364063166880068	6622125	5732125	0.0417765057367377	6460000	5910000	48
20211128 104023	binary	custom	TRUE	TRUE	FALSE	-100	-1	0	0	0	232.5	270	TRUE	24	0.0563751881625213	0.186780029489432	52	696	83.188626324214	0.168703594720928	10	0.0390332488095537	6529750	5699750	0.0315332278878261	6540000	5790000	49
20211128 105447	binary	custom	TRUE	TRUE	FALSE	-100	-1	0	0	0	355.3	301	TRUE	42	0.0395038584346748	0.55502154954298	132	272	73.9442162058433	0.167521254369785	10	0.0395981354556334	6920375	6165375	0.0410316922330178	6921250	6321250	50
20211128 111849	binary	custom	TRUE	TRUE	FALSE	-100	-1	0	0	0	802.5	393	TRUE	56	0.0206260622898461	0.525625527624528	148	195	72.7955397068011	0.134826869465768	10	0.0379528507946072	6996125	6196125	0.0401278735992903	6956250	6506250	51
20211128 113428	binary	custom	TRUE	TRUE	FALSE	-100	-1	0	0	0	475	299	TRUE	51	0.0403595862746245	0.518072830388025	134	215	73.7905050026695	0.134184275584641	10	0.039627425874319	6901000	6096000	0.0370481952917744	7066250	6316250	52
20211128 115316	binary	custom	TRUE	TRUE	FALSE	-100	-1	0	0	0	602	376	TRUE	71	0.0227123116006897	0.718429467968864	143	201	73.1376353334497	0.133664783152165	10	0.0390047952599734	6849000	6139000	0.0409898487777527	6777500	6427500	53
20211128 121255	binary	custom	TRUE	TRUE	FALSE	-100	-1	0	0	0	772.7	334	TRUE	69	0.0296978907432896	0.55243513016899	323	92	64.9832701390527	0.139010098786602	10	0.0360799377369386	7060875	6105875	0.0357426794875014	7111250	6211250	54
20211128 122450	binary	custom	TRUE	TRUE	FALSE	-100	-1	0	0	0	488	269	TRUE	108	0.0575010548012987	0.740419775441206	548	97	59.6710736614431	0.248101460894607	10	0.0371092867364615	6862125	6022125	0.0300017574251211	6768750	5918750	55
20211128 123336	binary	custom	TRUE	TRUE	FALSE	-100	-1	0	0	0	294.7	254	TRUE	137	0.0731505701200449	0.784450654596278	820	81	55.6266314773308	0.308384581188583	10	0.0379043123864996	6663375	6093375	0.0338680926916221	6691250	6041250	56
20211128 124424	binary	custom	TRUE	TRUE	FALSE	-100	-1	0	0	0	303.7	273	TRUE	26	0.0544194304721578	0.70367689466991	123	312	74.6293573329947	0.17874254037317	10	0.0365469106976978	6706125	5926125	0.0424208949478212	6813750	6163750	57
20211128 125423	binary	custom	TRUE	TRUE	FALSE	-100	-1	0	0	0	611.2	286	TRUE	31	0.0461534023350088	0.918418866755018	415	70	62.4568860477512	0.135427431906149	10	0.0379946942498724	6839875	6149875	0.0340438352037358	6765000	6015000	58
20211128 132040	binary	custom	TRUE	TRUE	FALSE	-100	-1	0	0	0	926.2	395	TRUE	57	0.0205092392072112	0.597440817409188	134	215	73.7802828623029	0.134083941133147	10	0.0388081310202271	7063375	6168375	0.0406216263714192	7082500	6432500	59
20211128 133530	binary	custom	TRUE	TRUE	FALSE	-100	-1	0	0	0	538.6	291	TRUE	57	0.043786305674937	0.690877470721641	151	183	72.5934964975657	0.129131756582712	10	0.0407136819730026	6953750	6028750	0.0351652398048421	7047500	6197500	60
20211128 135937	binary	custom	TRUE	TRUE	FALSE	-100	-1	0	0	0	799.5	389	TRUE	44	0.0210998969023336	0.519864323633244	134	219	73.7820636439731	0.136977580241583	10	0.0389068815746529	6963625	6128625	0.0438770471910488	6946250	6196250	61
20211128 142022	binary	custom	TRUE	TRUE	FALSE	-100	-1	0	0	0	730.9	375	TRUE	56	0.0227291076916444	0.398888152906251	151	214	72.5986201441705	0.150333320169921	10	0.0404467207284109	7063625	6213625	0.0399688684692827	7030000	6380000	62
20211128 144515	binary	custom	TRUE	TRUE	FALSE	-100	-1	0	0	0	742.1	396	TRUE	62	0.0203158549057789	0.516297242130589	113	252	75.4966561750229	0.132644408329899	10	0.038515226833371	6982125	6172125	0.0345794314311299	6985000	6185000	63
20211128 151401	binary	custom	TRUE	TRUE	FALSE	-100	-1	0	0	0	980.3	397	TRUE	54	0.0202799686565336	0.544453582505157	164	198	71.738099702345	0.151725744810952	10	0.0394550308386265	7006750	6091750	0.0381695998928808	7048750	6298750	64
20211128 153522	binary	custom	TRUE	TRUE	FALSE	-100	-1	0	0	0	717.3	351	TRUE	59	0.0263388862492361	0.587130673083429	153	186	72.476997646247	0.132697324781801	10	0.0368523679211335	6955500	6030500	0.0336421380331902	7025000	6175000	65
20211128 154425	binary	custom	TRUE	TRUE	FALSE	-100	-1	0	0	0	183.1	239	TRUE	56	0.102560375195158	0.488687807855927	96	268	77.0917052457202	0.119804876971922	10	0.0378356891198648	6758625	5913625	0.0430820215410108	7015000	6115000	66
20211128 162348	binary	custom	TRUE	TRUE	FALSE	-100	-1	0	0	0	3042.8	396	TRUE	55	0.0203658601620853	0.364978314351777	7266	4	33.5063127069516	0.12392778646206	10	0.0379796306059769	5822125	5687125	0.0340856786590009	5758750	5558750	67
20211128 164754	binary	custom	TRUE	TRUE	FALSE	-100	-1	0	0	0	848.8	384	TRUE	56	0.021622085117601	0.418888221315262	106	246	76.0948142050438	0.121530700280879	10	0.0374021909233177	7003375	6158375	0.038998100307131	7075000	6275000	68
20211128 171140	binary	custom	TRUE	TRUE	FALSE	-100	-1	0	0	0	201	222	TRUE	221	0.181643245010353	0.864288141719904	30	2024	88.7608574319631	0.283066091934682	10	0.0385386591683195	6223625	5328625	0.0476429581649134	6283750	5683750	69
20211128 171747	binary	custom	TRUE	TRUE	FALSE	-100	-1	0	0	0	210.7	226	TRUE	214	0.14988847857031	0.147489280380239	922	128	54.4531882425211	0.54765997627846	10	0.0380390483124535	6543250	5658250	0.0305875657988334	6781250	5981250	70
20211128 172839	binary	custom	TRUE	TRUE	FALSE	-100	-1	0	0	0	147.6	222	TRUE	178	0.178401644282052	0.242136695040739	61	1107	81.6264962926321	0.314829225729133	10	0.038589708183743	6286000	5536000	0.0384290293155248	6610000	5810000	71
20211128 174121	binary	custom	TRUE	TRUE	FALSE	-100	-1	0	0	0	230.9	240	TRUE	9	0.0992158601384005	0.477908698493615	66	996	80.8542736187391	0.306415965386285	10	0.0376482304402768	6526625	5476625	0.0353242449348497	6473750	5673750	72
20211128 174918	binary	custom	TRUE	TRUE	FALSE	-100	-1	0	0	0	247.3	229	TRUE	43	0.133853217476513	0.58423637554429	1892	59	47.2211948643625	0.521231864791897	10	0.0363125873482129	6691125	5691125	0.0342865272442737	6728750	6028750	73
20211128 181147	binary	custom	TRUE	TRUE	FALSE	-100	-1	0	0	0	72.5	236	TRUE	163	0.108462933113584	0.743322523699095	133	1264	73.8355432983115	0.783520865743882	10	0.0370348053860896	6563250	5648250	0.0334915015942356	6697500	5847500	74
20211128 183745	binary	custom	TRUE	TRUE	FALSE	-100	-1	0	0	0	176.6	245	TRUE	100	0.0872698883131146	0.688838414393016	34	2011	87.5273204032518	0.318745286710919	10	0.042343066121028	6405375	5490375	0.0366967102675471	6568750	5568750	75
20211128 190817	binary	custom	TRUE	TRUE	FALSE	-100	-1	0	0	0	331.7	285	TRUE	198	0.0468959715641383	0.929916929370002	197	485	69.9104777829535	0.445280587790939	10	0.0366967102675471	6733750	5778750	0.0332990217000159	6876250	5926250	76
20211128 192257	binary	custom	TRUE	TRUE	FALSE	-100	-1	0	0	0	178.1	238	TRUE	254	0.103651188136539	0.975825218050065	614	240	58.534899350889	0.685752426013057	10	0.0344455323742813	6660000	5770000	0.0363284878612136	7023750	5923750	77
