fecha	objective	metric	first_metric_only	boost_from_average	feature_pre_filter	verbosity	seed	max_depth	min_gain_to_split	lambda_l1	lambda_l2	max_bin	num_iterations	force_row_wise	learning_rate	feature_fraction	min_data_in_leaf	num_leaves	ratio_corte	iteracion_bayesiana	ganancia
20211110 125202	binary	custom	TRUE	TRUE	FALSE	-100	999983	-1	0	0	0	31	342	TRUE	0.076905667699175	0.419173277771915	6859	479	0.0424752914396659	1	5856250
20211110 125229	binary	custom	TRUE	TRUE	FALSE	-100	999983	-1	0	0	0	31	99	TRUE	0.0641599977924489	0.839030743541662	1939	694	0.038885122977915	2	6042500
20211110 125330	binary	custom	TRUE	TRUE	FALSE	-100	999983	-1	0	0	0	31	280	TRUE	0.0539325655496214	0.47883567258832	2262	334	0.042492028821772	3	5953750
20211110 125401	binary	custom	TRUE	TRUE	FALSE	-100	999983	-1	0	0	0	31	210	TRUE	0.048175313253887	0.687696601051721	7211	569	0.0405923359527336	4	5737500
20211110 125448	binary	custom	TRUE	TRUE	FALSE	-100	999983	-1	0	0	0	31	174	TRUE	0.0554300020448864	0.898634747244068	1092	746	0.0441239235771133	5	5760000
20211110 125534	binary	custom	TRUE	TRUE	FALSE	-100	999983	-1	0	0	0	31	292	TRUE	0.042256474357564	0.28803192688647	5869	202	0.0420735942691204	6	5966250
20211110 125605	binary	custom	TRUE	TRUE	FALSE	-100	999983	-1	0	0	0	31	170	TRUE	0.0800598362053279	0.262583830038784	3614	660	0.0456805001129773	7	6277500
20211110 125646	binary	custom	TRUE	TRUE	FALSE	-100	999983	-1	0	0	0	31	279	TRUE	0.0905170106329024	0.749556493200362	4780	825	0.0356631769224976	8	5773750
20211110 125812	binary	custom	TRUE	TRUE	FALSE	-100	999983	-1	0	0	0	31	567	TRUE	0.0247853986150585	0.624119160616829	3388	131	0.0403245378390366	9	6127500
20211110 125906	binary	custom	TRUE	TRUE	FALSE	-100	999983	-1	0	0	0	31	293	TRUE	0.0307446525385603	0.380267285765149	5483	969	0.0421321751064916	10	5757500
20211110 125958	binary	custom	TRUE	TRUE	FALSE	-100	999983	-1	0	0	0	31	198	TRUE	0.0657875390152913	0.544173332347418	1423	290	0.0380231477994527	11	5971250
20211110 130029	binary	custom	TRUE	TRUE	FALSE	-100	999983	-1	0	0	0	31	228	TRUE	0.0888277341250796	0.166082692438795	7875	243	0.0461826215761593	12	5852500
20211110 130112	binary	custom	TRUE	TRUE	FALSE	-100	999983	-1	0	0	0	31	261	TRUE	0.0294164710352197	0.823820589089883	4306	886	0.0358221820525052	13	5850000
20211110 130216	binary	custom	TRUE	TRUE	FALSE	-100	999983	-1	0	0	0	31	152	TRUE	0.0985606886749156	0.577938669925788	268	955	0.0477643041851824	14	5816250
20211110 130325	binary	custom	TRUE	TRUE	FALSE	-100	999983	-1	0	0	0	31	629	TRUE	0.039837005258305	0.120875760927447	3050	504	0.042751458244416	15	5665000
20211110 130405	binary	custom	TRUE	TRUE	FALSE	-100	999983	-1	0	0	0	31	291	TRUE	0.0744948219961952	0.96588307353959	6429	443	0.0398642598311198	16	5996250
20211110 130450	binary	custom	TRUE	TRUE	FALSE	-100	999983	-1	0	0	0	31	267	TRUE	0.0317840394599736	0.969354339546012	5367	102	0.0433623726912874	17	5673750
20211110 130539	binary	custom	TRUE	TRUE	FALSE	-100	999983	-1	0	0	0	31	333	TRUE	0.0554934794114903	0.734236518382677	4314	846	0.037069117019407	18	6113750
20211110 130624	binary	custom	TRUE	TRUE	FALSE	-100	999983	-1	0	0	0	31	325	TRUE	0.0473255690898746	0.718817888564453	6321	730	0.0368347936699221	19	5848750
20211110 130725	binary	custom	TRUE	TRUE	FALSE	-100	999983	-1	0	0	0	31	350	TRUE	0.062278566761408	0.423446070845309	5296	627	0.0410526139606504	20	5968750
20211110 130802	binary	custom	TRUE	TRUE	FALSE	-100	999983	-1	0	0	0	31	223	TRUE	0.0798338895182056	0.230057191301503	3215	553	0.0449691613734696	21	6083750
20211110 130845	binary	custom	TRUE	TRUE	FALSE	-100	999983	-1	0	0	0	31	288	TRUE	0.0291698684212565	0.990747633903171	6196	506	0.0399730528148092	22	5730000
20211110 130948	binary	custom	TRUE	TRUE	FALSE	-100	999983	-1	0	0	0	31	427	TRUE	0.079969644724921	0.274246057107858	3824	598	0.0456051818935	23	6088750
20211110 131029	binary	custom	TRUE	TRUE	FALSE	-100	999983	-1	0	0	0	31	225	TRUE	0.0845429159516469	0.265302602361399	2184	862	0.04403186797553	24	5973750
20211110 131105	binary	custom	TRUE	TRUE	FALSE	-100	999983	-1	0	0	0	31	192	TRUE	0.0722323446390033	0.951347630601563	2650	667	0.0449524239913635	25	5836250
20211110 131200	binary	custom	TRUE	TRUE	FALSE	-100	999983	-1	0	0	0	31	272	TRUE	0.0476338022232428	0.572736529607885	6004	663	0.0420233821228022	26	5823750
20211110 131239	binary	custom	TRUE	TRUE	FALSE	-100	999983	-1	0	0	0	31	214	TRUE	0.0551776551933028	0.327766494586272	6499	587	0.0395211434979455	27	5847500
20211110 131316	binary	custom	TRUE	TRUE	FALSE	-100	999983	-1	0	0	0	31	185	TRUE	0.0798047164328769	0.393344031555881	5062	686	0.0352112676056338	28	6041250
20211110 131413	binary	custom	TRUE	TRUE	FALSE	-100	999983	-1	0	0	0	31	218	TRUE	0.0386352451506071	0.404612072499818	875	661	0.0505845530700543	29	5495000
20211110 131459	binary	custom	TRUE	TRUE	FALSE	-100	999983	-1	0	0	0	31	243	TRUE	0.0799640163321328	0.256540311416282	2595	709	0.0320813771517997	30	5908750
20211110 131537	binary	custom	TRUE	TRUE	FALSE	-100	999983	-1	0	0	0	31	234	TRUE	0.0806079112836474	0.263395832370217	4206	474	0.0473793443967429	31	5823750
20211110 131615	binary	custom	TRUE	TRUE	FALSE	-100	999983	-1	0	0	0	31	308	TRUE	0.0433675417006388	0.112609258927475	2956	217	0.0447348380239847	32	5568750
20211110 131646	binary	custom	TRUE	TRUE	FALSE	-100	999983	-1	0	0	0	31	65	TRUE	0.0697419938869402	0.427681592786498	466	679	0.0435674056220866	33	5792500
20211110 131729	binary	custom	TRUE	TRUE	FALSE	-100	999983	-1	0	0	0	31	187	TRUE	0.0556473292419501	0.554259937580652	5574	930	0.0465926874377579	34	6141250
20211110 131812	binary	custom	TRUE	TRUE	FALSE	-100	999983	-1	0	0	0	31	223	TRUE	0.0495886520421691	0.37796487140283	4246	549	0.0429523068296888	35	5585000
20211110 131845	binary	custom	TRUE	TRUE	FALSE	-100	999983	-1	0	0	0	31	125	TRUE	0.0849849735815264	0.319760480330302	1022	336	0.0422995489275522	36	5732500
20211110 131931	binary	custom	TRUE	TRUE	FALSE	-100	999983	-1	0	0	0	31	165	TRUE	0.0465037125027552	0.727070892823022	1014	527	0.0474797686893793	37	5808750
20211110 132034	binary	custom	TRUE	TRUE	FALSE	-100	999983	-1	0	0	0	31	522	TRUE	0.0574375245955959	0.803841766718193	7531	301	0.0401069518716578	38	5610000
20211110 132120	binary	custom	TRUE	TRUE	FALSE	-100	999983	-1	0	0	0	31	135	TRUE	0.0289933062436432	0.914142998647527	367	455	0.0424334479844008	39	5562500
20211110 132147	binary	custom	TRUE	TRUE	FALSE	-100	999983	-1	0	0	0	31	115	TRUE	0.0775838731076382	0.402970562975947	6385	731	0.0427849330086281	40	5810000
20211110 132253	binary	custom	TRUE	TRUE	FALSE	-100	999983	-1	0	0	0	31	360	TRUE	0.0345491855871305	0.707065885409084	1984	378	0.03837463282368	41	6118750
20211110 132328	binary	custom	TRUE	TRUE	FALSE	-100	999983	-1	0	0	0	31	161	TRUE	0.0926832483600639	0.398507780198264	3202	509	0.0443498782355452	42	5926250
20211110 132445	binary	custom	TRUE	TRUE	FALSE	-100	999983	-1	0	0	0	31	336	TRUE	0.0389983416760899	0.639422746171732	1062	636	0.0350438937845732	43	5916250
20211110 132540	binary	custom	TRUE	TRUE	FALSE	-100	999983	-1	0	0	0	31	402	TRUE	0.0361606589905545	0.154521770766121	3700	912	0.0434544282928707	44	5760000
20211110 132621	binary	custom	TRUE	TRUE	FALSE	-100	999983	-1	0	0	0	31	280	TRUE	0.0772020599885657	0.216171464156941	5029	768	0.048166001355728	45	5806250
20211110 132730	binary	custom	TRUE	TRUE	FALSE	-100	999983	-1	0	0	0	31	325	TRUE	0.0574770347673632	0.355708580444171	1078	683	0.0331190948423757	46	5603750
20211110 132756	binary	custom	TRUE	TRUE	FALSE	-100	999983	-1	0	0	0	31	103	TRUE	0.0827201820322871	0.445122697189893	6778	906	0.0392031332379303	47	5695000
20211110 132859	binary	custom	TRUE	TRUE	FALSE	-100	999983	-1	0	0	0	31	360	TRUE	0.0614497867436148	0.376586052501737	3570	455	0.0395378808800515	48	5845000
20211110 132956	binary	custom	TRUE	TRUE	FALSE	-100	999983	-1	0	0	0	31	253	TRUE	0.051510483745411	0.563124464816041	2977	546	0.0392031332379303	49	5845000
20211110 133035	binary	custom	TRUE	TRUE	FALSE	-100	999983	-1	0	0	0	31	298	TRUE	0.0571897158379108	0.164488068650709	5694	655	0.048174370046781	50	5905000
20211110 133142	binary	custom	TRUE	TRUE	FALSE	-100	999983	-1	0	0	0	31	342	TRUE	0.0261860305045731	0.513292195390165	7761	656	0.0434795343660298	51	5606250
20211110 133213	binary	custom	TRUE	TRUE	FALSE	-100	999983	-1	0	0	0	31	200	TRUE	0.048912320607733	0.995964059002022	6650	244	0.0407931845380064	52	5657500
20211110 133333	binary	custom	TRUE	TRUE	FALSE	-100	999983	-1	0	0	0	31	402	TRUE	0.0267261028291844	0.544028218840365	4986	184	0.0437557011707799	53	5865000
20211110 133413	binary	custom	TRUE	TRUE	FALSE	-100	999983	-1	0	0	0	31	181	TRUE	0.0609886662657373	0.497974649444339	6412	910	0.0333534181918606	54	5718750
