Feature	Gain	Cover	Frequency
ctrx_quarter	0.133422443517792	0.0167653406015796	0.00413148321893569
mdescubierto_preacordado_delta1	0.0658080235663482	0.00345465565897385	0.000847694764044574
mcaja_ahorro	0.0603144522615305	0.0124433912274392	0.00447714516155581
mcuentas_saldo	0.0460767705918486	0.0192397637138622	0.00724244070251675
Visa_status	0.0259413865662926	0.00188256452156887	0.000880614949056014
mtarjeta_visa_consumo	0.025114871102336	0.0123472188009925	0.00249370401461656
foto_mes	0.0247722664290759	0.0142560328228447	0.00965384425460471
Visa_Finiciomora	0.015457246741673	0.00733394432761191	0.00167892943558343
mprestamos_personales	0.0149633590812524	0.0121981925485167	0.00466643622537159
Visa_mpagominimo	0.0129367476952916	0.0100864788863875	0.00367060062877553
ctarjeta_visa_transacciones	0.0122737858084266	0.0130800248302014	0.0032261781311211
cpayroll_trx	0.0116445417465774	0.0134532825146224	0.00128388721544615
mpayroll	0.0102845356305208	0.0142871069627693	0.00185176040689349
ctrx_quarter_delta1	0.00841077486017049	0.00788699720593952	0.00843579740918144
ccomisiones_otras	0.00754410155902142	0.00143703509748486	0.00350599970371834
mcuenta_corriente	0.00654306127266059	0.0044725245181766	0.00491333761295739
ctarjeta_visa	0.00625537236278851	0.00252078905891676	0.000411502312642997
mprestamos_personales_delta1	0.00615375930367025	0.0108076010778616	0.00404918275640709
Visa_mpagospesos	0.00514551825222626	0.00343934596004872	0.0029792767435353
mactivos_margen	0.0049776001588404	0.00701200542019684	0.00643589616973647
mcaja_ahorro_lag1	0.00459285113319874	0.00302836876063166	0.00425493391272859
mcuentas_saldo_delta1	0.00435863512194442	0.00626474233345234	0.00563758168320906
mautoservicio	0.00419638913350785	0.00988301207023626	0.00186822049939921
cproductos_delta1	0.00417262745845671	0.00770597422315816	0.00192583082316923
cliente_edad_lag1	0.00412302051308816	0.00456263295611598	0.00754695241387257
mdescubierto_preacordado_lag1	0.00401340496761558	0.000838112615839775	0.000971145457837473
ccaja_ahorro	0.00386363090243691	0.0050958421155286	0.00213981202574358
mrentabilidad_annual_lag1	0.00386081057478477	0.00355259219898283	0.00664164732605797
mcuenta_corriente_lag1	0.00373914265942793	0.00319967678570894	0.00512731881553174
cprestamos_personales_delta1	0.00367438168481157	0.00214712846830547	0.000691323885240235
cliente_edad	0.00367248637615252	0.00522046235498098	0.00683093838987375
cproductos	0.00365390111793018	0.00480409172017698	0.00331670863990256
Visa_fechaalta	0.00353584910619119	0.00267882407880596	0.00422201372771715
mrentabilidad_annual_delta1	0.00340793657666118	0.00254624298146142	0.00674040788109229
numero_de_cliente	0.0033220879652128	0.00812092106465052	0.00717660033249387
mrentabilidad_annual	0.00318650810644427	0.00263735286806561	0.00594209339456488
mprestamos_personales_lag1	0.00311014525204384	0.00234898756211302	0.00212335193323786
Visa_mfinanciacion_limite	0.00284075737954661	0.0018364128397399	0.00442776488403865
mcuenta_corriente_delta1	0.00276557081066494	0.00327967568000241	0.00459236580909585
chomebanking_transacciones	0.00275364271365673	0.00255278313852367	0.00471581650288875
mdescubierto_preacordado	0.00272783720583065	0.00298339391535955	0.00148140832551479
Master_Fvencimiento_lag1	0.00272743629190202	0.001830188336705	0.00547298075815186
Visa_Fvencimiento_lag1	0.00269320091715728	0.00227345111894667	0.00497094793672741
mrentabilidad	0.00269208256517605	0.00193067794126834	0.00522607937056606
mpasivos_margen	0.00267561411002823	0.00224166975790403	0.00457590571659013
Visa_delinquency	0.0026481471147507	0.0016252467012937	0.000296281665102958
ctrx_quarter_lag1	0.00263504122450162	0.00229427265113045	0.00419732358895857
Master_fechaalta	0.00258533029104347	0.00264515041347056	0.00458413576284299
Visa_Fvencimiento	0.00257962179426162	0.00238849210173821	0.00524253946307178
Visa_msaldopesos	0.00255383188165079	0.00310073975423187	0.00291343637351242
mcuentas_saldo_lag1	0.00255181972213416	0.00153022320543781	0.00421378368146429
Visa_fechaalta_lag1	0.00254776938419936	0.0017690060156112	0.00434546442151005
ccaja_ahorro_delta1	0.00253312888348378	0.00667285243415906	0.00105344592036607
Master_fechaalta_lag1	0.00249719471092931	0.00372224699805679	0.00449360525406153
mactivos_margen_lag1	0.00248071098315236	0.0033633061786666	0.00440307474528007
Master_Fvencimiento	0.00242697364527113	0.00207962651354851	0.00451006534656725
mrentabilidad_lag1	0.00242173622935784	0.00227805309990393	0.00435369446776291
mcaja_ahorro_dolares_delta1	0.00240589476184135	0.00429829056360572	0.00348953961121262
mes	0.00236053884285228	0.00608512665074675	0.00387635178509703
mcomisiones_otras	0.00235133330858518	0.00221548998572055	0.00371175086003983
mcaja_ahorro_delta1	0.00230908095677847	0.00254571225269324	0.00403272266390137
cprestamos_personales	0.00229824334397977	0.00326671759253651	0.00139910786298619
Visa_fultimo_cierre	0.00229631594811676	0.00389256513446046	0.00313564762233964
canarito72	0.00221231639790527	0.00138321450276453	0.00548944085065758
canarito51	0.0021577833092426	0.00126097856672103	0.00510262867677316
Master_Finiciomora	0.00215447155865447	0.00449536279022725	0.00124273698418185
Visa_mpagominimo_lag1	0.0021181545073384	0.00268086452769938	0.0030204269747996
canarito93	0.00211193446894889	0.0017535938966366	0.00500386812173885
mcomisiones_mantenimiento	0.00210506246356732	0.00609453479008555	0.0032261781311211
Visa_mpagominimo_delta1	0.00209122492755498	0.00336991996624607	0.00319325794610966
Master_mfinanciacion_limite	0.00205735943887031	0.00198039923057252	0.00345661942620118
mcomisiones	0.00204925959241464	0.00182865704283821	0.00330024854739684
mttarjeta_visa_debitos_automaticos_delta1	0.00204600317190771	0.00335918750842442	0.00373644099879841
cpayroll_trx_lag1	0.00203804789341064	0.00210444124957311	0.000460882590160157
canarito18	0.00202203697486487	0.00249560683298068	0.00471581650288875
mrentabilidad_delta1	0.0020186704514886	0.00132877298189242	0.00436192451401577
canarito2	0.00201583284506826	0.00134020956835033	0.00473227659539447
canarito38	0.00201305879666911	0.00107399777063817	0.00467466627162445
Visa_status_lag1	0.00201227112721736	0.000786145743021178	0.000345661942620118
mpasivos_margen_lag1	0.00200271222519913	0.00112270767115771	0.00370352081378697
canarito19	0.00200076557959502	0.00106218802471895	0.00479811696541735
canarito11	0.00199638906032732	0.000936036049616687	0.00484749724293451
canarito23	0.00198463782041523	0.0012721320438402	0.00472404654914161
mpayroll_delta1	0.00197995466132615	0.00648124020491205	0.002526624199628
canarito48	0.00197920134798482	0.00161208848608197	0.00484749724293451
Visa_mfinanciacion_limite_lag1	0.00196687182550718	0.00313780130692595	0.00376936118380985
cliente_antiguedad_lag1	0.00196312759634841	0.00209746571526249	0.00394219215511991
canarito66	0.00194743317560636	0.00102246406615243	0.00465820617911873
cliente_antiguedad	0.00194224821165934	0.00261995530219397	0.00399157243263707
canarito29	0.00193213540281087	0.00106929867102869	0.00447714516155581
canarito54	0.0019270954976986	0.00161258762735826	0.00462528599410729
canarito33	0.0019268771955008	0.00132701939749412	0.00463351604036015
canarito73	0.00192651532761635	0.00173604825979481	0.00474873668790019
mactivos_margen_delta1	0.00192060082758592	0.00225571809243853	0.00420555363521143
Visa_mpagospesos_lag1	0.00191369916030565	0.00599790290921133	0.00387635178509703
canarito63	0.00190950612365704	0.00127675795471556	0.00446068506905009
canarito39	0.00190833341181822	0.00167605072735372	0.00477342682665877
canarito12	0.00190360522858196	0.000982543661365938	0.00467466627162445
canarito81	0.0018867431098261	0.000879171790205711	0.00460059585534871
Visa_mpagospesos_delta1	0.00188657409899018	0.00353237716136946	0.00395042220137277
mcuenta_debitos_automaticos	0.00188592485451185	0.0136122290066844	0.00253485424588086
canarito20	0.00187898687095189	0.00123797256435214	0.00455944562408441
canarito32	0.0018782500413334	0.00101399044533829	0.00441953483778579
canarito27	0.0018762946168044	0.00122093762877784	0.00455944562408441
canarito44	0.00187307608033554	0.00131984012754233	0.00459236580909585
canarito13	0.00187060197662754	0.000871965424223581	0.00438661465277435
canarito85	0.00187059363550327	0.00127994821776601	0.00451829539282011
canarito67	0.00186800034003123	0.00177408843569337	0.00448537520780867
canarito88	0.0018650541895815	0.00111265254046403	0.00464997613286587
canarito42	0.00186422600791029	0.00114283847545937	0.00468289631787731
canarito41	0.00186133540477441	0.00121779544645514	0.00457590571659013
canarito5	0.00185963228159892	0.00114930507563491	0.00447714516155581
canarito71	0.00185961194402695	0.00108944353875914	0.00437838460652149
Visa_Finiciomora_delta1	0.00185351218443475	0.00117844884428941	0.000485572728918737
mtarjeta_master_consumo	0.00185247676304361	0.00307378259104749	0.00127565716919329
chomebanking_transacciones_lag1	0.00184503872720584	0.00114736800398768	0.00384343160008559
canarito68	0.00184370741531106	0.000956504449839839	0.00441130479153293
canarito47	0.00184326281572474	0.00105263652676311	0.00459236580909585
canarito7	0.0018397592054295	0.00158316067573451	0.00451829539282011
canarito49	0.00183861230997862	0.000773933827216861	0.00430431419024575
canarito89	0.00183827227774476	0.000817907591976747	0.00437015456026863
canarito70	0.00183355998685972	0.00296898353957184	0.00445245502279723
mpasivos_margen_delta1	0.00183253782325773	0.000893277114760545	0.00376936118380985
canarito31	0.00182707456711606	0.00105424704706644	0.00449360525406153
canarito26	0.00182672745198156	0.00107313511549833	0.00444422497654437
Visa_msaldototal	0.00182619469060248	0.00184519335254984	0.00214804207199644
canarito6	0.0018249737816133	0.00144755189152156	0.00441130479153293
canarito77	0.00182087593150703	0.00150104851196608	0.00451829539282011
canarito50	0.00182020196129942	0.001040803734492	0.00453475548532583
canarito22	0.0018188698584197	0.00108429440942836	0.00437015456026863
canarito35	0.00181466789536583	0.0010806352672442	0.00451006534656725
canarito40	0.00180519645536993	0.00179808925998053	0.00445245502279723
canarito69	0.00180456313645128	0.0011607800235923	0.00451829539282011
canarito36	0.00180339488933775	0.00113103034941153	0.00434546442151005
ccomisiones_mantenimiento_delta1	0.00180259458109385	0.00277121042405681	0.00142379800174477
canarito37	0.00179971961783788	0.000940707685043247	0.00440307474528007
canarito1	0.00179771569351198	0.00108211641872876	0.00439484469902721
canarito87	0.0017972830733341	0.00180595218928478	0.00451006534656725
ccaja_seguridad	0.00179712984130256	0.00797391442363173	0.000839464717791714
canarito21	0.00179677767297144	0.00113411885508717	0.00423024377397001
canarito15	0.00179550176678325	0.000870598915454348	0.00427962405148717
canarito84	0.00179362438322476	0.000773905111315142	0.00438661465277435
canarito25	0.00179328619087014	0.00138905274010605	0.00439484469902721
canarito10	0.00179065232328739	0.00174498700458628	0.00421378368146429
chomebanking_transacciones_delta1	0.00178989921978292	0.00210282329258754	0.00388458183134989
canarito86	0.00178987008617427	0.00130616458431656	0.00435369446776291
canarito90	0.00178653313268462	0.00149610032031681	0.00428785409774003
canarito17	0.0017833612521455	0.00120813188285208	0.00451829539282011
canarito82	0.00177772017071432	0.00163204986656349	0.00427962405148717
canarito43	0.00177456599637545	0.000947172738977926	0.00441953483778579
canarito60	0.00177405525619381	0.00112504580823228	0.00437838460652149
canarito24	0.00177402809435564	0.00108185105434467	0.00426316395898145
canarito75	0.00176279630126005	0.000927576639492373	0.00429608414399289
canarito74	0.0017625485593267	0.00279912073428671	0.00444422497654437
canarito8	0.00176221740397544	0.00230540698431513	0.00433723437525719
canarito46	0.00175994515122577	0.00215190141932373	0.00444422497654437
canarito14	0.00175826981301838	0.00182522895321712	0.00416440340394713
canarito53	0.00175728022466872	0.000796144325477625	0.00428785409774003
canarito64	0.00175090284524445	0.00117462337076683	0.00441130479153293
canarito78	0.00173751075614173	0.00109602014292742	0.00418086349645285
canarito4	0.00173618613814455	0.00107586165355128	0.00404095271015423
mtransferencias_recibidas	0.00173273087088487	0.00514802111786733	0.00242786364459368
canarito52	0.00173012182263865	0.00107225464177332	0.00432077428275147
canarito76	0.00172919219093235	0.000771847285619656	0.00432077428275147
canarito56	0.00171807102769102	0.000979282344866362	0.00420555363521143
canarito62	0.00171220821706489	0.00133859941619959	0.00419732358895857
canarito92	0.00170697372893422	0.00108052047726784	0.00422201372771715
canarito30	0.00170490661035755	0.00144935061142692	0.00423024377397001
mcaja_ahorro_dolares_lag1	0.00170283561842722	0.0040215544615441	0.0030615772060639
canarito28	0.00170129760779138	0.00082221416729889	0.00414794331144141
canarito45	0.0016833502044154	0.000743207076072482	0.00421378368146429
canarito94	0.0016801411335905	0.000975642346616683	0.00418086349645285
mcomisiones_lag1	0.00167722539955312	0.000896548076857877	0.00325909831613254
canarito3	0.0016726555052429	0.000882185634536884	0.00402449261764851
canarito79	0.00166629947922147	0.00138485219272872	0.00401626257139565
canarito55	0.00166496247316327	0.000931918410201751	0.00401626257139565
canarito58	0.00166101725472596	0.00128886487340231	0.00422201372771715
canarito16	0.00165574868369335	0.000956292025797637	0.00393396210886705
canarito61	0.00165248575026768	0.00208340368545178	0.00400803252514279
canarito80	0.00164706016702208	0.00136584256031288	0.00402449261764851
internet	0.00164655989287115	0.000703220256559453	0.00138264777048047
canarito34	0.00163646176549771	0.0011314986395011	0.00386812173884417
Visa_Finiciomora_lag1	0.00162915947895951	0.00146346867406123	0.00102875578160749
mcomisiones_otras_lag1	0.00161610458327481	0.00121469376091692	0.00304511711355818
canarito59	0.00160938866237204	0.000657851193498097	0.00389281187760275
canarito65	0.00160526619283257	0.000935308800998027	0.00391750201636133
canarito9	0.00160103591949334	0.000906921512277531	0.00393396210886705
Visa_msaldototal_lag1	0.001598278128956	0.00102166333427757	0.00201636133195069
Visa_fultimo_cierre_lag1	0.00159675817320924	0.00220087005748081	0.0027323753559495
mpagomiscuentas	0.00158099615998056	0.00885640834914424	0.00159662897305483
canarito91	0.00157826861720298	0.00116639346696472	0.00379405132256843
canarito83	0.00157627354967509	0.000990834383975283	0.00389281187760275
canarito57	0.00156849057175428	0.000834966236577592	0.00395865224762563
cmobile_app_trx	0.00155649175551609	0.00316909184694075	0.00317679785360394
mcomisiones_mantenimiento_lag1	0.00154953698471665	0.00384806262895636	0.00286405609599526
mttarjeta_visa_debitos_automaticos_lag1	0.00153222578344979	0.00138755332825322	0.00292166641976528
mcaja_ahorro_dolares	0.00151927337190294	0.00716060940165638	0.00292989646601814
Visa_mlimitecompra	0.0014374709927215	0.00155960818766675	0.00284759600348954
mtransferencias_emitidas	0.00143618556955399	0.00397866615786919	0.0023620232745708
ccomisiones_mantenimiento	0.00143224442560631	0.000758646364707933	0.000757164255263115
mttarjeta_visa_debitos_automaticos	0.00141481853116172	0.00134723237345301	0.00291343637351242
Visa_mconsumospesos	0.00140321464299085	0.00277004632557944	0.00296281665102958
Visa_cconsumos	0.00140048191338522	0.00197466127799547	0.00241140355208796
ctarjeta_visa_transacciones_delta1	0.00136778523469024	0.00776697556044062	0.00264184484716804
Master_fultimo_cierre	0.00135585727276362	0.00260623057378268	0.00316033776109822
mcomisiones_mantenimiento_delta1	0.001343606069613	0.00212281898489009	0.00193406086942209
cmobile_app_trx_delta1	0.00133168382722744	0.000820063419890663	0.00283936595723668
mpayroll_lag1	0.00130816212013949	0.00303670528142272	0.00152255855677909
Master_fultimo_cierre_lag1	0.00130418443854655	0.00112478567161492	0.00296281665102958
Visa_mlimitecompra_lag1	0.00129764408577306	0.00111987245446133	0.00249370401461656
Visa_mconsumospesos_lag1	0.00129128406110492	0.000991265122501066	0.00282290586473096
mcomisiones_delta1	0.00128132374086801	0.00127667674025506	0.00263361480091518
cmobile_app_trx_lag1	0.00127163269440839	0.00202277234151839	0.0026912251246852
Master_mfinanciacion_limite_lag1	0.00126898007571899	0.000893322176637088	0.00258423452339802
Master_status	0.00126073628885761	0.00162399152186652	0.000609023422711636
Visa_cconsumos_lag1	0.00123829705469177	0.00235270752310441	0.00268299507843234
ccallcenter_transacciones	0.00123741406695146	0.00135587747974178	0.00131680740045759
Visa_msaldopesos_lag1	0.00121850435467122	0.00127160735277443	0.00203282142445641
ccaja_seguridad_lag1	0.00120126157646505	0.00182103635793564	0.000477342682665877
Master_mlimitecompra	0.00113165317950096	0.00116499912585997	0.00247724392211084
tpaquete3	0.00110513539521769	0.00404495851048913	0.000790084440274554
Visa_mconsumospesos_delta1	0.00109998032156817	0.0011941340588524	0.00247724392211084
mcomisiones_otras_delta1	0.00109789516021118	0.00165661190265296	0.00246901387585798
cproductos_lag1	0.00108987867569305	0.00156441743853	0.00190114068441065
Visa_msaldototal_delta1	0.00104383267343215	0.000818457243787853	0.00218096225700788
Visa_cconsumos_delta1	0.00103992491725646	0.00211788382584237	0.00218919230326074
ccomisiones_otras_lag1	0.00103479545081059	0.00102175169089825	0.00241963359834082
Master_mlimitecompra_lag1	0.00103188923875554	0.00105856532964082	0.002115121886985
Visa_msaldopesos_delta1	0.00101902430264492	0.00114491632865554	0.0021974223495136
mtransferencias_emitidas_delta1	0.00101409466789445	0.00111898321870477	0.00214804207199644
ctarjeta_debito_transacciones	0.00100200816631066	0.00232382374380625	0.00139910786298619
thomebanking	0.00100109062879225	0.00176769811673368	0.00109459615163037
mtransferencias_emitidas_lag1	0.000997978815470518	0.00150634902564028	0.00203282142445641
ctarjeta_visa_transacciones_lag1	0.000972176739209553	0.00311319663876701	0.00188468059190493
Master_mpagominimo	0.000953096127851623	0.00389389990847677	0.00138264777048047
Master_msaldototal	0.000935601666346344	0.00425952240278333	0.00156370878804339
Visa_mconsumosdolares	0.000931788220749206	0.00242122498995498	0.00190937073066351
Master_msaldopesos	0.000928433347307034	0.00268386887369383	0.00133326749296331
ctarjeta_visa_debitos_automaticos_lag1	0.000915743432038661	0.000813240374381221	0.00181884022188205
mtransferencias_recibidas_lag1	0.000896173419545432	0.00424328495934112	0.00181884022188205
mtarjeta_visa_consumo_lag1	0.000877477242961261	0.000998191397995661	0.00167069938933057
mtarjeta_visa_consumo_delta1	0.00086706990696873	0.00133791826028472	0.00187645054565207
Visa_fechaalta_delta1	0.000866079527054072	5.77697675118451e-05	0.000378582127631557
Visa_mconsumosdolares_lag1	0.000863344329146208	0.000869601516467979	0.00190937073066351
ccallcenter_transacciones_delta1	0.000862268755680628	0.0012567647658506	0.00172007966684773
Master_mpagospesos	0.00084943321514846	0.000709614846089145	0.00143202804799763
tmobile_app_delta1	0.000835652685954569	0.000704336716092179	0.00120158675291755
ctarjeta_visa_debitos_automaticos_delta1	0.000833322757721768	0.00124760373052762	0.00131680740045759
tpaquete3_delta1	0.000804080178044729	0.00268802752530686	0.000485572728918737
tcallcenter	0.000790823165879015	0.000393391360312858	0.000534953006435896
ccomisiones_otras_delta1	0.000784391803201401	0.00090374612259156	0.00178592003687061
cplazo_fijo	0.000773017000334589	0.00932053816722933	0.000600793376458776
mprestamos_prendarios	0.000741474103640672	0.0071551025752729	0.000683093838987375
ctarjeta_visa_debitos_automaticos	0.000738521949782806	0.000715683841471655	0.00163777920431913
mautoservicio_lag1	0.000734101608688229	0.00330825831048511	0.00164600925057199
mcuenta_debitos_automaticos_lag1	0.000694511732465654	0.000576908945017905	0.00160485901930769
mtransferencias_recibidas_delta1	0.000683449662085167	0.000622474675190776	0.00173653975935345
mplazo_fijo_dolares	0.000681090339941588	0.00403429629618091	0.000748934209010255
Master_msaldopesos_lag1	0.000641323431082107	0.00081559640367148	0.00126742712294043
Master_mpagospesos_lag1	0.000639561847094138	0.000737702605865558	0.00155547874179053
Visa_mconsumosdolares_delta1	0.000632931891440214	0.00227350707813976	0.00154724869553767
mautoservicio_delta1	0.000621450525812994	0.000512341166372476	0.00150609846427337
Master_mpagominimo_lag1	0.000615000520427536	0.00141653834951258	0.00125096703043471
ctarjeta_master_transacciones	0.000612321672927213	0.0025111177641094	0.000790084440274554
Master_mconsumospesos	0.000610037860805389	0.00228906130401261	0.00121804684542327
Visa_mfinanciacion_limite_delta1	0.000598574925003828	0.0026461942733133	0.00133326749296331
ctransferencias_recibidas	0.000587101013443432	0.00192720066646174	0.00111928629038895
tmobile_app	0.000570796621940956	0.000493769120120529	0.000995835596596053
Visa_mpagado_delta1	0.000565493355317548	0.00213937333407844	0.00129211726169901
mextraccion_autoservicio	0.000549455776395869	0.000828569069979796	0.00110282619788323
Master_status_delta1	0.000544963713436818	0.000370248257920885	0.000296281665102958
active_quarter	0.000535686019794641	0.00100075705336847	0.000148140832551479
cprestamos_personales_lag1	0.000534463345028942	0.00554848410031579	0.00106990601287179
Master_fultimo_cierre_delta1	0.00053298858846261	0.000656865059980864	0.00121804684542327
cextraccion_autoservicio	0.000532341898570508	0.00104451058925133	0.000740704162757395
Master_Finiciomora_delta1	0.000531781272682543	0.000556195723324971	0.000213981202574358
tpaquete4	0.000526885431528863	0.00291712438819995	0.000633713561470215
ctarjeta_debito_transacciones_lag1	0.000523235903184316	0.000644584741426042	0.00109459615163037
mpagomiscuentas_lag1	0.000509902549552698	0.00392146621693017	0.00118512666041183
Master_mpagospesos_delta1	0.000508502634488452	0.00221244786727076	0.00122627689167613
ctransferencias_emitidas_delta1	0.000507327638444076	0.00161262959675308	0.00107813605912465
ctarjeta_debito_transacciones_delta1	0.000500985824918802	0.000908312760900552	0.00130857735420473
mcuenta_debitos_automaticos_delta1	0.000498053992101187	0.00207468686303924	0.00122627689167613
mtarjeta_master_consumo_lag1	0.000485885936120729	0.00456490136509073	0.000872384902803154
Visa_delinquency_lag1	0.000485119733473641	8.53154594204264e-05	0.000164600925057199
Master_msaldototal_lag1	0.00048285725176976	0.000747665772043218	0.000929995226573173
thomebanking_lag1	0.000482757528067083	0.000205398954553803	0.000757164255263115
ctransferencias_emitidas	0.000476782355816224	0.00196793733916222	0.000979375504090333
Visa_mpagado	0.00047030161143231	0.00241538719439656	0.00107813605912465
ctransferencias_emitidas_lag1	0.000465041657632736	0.00131925027346882	0.000987605550343193
Master_Finiciomora_lag1	0.00046192634553138	0.00312986091831758	0.000691323885240235
internet_lag1	0.000460210264530492	0.000339809107576799	0.000798314486527414
Master_mfinanciacion_limite_delta1	0.000447223918287149	0.000915662706391277	0.000897075041561734
mextraccion_autoservicio_delta1	0.000444678112871769	0.000933763149180379	0.00106990601287179
Master_mpagominimo_delta1	0.000439980752162672	0.00240815734027944	0.00105344592036607
Master_msaldototal_delta1	0.000434890318854628	0.000478369591964381	0.000913535134067453
Visa_msaldodolares	0.0004329268693343	0.000871673479222773	0.000666633746481655
ctransferencias_recibidas_delta1	0.000432865149597196	0.00183829365767197	0.00102052573535463
Visa_mpagosdolares_lag1	0.000427634274518052	0.00230899374770086	0.000864154856550294
Master_mconsumospesos_lag1	0.000423870945708822	0.00143812858429621	0.00102875578160749
mextraccion_autoservicio_lag1	0.000421041613850815	0.00043215922661318	0.000954685365331753
cpagomiscuentas_delta1	0.000418445294016089	0.00266677923064523	0.000757164255263115
cextraccion_autoservicio_delta1	0.000416305639097567	0.000952630748328479	0.000995835596596053
ccajas_consultas_delta1	0.00041584294198772	0.00196592545890948	0.000995835596596053
Master_mconsumospesos_delta1	0.000414230199626238	0.00111094401794227	0.000946455319078893
Visa_fultimo_cierre_delta1	0.000410711487819699	0.000154835994807191	0.000897075041561734
ctarjeta_master	0.000404171207191232	0.000558639593822282	0.000246901387585798
Master_cconsumos_lag1	0.000394426028330217	0.000661942546818383	0.000946455319078893
tmobile_app_lag1	0.000394381963312994	0.00029510419178084	0.000773624347768835
ccuenta_debitos_automaticos	0.000382523669039263	0.00275291935185861	0.000864154856550294
Visa_mconsumototal	0.000378012868387469	0.000836452100415251	0.000765394301515975
ccajas_consultas	0.000377439059248115	0.00250466920341058	0.000864154856550294
matm_delta1	0.000372945503648509	0.000518582015382197	0.000921765180320313
mpagomiscuentas_delta1	0.000369405342801664	0.00268237358514996	0.000905305087814594
Visa_msaldodolares_lag1	0.000368409224856518	0.000462133326610455	0.000650173653975935
tcallcenter_delta1	0.000366459414660109	0.000405768871150422	0.000460882590160157
ccuenta_debitos_automaticos_delta1	0.000365771766554559	0.00345841258248489	0.000765394301515975
mplazo_fijo_dolares_delta1	0.000364291102942626	0.00343880661651002	0.000773624347768835
Master_msaldopesos_delta1	0.0003634902704691	0.000301855079383398	0.000872384902803154
ctransferencias_recibidas_lag1	0.000360411650599115	0.000404209597687086	0.000781854394021694
ctarjeta_debito	0.00035153498414237	0.000919373537198529	0.000740704162757395
ctarjeta_debito_lag1	0.000347091679324635	0.00110783165597905	0.000740704162757395
cliente_vip_lag1	0.000345841811760046	0.000273722699513544	0.000238671341332938
cextraccion_autoservicio_lag1	0.000341461452492164	0.000346886104740159	0.000674863792734515
ccuenta_debitos_automaticos_lag1	0.000341315476871856	0.00118476847795256	0.000864154856550294
Visa_mlimitecompra_delta1	0.000341268801002544	0.00114004316650333	0.000716014023998815
matm_other_delta1	0.00032517693603596	0.000467983271204212	0.000765394301515975
matm_other_lag1	0.0003224376705992	0.000671321160319771	0.000740704162757395
mcheques_emitidos_rechazados	0.000309739454448252	0.00114078602479164	0.000452652543907297
Visa_mpagosdolares	0.000307117135143999	0.00067434811088301	0.000765394301515975
mtarjeta_master_consumo_delta1	0.000301354573465289	0.000916838806642958	0.000724244070251675
cpagomiscuentas	0.000301286934356299	0.000572690652685919	0.000658403700228795
matm_lag1	0.000298891574579568	0.000429272689446294	0.000666633746481655
Master_status_lag1	0.000298806917802086	0.000600926188910408	0.000246901387585798
Visa_status_delta1	0.000298791319831548	0.000692426390886427	0.000493802775171597
ccaja_ahorro_lag1	0.000296613646010897	0.000619710143790937	0.000567873191447336
minversion2	0.000290161250196321	0.00474224576723139	0.000493802775171597
mcheques_depositados	0.000287710662574036	0.00367642591725017	0.000502032821424456
internet_delta1	0.000285925937509426	0.000173616120900824	0.000592563330205916
ctarjeta_master_transacciones_lag1	0.000283776213901598	0.000629254278695053	0.000625483515217356
ccallcenter_transacciones_lag1	0.000276439391361745	0.000543658434265023	0.000691323885240235
Visa_mconsumototal_delta1	0.000272843678415553	0.000499078616717834	0.000641943607723075
Visa_msaldodolares_delta1	0.000272648704291381	0.000520228614638964	0.000666633746481655
ctarjeta_master_transacciones_delta1	0.000272596280313031	0.00190259040238348	0.000666633746481655
cpagomiscuentas_lag1	0.000265399820511041	0.00108973857624167	0.000617253468964496
Master_cconsumos_delta1	0.000262227620721151	0.000651742069483698	0.000625483515217356
cpayroll_trx_delta1	0.000258971158014826	0.000443701767385378	0.000444422497654437
matm	0.000253511889208695	0.000361763960681748	0.000576103237700196
mttarjeta_master_debitos_automaticos_lag1	0.000250812501187749	0.000508928980943101	0.000617253468964496
cinversion1	0.00024562752687214	0.00664791245262466	0.000370352081378697
catm_trx_lag1	0.000241378111320519	0.000306566843441846	0.000534953006435896
ccomisiones_mantenimiento_lag1	0.000238533090277469	0.000334450131271917	0.000427962405148717
catm_trx_delta1	0.000236851726474623	0.000351234134043502	0.000567873191447336
Visa_mpagado_lag1	0.000235155005426326	0.000578422641191077	0.000567873191447336
catm_trx_other_delta1	0.000232045725373599	0.000552177926891395	0.000510262867677316
Master_cconsumos	0.000229674227398619	0.000886876119375854	0.000534953006435896
mcaja_ahorro_adicional	0.000228811136311829	0.00066489439425405	0.000419732358895857
ccajas_transacciones_lag1	0.000226198572464239	8.64556279797006e-05	0.000386812173884417
cseguro_vida_lag1	0.000219848590237665	0.00102216799784265	0.000502032821424456
Visa_mconsumototal_lag1	0.000216296489208977	0.000158874186894038	0.000518492913930176
ccajas_transacciones_delta1	0.0002140958510126	0.000281880592669811	0.000436192451401577
mplazo_fijo_dolares_lag1	0.000212671932829375	0.00103727351934351	0.000403272266390137
mcheques_emitidos_rechazados_lag1	0.000210460798584155	0.00126584745830325	0.000246901387585798
matm_other	0.000209681002220401	0.00141956007230909	0.000576103237700196
mttarjeta_master_debitos_automaticos_delta1	0.000208735474682521	0.00086198370315558	0.000559643145194476
ccheques_emitidos_rechazados_lag1	0.000208510928206474	0.000590060754374637	0.000181061017562919
tcuentas_lag1	0.000207204864820454	0.00117826152825358	0.000205751156321499
catm_trx	0.000206722290924154	0.00052953396577571	0.000477342682665877
Visa_mpagosdolares_delta1	0.000202057071219623	0.000822875663865666	0.000477342682665877
Master_mlimitecompra_delta1	0.000200161343321884	0.00147702000260444	0.000518492913930176
catm_trx_other_lag1	0.000199824257867621	0.000324042825814339	0.000403272266390137
mforex_sell	0.000198519356052653	0.000875205461503678	0.000427962405148717
mforex_buy_delta1	0.000196445204025495	0.00217911835097289	0.000460882590160157
Master_Fvencimiento_delta1	0.000195012440427949	0.000118237430805438	0.000444422497654437
Master_delinquency	0.000193148178851964	0.000358671552588693	0.000189291063815779
mcheques_emitidos	0.000191520153710292	0.00384683432466796	0.000329201850114398
thomebanking_delta1	0.000186832923829477	0.000318816237179433	0.000444422497654437
mprestamos_prendarios_delta1	0.000181635477199069	0.00157375629155209	0.000246901387585798
ccajas_consultas_lag1	0.000180377084631049	0.000645393351766239	0.000477342682665877
ccajas_depositos_lag1	0.000177016908856296	0.00233835303287928	0.000329201850114398
ccajas_otras_lag1	0.000176923931111647	0.00068929208702907	0.000419732358895857
mcheques_depositados_lag1	0.00017613068220344	0.00100086131418086	0.000403272266390137
ccheques_emitidos	0.00017461671123039	0.00314495502708827	0.000279821572597238
mprestamos_prendarios_lag1	0.000166084795219215	0.00223870539328044	0.000246901387585798
mcaja_ahorro_adicional_delta1	0.0001648234376722	0.000893748939114941	0.000370352081378697
mttarjeta_master_debitos_automaticos	0.000163984590646999	0.000497117983305089	0.000411502312642997
mcaja_ahorro_adicional_lag1	0.000160547409309633	0.000519106706447963	0.000329201850114398
Visa_Fvencimiento_delta1	0.000159934036059616	0.000159007899913324	0.000378582127631557
mforex_sell_lag1	0.000156332213916756	0.000820617784054872	0.000345661942620118
cseguro_accidentes_personales_lag1	0.000153041076356801	0.000296513553511099	0.000362122035125837
ccaja_seguridad_delta1	0.000152717102153923	0.00226213123685857	0.000164600925057199
mforex_sell_delta1	0.000152519702506975	0.000497574197989833	0.000378582127631557
mtarjeta_visa_descuentos	0.000152108758825598	0.0066274431688353	0.000419732358895857
mforex_buy_lag1	0.000148323284758505	0.00374180223260528	0.000411502312642997
ccajas_depositos	0.000147856034029105	0.00286534262250166	0.000320971803861538
cliente_vip_delta1	0.000146185630323462	0.000178914572920544	0.000213981202574358
Master_mconsumototal_lag1	0.000144370345209046	6.45832410540469e-05	0.000345661942620118
ctarjeta_debito_delta1	0.000144170463048384	0.0044672808472617	0.000304511711355818
Master_mconsumosdolares_delta1	0.000144141123808303	0.00138463395187565	0.000304511711355818
catm_trx_other	0.000143440998602456	0.000226147003481386	0.000320971803861538
mcajeros_propios_descuentos_delta1	0.00014196809844709	0.00132743680889629	0.000362122035125837
cforex_buy_delta1	0.000141351663492998	0.00164399825874665	0.000329201850114398
mprestamos_hipotecarios_lag1	0.000138146304837467	0.000999056630203606	0.000148140832551479
Visa_delinquency_delta1	0.000138081779057931	9.30730234545244e-05	0.000172830971310059
ccajas_extracciones	0.000136566077474526	0.00143279523141132	0.000378582127631557
ccajas_transacciones	0.000135722359536704	0.000185260639939383	0.000296281665102958
cprestamos_hipotecarios	0.000134457634303727	0.000870845430426028	0.000123450693792899
ctarjeta_visa_delta1	0.000132356677103076	0.000353394085266383	9.87605550343193e-05
Master_mpagado_lag1	0.000132329777959789	0.00107548194097394	0.000320971803861538
ccajas_extracciones_delta1	0.000130623547690492	0.00169609935999815	0.000353891988872978
mpagodeservicios	0.000129770408120797	0.00291550812471628	0.000337431896367258
Master_fechaalta_delta1	0.000129723329544517	0.00225434149628844	0.000337431896367258
Master_mconsumototal_delta1	0.000129639009057081	0.000160369475437903	0.000304511711355818
ccheques_emitidos_rechazados	0.0001295405346596	0.00051783900983285	0.000139910786298619
mcheques_depositados_delta1	0.000126374604888139	0.00166316236798763	0.000337431896367258
cseguro_vivienda	0.000126122082966639	0.000722573890751774	0.000288051618850098
Master_mconsumototal	0.000125843608415494	0.000157864786133361	0.000288051618850098
Master_mpagosdolares_lag1	0.000120431764409226	0.00114519325303084	0.000296281665102958
mtarjeta_visa_descuentos_delta1	0.000119776099241769	0.00169706436155694	0.000345661942620118
ccheques_emitidos_rechazados_delta1	0.000118553645334086	0.00229347398091007	0.000213981202574358
cseguro_vivienda_lag1	0.000117820433842661	0.000366984290722689	0.000263361480091518
cseguro_accidentes_personales	0.000115901084143184	0.000201902903965304	0.000279821572597238
active_quarter_lag1	0.000112949968158479	0.000322218629750017	0.000222211248827218
minversion2_lag1	0.000111158340664535	0.00107590016231179	0.000255131433838658
ccheques_emitidos_lag1	0.000108216968970329	0.00127420908710068	0.000230441295080078
mcajeros_propios_descuentos_lag1	0.000106579318813088	0.000336398910171388	0.000255131433838658
Master_mpagado_delta1	0.000106148940931381	0.00057842389290987	0.000246901387585798
Master_mpagosdolares_delta1	0.000105996854156701	0.00117342805295015	0.000263361480091518
Master_mpagado	0.000105695238528915	0.00071742535046513	0.000288051618850098
ccajas_depositos_delta1	0.000103796168177844	0.000953316027552319	0.000296281665102958
ccajas_otras_delta1	0.000102407801754636	0.00103189746075863	0.000271591526344378
mpagodeservicios_lag1	0.000101792898087627	0.00078279047398162	0.000246901387585798
cseguro_vida	0.000101574131623943	0.000440215730547223	0.000246901387585798
mcheques_depositados_rechazados_lag1	9.9440341696639e-05	0.00192121759789283	0.000230441295080078
mcajeros_propios_descuentos	9.72516752953988e-05	0.000487052470708482	0.000238671341332938
ccajas_otras	9.7058534017236e-05	0.000291024398451758	0.000255131433838658
mtarjeta_visa_descuentos_lag1	9.67332243701846e-05	0.0025811073258909	0.000304511711355818
mprestamos_hipotecarios	9.2567405318049e-05	0.00396135267804822	0.000189291063815779
Master_msaldodolares	9.22804291834136e-05	0.00204321217310086	0.000197521110068639
cforex	9.112614049955e-05	0.000126430151196353	0.000197521110068639
cforex_buy	8.95830893559185e-05	0.000465757641559964	0.000205751156321499
cforex_lag1	8.94139973840472e-05	0.000810989268578013	0.000213981202574358
minversion2_delta1	8.82534953826645e-05	0.00245131196553516	0.000255131433838658
Master_mpagosdolares	8.74443821111574e-05	0.000353844998553886	0.000172830971310059
tpaquete4_lag1	8.67437312980342e-05	0.000348187671393197	0.000181061017562919
ccheques_depositados	8.38587397394679e-05	0.000664103970651609	0.000115220647540039
mcheques_depositados_rechazados	8.38337794482383e-05	0.000539629445992829	0.000156370878804339
ccajas_extracciones_lag1	8.32203052677028e-05	0.00291425036822099	0.000246901387585798
minversion1_pesos	8.11607746068067e-05	0.00164371603297412	0.000197521110068639
tcallcenter_lag1	8.08922720198868e-05	3.07045147281759e-05	0.000148140832551479
ctarjeta_master_debitos_automaticos_delta1	8.06954215451711e-05	0.000314432865227821	0.000230441295080078
ccheques_depositados_lag1	8.05891804282837e-05	0.00217955983955419	0.000213981202574358
mtarjeta_master_descuentos_lag1	7.94784874927385e-05	0.00499521651539994	0.000246901387585798
ctarjeta_master_delta1	7.69145029828295e-05	0.000130522977126983	8.23004625285994e-05
minversion1_pesos_lag1	7.4682916458681e-05	0.00061513408077574	0.000189291063815779
ctarjeta_visa_descuentos_delta1	7.44924473740001e-05	0.000213154236041866	0.000197521110068639
ctarjeta_master_debitos_automaticos_lag1	7.22681197263334e-05	7.53949253122413e-05	0.000172830971310059
Master_delinquency_lag1	7.18363501345894e-05	2.56663465868562e-05	8.23004625285994e-05
mforex_buy	7.03880427296494e-05	0.00143386375747734	0.000181061017562919
cpagodeservicios_lag1	6.97848816613919e-05	0.000511983469319783	0.000148140832551479
Master_msaldodolares_delta1	6.95764945093848e-05	0.000109916887836615	0.000197521110068639
mcheques_emitidos_rechazados_delta1	6.24129102135056e-05	0.000243501127347866	0.000139910786298619
cforex_delta1	6.21601923765888e-05	0.000240662081864593	0.000164600925057199
mcheques_emitidos_delta1	6.1238799558901e-05	0.000471360629398939	0.000156370878804339
ctarjeta_master_lag1	5.98152131702546e-05	0.000258075551927959	0.000123450693792899
mcheques_emitidos_lag1	5.95947314678173e-05	0.000342524380160613	0.000148140832551479
cpagodeservicios	5.89627618422844e-05	0.000727394480714685	0.000131680740045759
ctarjeta_visa_lag1	5.74603115948635e-05	9.07273024366777e-05	8.23004625285994e-05
Master_mconsumosdolares	5.69308622884562e-05	0.00140124315579934	0.000172830971310059
tpaquete3_lag1	5.5055281920387e-05	0.000115272256246153	0.000131680740045759
cplazo_fijo_lag1	5.48684859234958e-05	0.000487374383329803	0.000131680740045759
Master_mconsumosdolares_lag1	5.45334454723515e-05	0.000147152134920838	0.000131680740045759
ctarjeta_master_descuentos_lag1	5.24508977952437e-05	0.000287625245623932	0.000148140832551479
Master_msaldodolares_lag1	5.1880275508006e-05	0.000236228641161266	0.000148140832551479
cinversion2_delta1	4.93701471456999e-05	0.002373799647439	0.000131680740045759
cliente_vip	4.93136968952533e-05	6.02454463925991e-05	0.000123450693792899
cinversion2_lag1	4.87097431018822e-05	0.000630337236342441	0.000115220647540039
cseguro_auto_lag1	4.74269223030812e-05	0.00020530419207813	0.000148140832551479
Visa_cadelantosefectivo	4.68863738299774e-05	0.000462833184676706	9.87605550343193e-05
mpagodeservicios_delta1	4.67751085194951e-05	0.00021798513427719	0.000131680740045759
ccajeros_propios_descuentos	4.57516007724293e-05	0.0024471903500723	0.000131680740045759
cforex_sell	4.46635550645584e-05	0.000191778486954915	9.87605550343193e-05
ctarjeta_master_debitos_automaticos	4.45993574542229e-05	9.09856719216305e-05	0.000115220647540039
ctarjeta_visa_descuentos	4.37471203135742e-05	0.000216344057309214	0.000106990601287179
cprestamos_hipotecarios_lag1	4.37441266215874e-05	5.09811810844663e-05	2.46901387585798e-05
ccheques_depositados_rechazados	4.28808378791992e-05	0.000981920894451224	9.05305087814594e-05
ctarjeta_visa_descuentos_lag1	4.10729218527499e-05	0.000139453990714143	9.87605550343193e-05
tcuentas	4.03004591207682e-05	6.52634397721983e-05	7.40704162757395e-05
mcheques_depositados_rechazados_delta1	3.95967090446563e-05	0.000594063971965801	0.000115220647540039
ccajeros_propios_descuentos_lag1	3.88682937105615e-05	0.00203685771220306	0.000115220647540039
cforex_sell_delta1	3.8475578791389e-05	0.000617471260653588	0.000115220647540039
ctarjeta_master_descuentos_delta1	3.7920880903708e-05	8.78832500782325e-05	9.87605550343193e-05
active_quarter_delta1	3.76566743895021e-05	5.03536281861329e-05	9.87605550343193e-05
Master_delinquency_delta1	3.60697117996517e-05	0.000372773931922837	9.05305087814594e-05
cplazo_fijo_delta1	3.56562080214743e-05	0.00070781649433637	0.000115220647540039
Visa_madelantopesos	3.52168166529291e-05	0.000147856999862261	8.23004625285994e-05
ccajeros_propios_descuentos_delta1	3.49874455965903e-05	4.52928554760242e-05	9.05305087814594e-05
cseguro_vivienda_delta1	3.46309497244755e-05	0.000828978971069204	8.23004625285994e-05
cliente_edad_delta1	3.41003997533627e-05	4.16575695794479e-05	9.87605550343193e-05
mtarjeta_master_descuentos_delta1	3.32125799644784e-05	0.000615837252215266	0.000106990601287179
mtarjeta_master_descuentos	3.17802132007877e-05	0.00048097927838649	8.23004625285994e-05
cpagodeservicios_delta1	3.13853060156489e-05	9.28026521952635e-05	7.40704162757395e-05
cseguro_accidentes_personales_delta1	3.12092842065866e-05	0.00154671923925652	9.87605550343193e-05
minversion1_pesos_delta1	3.10183786264164e-05	0.000360163527759282	8.23004625285994e-05
mprestamos_hipotecarios_delta1	2.95917595367179e-05	0.000181866935769832	4.93802775171597e-05
cforex_sell_lag1	2.84205494743978e-05	0.000219979564097342	8.23004625285994e-05
cforex_buy_lag1	2.6305596575189e-05	0.000178844623929178	7.40704162757395e-05
ccheques_depositados_rechazados_lag1	2.52252438465398e-05	0.000643521958540374	4.11502312642997e-05
Master_madelantopesos	2.49440946366557e-05	5.43473474405746e-05	4.93802775171597e-05
ctarjeta_master_descuentos	2.33047792708758e-05	0.000803036436412226	7.40704162757395e-05
ccheques_depositados_delta1	2.23165623291312e-05	0.000120790127207212	7.40704162757395e-05
cseguro_auto	2.01353025747726e-05	8.13076767371941e-05	4.93802775171597e-05
minversion1_dolares_lag1	1.99473489222367e-05	0.000624266032044414	6.58403700228795e-05
minversion1_dolares_delta1	1.69014461293523e-05	0.000338297031275007	5.76103237700196e-05
cseguro_vida_delta1	1.59218580943667e-05	0.00102412156272575	6.58403700228795e-05
Visa_cadelantosefectivo_delta1	1.57604711379714e-05	6.65075746217983e-05	4.11502312642997e-05
tpaquete4_delta1	1.57368755839675e-05	0.000349613231837247	4.11502312642997e-05
cliente_antiguedad_delta1	1.5669319858667e-05	0.00181355719088718	4.93802775171597e-05
Master_cadelantosefectivo_lag1	1.55962004835523e-05	3.8167483062845e-05	4.11502312642997e-05
cinversion1_lag1	1.52141999334748e-05	2.55574470518761e-05	1.64600925057199e-05
cprestamos_prendarios_lag1	1.49576226643484e-05	6.02487597658743e-05	2.46901387585798e-05
ccheques_depositados_rechazados_delta1	1.41433230723504e-05	0.000547802507035644	4.11502312642997e-05
mplazo_fijo_pesos_delta1	1.19446034984217e-05	0.000243636607499566	4.11502312642997e-05
cinversion2	1.04418258068763e-05	0.000879329433143096	4.11502312642997e-05
ccuenta_corriente	1.00127880098256e-05	0.000961866518626445	4.11502312642997e-05
minversion1_dolares	1.00116770490471e-05	0.00134998902638751	4.93802775171597e-05
Visa_madelantopesos_lag1	9.58519296813118e-06	9.1330557264326e-06	2.46901387585798e-05
ccheques_emitidos_delta1	8.28996090589396e-06	7.75517104228812e-05	2.46901387585798e-05
Master_cadelantosefectivo	7.47911644397133e-06	1.47819890081578e-05	1.64600925057199e-05
mpayroll2_lag1	7.28182715352461e-06	0.00132246490822047	4.11502312642997e-05
Master_madelantopesos_lag1	6.77667309903996e-06	6.89778048442774e-06	1.64600925057199e-05
Visa_cadelantosefectivo_lag1	4.88866711103838e-06	4.51568599107043e-06	1.64600925057199e-05
Visa_madelantodolares	4.83196156148582e-06	5.12468399906246e-07	8.23004625285994e-06
cpayroll2_trx	3.27313668899961e-06	1.22284826706939e-05	8.23004625285994e-06
Visa_madelantopesos_delta1	2.86422916481947e-06	0.000504218174081376	1.64600925057199e-05
ccuenta_corriente_lag1	2.48827487485116e-06	8.21657667849681e-06	8.23004625285994e-06
cprestamos_prendarios	2.32009838338642e-06	8.93512953307226e-05	8.23004625285994e-06
tcuentas_delta1	1.8872929486924e-06	6.83374402359462e-05	8.23004625285994e-06
mplazo_fijo_pesos	1.34015527889734e-06	0.000158254070677945	8.23004625285994e-06
tpaquete1	1.14120556541011e-06	4.60580974415739e-06	8.23004625285994e-06
