fecha	objective	metric	first_metric_only	boost_from_average	feature_pre_filter	verbosity	max_depth	min_gain_to_split	lambda_l1	lambda_l2	max_bin	num_iterations	early_stopping_rounds	force_row_wise	learning_rate	feature_fraction	min_data_in_leaf	num_leaves	gleaf_size	gnum_leaves	acumulaciones	pos_ratio_actual	gan_validate	gan_test	pos_ratio_acum	gan_validate_acum	gan_test_acum	iteracion_bayesiana
20211127 221713	binary	custom	TRUE	TRUE	FALSE	-100	-1	0	0	0	31	92.4	225	TRUE	0.158717230118345	0.652636210202763	351	402	64.1490992717445	0.657155239759595	10	0.037151967060832	6800750	5605750	0.034880704309039	7140000	5940000	1
20211127 222514	binary	custom	TRUE	TRUE	FALSE	-100	-1	0	0	0	31	331	260	TRUE	0.0657192451049923	0.907587110146414	1107	105	52.6111114898231	0.539917974270065	10	0.0360389311507787	6872000	5922000	0.0350982902764179	6907500	5907500	2
20211127 223701	binary	custom	TRUE	TRUE	FALSE	-100	-1	0	0	0	31	211.5	232	TRUE	0.122252425838669	0.748017167893704	30	767	88.8269503379706	0.107249188990681	10	0.0399906270660206	6446750	5351750	0.0359267906906681	6783750	5383750	3
20211127 224854	binary	custom	TRUE	TRUE	FALSE	-100	-1	0	0	0	31	196.6	262	TRUE	0.0642195654040552	0.4943778087385	113	652	75.483642690815	0.343145421289228	10	0.0382415706359368	6738000	5763000	0.0343451080816449	7020000	5870000	4
20211127 225825	binary	custom	TRUE	TRUE	FALSE	-100	-1	0	0	0	31	493	228	TRUE	0.142166489310039	0.417988810656243	6009	15	35.4673616588116	0.41958289853661	10	0.0369971462763509	6603875	5863875	0.0383537110960475	6471250	5621250	5
20211127 232143	binary	custom	TRUE	TRUE	FALSE	-100	-1	0	0	0	31	282.5	235	TRUE	0.111167189658445	0.314596847450593	11	18043	99.1225444432348	0.925224460883182	10	0.0379503401872913	6356500	5341500	0.0315499652699321	6387500	5487500	6
20211127 234114	binary	custom	TRUE	TRUE	FALSE	-100	-1	0	0	0	31	289.9	319	TRUE	0.03346586178086	0.687713697344589	207	991	69.4358978548553	0.955571887505503	10	0.0379553614019231	6850750	5910750	0.0392156862745098	6742500	6142500	7
20211128 000616	binary	custom	TRUE	TRUE	FALSE	-100	-1	0	0	0	31	1648.7	390	TRUE	0.0210290502206772	0.339278354712587	2169	21	45.8408995973878	0.208499025527854	10	0.0372239378038881	6450000	6120000	0.0370565639828274	6365000	6165000	8
20211128 001445	binary	custom	TRUE	TRUE	FALSE	-100	-1	0	0	0	31	648.6	220	TRUE	0.198898604344577	0.17779216777999	8978	8	31.3077909336425	0.31858175157613	10	0.0368306093243956	6333750	5718750	0.0324788899768187	6348750	5898750	9
20211128 002421	binary	custom	TRUE	TRUE	FALSE	-100	-1	0	0	0	31	122.1	223	TRUE	0.169647188904637	0.575881433632458	154	640	72.3535847198218	0.459251188146736	10	0.0370984074380926	6523750	5343750	0.0423874201836091	6868750	5668750	10
20211128 003318	binary	custom	TRUE	TRUE	FALSE	-100	-1	0	0	0	31	1498.1	238	TRUE	0.104629133284907	0.82730145114183	14408	2	26.3103350088932	0.0235067331508617	10	0.0392901676248818	5301375	4696375	0.0420526725414878	5168750	4868750	11
20211128 004506	binary	custom	TRUE	TRUE	FALSE	-100	-1	0	0	0	31	501.4	250	TRUE	0.0787091707048239	0.458492302372179	2769	56	43.3685727696866	0.716113468802941	10	0.0392617140753015	6800625	5875625	0.0407890001924799	6757500	5907500	12
20211128 004925	binary	custom	TRUE	TRUE	FALSE	-100	-1	0	0	0	31	130.6	221	TRUE	0.187111176630715	0.112106538680382	656	283	57.866289250087	0.865916496434948	10	0.0379888361661353	6470750	5400750	0.0390483124534492	6767500	5717500	13
20211128 011902	binary	custom	TRUE	TRUE	FALSE	-100	-1	0	0	0	31	357.9	285	TRUE	0.0466798693241435	0.970663229122874	65	1871	80.9993828972802	0.566909671095491	10	0.03583557195819	6572375	5502375	0.035901684617509	6437500	5587500	14
20211128 012611	binary	custom	TRUE	TRUE	FALSE	-100	-1	0	0	0	31	665.3	226	TRUE	0.150430054258031	0.855476794253627	19478	10	23.0387669033371	0.803060292990995	10	0.0423698459323977	6446375	5586375	0.0436176177684048	6385000	5585000	15
20211128 013902	binary	custom	TRUE	TRUE	FALSE	-100	-1	0	0	0	31	232.6	244	TRUE	0.0897421148052672	0.221599574084394	18	2177	94.0890776494052	0.182688347909134	10	0.0417539102708945	6448375	5418375	0.0370816700559865	6461250	5461250	16
20211128 020034	binary	custom	TRUE	TRUE	FALSE	-100	-1	0	0	0	31	679.2	350	TRUE	0.0265942086931647	0.441180971172153	877	220	54.9539157997402	0.897364968388927	10	0.0357209208907635	6914500	5994500	0.0324370465215536	6905000	5855000	17
20211128 021535	binary	custom	TRUE	TRUE	FALSE	-100	-1	0	0	0	31	236.7	265	TRUE	0.0611949932092232	0.568986109232197	284	513	66.2735981564806	0.678390985452006	10	0.035233863071477	6807250	5812250	0.0365293364464864	6843750	6243750	18
20211128 023249	binary	custom	TRUE	TRUE	FALSE	-100	-1	0	0	0	31	610.2	310	TRUE	0.0363017757750999	0.470504842060111	303	161	65.6157413038716	0.227919902741504	10	0.0389077184437582	7068500	6043500	0.034604537504289	7131250	6181250	19
20211128 024051	binary	custom	TRUE	TRUE	FALSE	-100	-1	0	0	0	31	260.5	272	TRUE	0.0552851537180777	0.100165301280286	259	592	67.1818002845114	0.714414505607481	10	0.0371352296787259	6813250	5808250	0.0413162277288209	6878750	5928750	20
20211128 025605	binary	custom	TRUE	TRUE	FALSE	-100	-1	0	0	0	31	381.2	297	TRUE	0.0410089078285727	0.697070273633346	316	361	65.1814799988433	0.532192180227797	10	0.0363761894002159	6981625	5871625	0.0299013331324847	6883750	5983750	21
20211128 032300	binary	custom	TRUE	TRUE	FALSE	-100	-1	0	0	0	31	1591.8	395	TRUE	0.0204328418148018	0.275821521051635	645	77	58.0348376478348	0.231981650407742	10	0.0356690350062347	7027250	6012250	0.0393077418760932	7078750	6028750	22
20211128 033735	binary	custom	TRUE	TRUE	FALSE	-100	-1	0	0	0	31	236.2	277	TRUE	0.0516607037338856	0.501116592934664	252	698	67.4624108166154	0.819170654735057	10	0.0370205786112994	6890375	5940375	0.0375084732996912	6897500	6097500	23
20211128 040435	binary	custom	TRUE	TRUE	FALSE	-100	-1	0	0	0	31	1281.3	398	TRUE	0.0201944576322381	0.487523149934645	986	49	53.7742144054861	0.226849384687176	10	0.0385495384666884	6897000	6072000	0.0398851815587524	6942500	5992500	24
20211128 042139	binary	custom	TRUE	TRUE	FALSE	-100	-1	0	0	0	31	1061.4	314	TRUE	0.0349491120543099	0.311812805659704	2580	14	44.0839353542994	0.172221678495948	10	0.0352598060137414	6383375	5978375	0.0387637769576461	6310000	5960000	25
20211128 043510	binary	custom	TRUE	TRUE	FALSE	-100	-1	0	0	0	31	308.9	267	TRUE	0.0595577675892755	0.638410076160281	467	368	61.2671912570627	0.800336183577504	10	0.0353853363795369	6969625	5849625	0.032043718042061	6963750	5863750	26
20211128 045506	binary	custom	TRUE	TRUE	FALSE	-100	-1	0	0	0	31	733.6	371	TRUE	0.0233536932683777	0.389932049292231	277	183	66.515273070141	0.236571483143604	10	0.0370339685169843	7138375	6123375	0.0400943988350782	7011250	6211250	27
20211128 052032	binary	custom	TRUE	TRUE	FALSE	-100	-1	0	0	0	31	1437.8	399	TRUE	0.0200438599090969	0.319963225640106	1793	46	47.7616432554705	0.383532851581498	10	0.0395219803670508	6836750	6051750	0.0430820215410108	6715000	6215000	28
20211128 053057	binary	custom	TRUE	TRUE	FALSE	-100	-1	0	0	0	31	290.6	256	TRUE	0.0710138698390682	0.55261333892798	273	149	66.6421361016354	0.189334206422524	10	0.0374733247972685	6922750	5927750	0.030738202237788	7008750	5958750	29
20211128 054820	binary	custom	TRUE	TRUE	FALSE	-100	-1	0	0	0	31	401.8	327	TRUE	0.0314113353594992	0.451036229723119	285	453	66.2235695587087	0.601165007280665	10	0.0373603474680525	6889625	5984625	0.0336254006510842	6877500	5977500	30
20211128 060103	binary	custom	TRUE	TRUE	FALSE	-100	-1	0	0	0	31	189.3	252	TRUE	0.0764785413801106	0.683274350001622	229	643	68.4280859498889	0.686720779196072	10	0.0367937870837622	6774250	5834250	0.0387637769576461	6910000	6160000	31
20211128 062710	binary	custom	TRUE	TRUE	FALSE	-100	-1	0	0	0	31	2181.5	399	TRUE	0.020044995265827	0.130263085907098	1948	33	46.9253460031259	0.298974653877875	10	0.0407982057526382	6741125	6136125	0.0434251378741851	6663750	6363750	32
20211128 065309	binary	custom	TRUE	TRUE	FALSE	-100	-1	0	0	0	31	1893	398	TRUE	0.0201371579388575	0.180310671447904	2350	29	45.0304957051098	0.311326680867026	10	0.0407161925803185	6638375	6128375	0.0419689856309575	6531250	6181250	33
20211128 071000	binary	custom	TRUE	TRUE	FALSE	-100	-1	0	0	0	31	1438.4	340	TRUE	0.0284517711345312	0.100114112506015	1615	37	48.8121176079882	0.276327878678458	10	0.0394600520532584	6841000	6081000	0.0430067033215335	6826250	6226250	34
20211128 072601	binary	custom	TRUE	TRUE	FALSE	-100	-1	0	0	0	31	268.5	257	TRUE	0.0691512562229388	0.931065817156624	276	774	66.5446624419291	0.994580013783032	10	0.0357292895818165	6778250	5778250	0.0434502439473442	6710000	6110000	35
20211128 073735	binary	custom	TRUE	TRUE	FALSE	-100	-1	0	0	0	31	884.7	274	TRUE	0.0539548873491582	0.117979833735828	1971	34	46.8064703792462	0.313498589169355	10	0.0387378340153817	6763875	5973875	0.0419940917041166	6727500	6077500	36
20211128 080051	binary	custom	TRUE	TRUE	FALSE	-100	-1	0	0	0	31	1887.5	399	TRUE	0.0200300797769559	0.118730434180737	1870	44	47.3354584529494	0.381681811298755	10	0.039839990627066	6914250	6019250	0.0413078590377679	6930000	5980000	37
20211128 082132	binary	custom	TRUE	TRUE	FALSE	-100	-1	0	0	0	31	1282.5	343	TRUE	0.027850373779728	0.347585188523699	4762	14	37.8519350655381	0.298886958111529	10	0.0387595926121195	6245625	5780625	0.0306796214004168	6067500	5917500	38
20211128 084730	binary	custom	TRUE	TRUE	FALSE	-100	-1	0	0	0	31	335.5	259	TRUE	0.0667652239460941	0.61312582661385	61	2255	81.6930619218947	0.641250553060853	10	0.0382332019448838	6579250	5569250	0.0331232791879022	6552500	5452500	39
20211128 085809	binary	custom	TRUE	TRUE	FALSE	-100	-1	0	0	0	31	847.9	275	TRUE	0.0529070071079977	0.136391073537053	2198	12	45.7029910716074	0.119600719097894	10	0.0329676215343158	6390750	5940750	0.0299431765877499	6377500	5927500	40
20211128 090401	binary	custom	TRUE	TRUE	FALSE	-100	-1	0	0	0	31	296.8	228	TRUE	0.140424068013448	0.129427349571009	1943	63	46.9484691958549	0.570744179436258	10	0.0388876335852309	6681500	5766500	0.0446302293858218	6833750	6133750	41
20211128 091720	binary	custom	TRUE	TRUE	FALSE	-100	-1	0	0	0	31	639.8	279	TRUE	0.0506177611231711	0.330415471399161	1928	55	47.0306674603366	0.487870942512826	10	0.0371076129982509	6782375	5957375	0.0380440695270853	6817500	5917500	42
20211128 092950	binary	custom	TRUE	TRUE	FALSE	-100	-1	0	0	0	31	795.6	310	TRUE	0.0362005803615384	0.128427149107267	2025	101	46.5306397516199	0.952294507612567	10	0.0403161691479836	6918125	5903125	0.0412074347451315	6845000	5845000	43
20211128 093949	binary	custom	TRUE	TRUE	FALSE	-100	-1	0	0	0	31	125.1	233	TRUE	0.118619115609322	0.69050177848218	293	620	65.9410280143097	0.845364771881238	10	0.03594603868009	6705875	5720875	0.0374164176981078	6861250	6011250	44
20211128 094938	binary	custom	TRUE	TRUE	FALSE	-100	-1	0	0	0	31	254.2	228	TRUE	0.138694965406894	0.6255821042191	11	392	98.3671285728365	0.0201047020704672	10	0.0378415472036019	6167750	5347750	0.0295916915635225	6580000	5530000	45
20211128 100015	binary	custom	TRUE	TRUE	FALSE	-100	-1	0	0	0	31	754.2	243	TRUE	0.0925861942827748	0.198491893163067	12581	9	27.757502024509	0.480419312293583	10	0.0354706970282778	6261875	5816875	0.04106516699723	6066250	5866250	46
20211128 101258	binary	custom	TRUE	TRUE	FALSE	-100	-1	0	0	0	31	256.6	271	TRUE	0.0558816402039698	0.401796091925868	84	617	78.4752833738664	0.241514109669534	10	0.0390407806315014	6833625	5778625	0.0404626212414116	6856250	5956250	47
20211128 101926	binary	custom	TRUE	TRUE	FALSE	-100	-1	0	0	0	31	260.3	224	TRUE	0.164516930541	0.662013718123897	1740	67	48.0639211312868	0.541472682296839	10	0.037207200421782	6762500	5757500	0.0388725699413355	6793750	6043750	48
20211128 102714	binary	custom	TRUE	TRUE	FALSE	-100	-1	0	0	0	31	496.6	243	TRUE	0.0923109847439593	0.857807964563812	2512	30	44.3539152661152	0.349813159835995	10	0.0378490790255496	6756625	5906625	0.0367050789586001	6667500	5917500	49
20211128 104859	binary	custom	TRUE	TRUE	FALSE	-100	-1	0	0	0	31	299.2	242	TRUE	0.0950512956762361	0.120798904492287	11	16047	98.57459214909	0.822903426755748	10	0.0383403211903626	6038250	5078250	0.0375670541370624	6238750	5238750	50
20211128 105625	binary	custom	TRUE	TRUE	FALSE	-100	-1	0	0	0	31	167.1	235	TRUE	0.112996743687922	0.209020589044085	319	669	65.1028161830828	0.99357120455012	10	0.0379260709832375	6640125	5640125	0.0425045818583515	6751250	5651250	51
20211128 112307	binary	custom	TRUE	TRUE	FALSE	-100	-1	0	0	0	31	1536.9	398	TRUE	0.020155485699889	0.354226012932484	1846	35	47.4648472859745	0.297892009567348	10	0.0391211200656105	6726625	6061625	0.041843455265162	6800000	6150000	52
20211128 114552	binary	custom	TRUE	TRUE	FALSE	-100	-1	0	0	0	31	1890.1	399	TRUE	0.0200862467000294	0.131779474281895	1972	26	46.7983403078315	0.241595704131152	10	0.0416066213083612	6695375	6060375	0.0419271421756923	6537500	6237500	53
20211128 121139	binary	custom	TRUE	TRUE	FALSE	-100	-1	0	0	0	31	1108	388	TRUE	0.021165301519204	0.551516136987416	1379	62	50.4031164173386	0.395187762857792	10	0.0377436335182814	6837375	6082375	0.04004418668876	6768750	6218750	54
20211128 123354	binary	custom	TRUE	TRUE	FALSE	-100	-1	0	0	0	31	979.5	398	TRUE	0.020188865826541	0.381306240576973	807	102	55.7857268092502	0.384140980045374	10	0.0380055735482413	6973250	6148250	0.0375670541370624	6938750	6038750	55
20211128 130026	binary	custom	TRUE	TRUE	FALSE	-100	-1	0	0	0	31	585.8	399	TRUE	0.0200520959018885	0.629167024329268	276	554	66.5592035377899	0.712450233305428	10	0.0366749516708092	6902000	6092000	0.0371318822023047	6853750	6203750	56
20211128 132009	binary	custom	TRUE	TRUE	FALSE	-100	-1	0	0	0	31	305.2	293	TRUE	0.0428404654160168	0.897410665060767	232	832	68.2959864802123	0.899421947597237	10	0.036679972885441	6796250	5826250	0.0294912672708862	6745000	5545000	57
20211128 133148	binary	custom	TRUE	TRUE	FALSE	-100	-1	0	0	0	31	184.1	242	TRUE	0.0933803442185917	0.514078833073391	309	497	65.4237930082611	0.71498040511697	10	0.0340429983346305	6755125	5835125	0.0358096290159256	6851250	6001250	58
20211128 135813	binary	custom	TRUE	TRUE	FALSE	-100	-1	0	0	0	31	744	388	TRUE	0.0211922233793855	0.738331143892267	382	380	63.2892095053103	0.676446771981771	10	0.036597122844016	6868625	6008625	0.033324127773175	6822500	6022500	59
20211128 140718	binary	custom	TRUE	TRUE	FALSE	-100	-1	0	0	0	31	295.1	235	TRUE	0.112199724478267	0.446546706752526	1571	82	49.0922394727543	0.596447341074592	10	0.0401153205627108	6738125	5803125	0.040554676842995	6792500	6092500	60
20211128 143204	binary	custom	TRUE	TRUE	FALSE	-100	-1	0	0	0	31	742.5	395	TRUE	0.0204491160852508	0.570761551732081	223	258	68.670978180099	0.267845625117228	10	0.0374833672265321	7031250	6136250	0.0367134476496531	6966250	6216250	61
20211128 144743	binary	custom	TRUE	TRUE	FALSE	-100	-1	0	0	0	31	662.7	329	TRUE	0.0309236683508465	0.249896307212277	290	216	66.0392720985936	0.291740961941595	10	0.0370272735641418	7089375	6024375	0.0390650498355552	7165000	6065000	62
20211128 150939	binary	custom	TRUE	TRUE	FALSE	-100	-1	0	0	0	31	1504.1	399	TRUE	0.02002561532225	0.67551762774736	1948	42	46.9217200602539	0.379325702824954	10	0.0401437741122911	6753875	5983875	0.0411572225988133	6802500	6152500	63
20211128 152903	binary	custom	TRUE	TRUE	FALSE	-100	-1	0	0	0	31	205.9	255	TRUE	0.0714559331415775	0.710456206114692	142	1509	73.1620835488383	0.998837680154051	10	0.0367561279740236	6649875	5669875	0.0391487367460855	6802500	5852500	64
20211128 155617	binary	custom	TRUE	TRUE	FALSE	-100	-1	0	0	0	31	687.3	398	TRUE	0.0201041201202114	0.7152574728768	393	534	63.0156003025512	0.977392194615037	10	0.0342446837890086	6915000	6030000	0.0355083561380165	6846250	6096250	65
20211128 162027	binary	custom	TRUE	TRUE	FALSE	-100	-1	0	0	0	31	996.3	399	TRUE	0.020009075807381	0.832697049432581	250	207	67.5528898511687	0.240989046426766	10	0.0381553731180906	7010875	6135875	0.033575188504766	6885000	6285000	66
20211128 162853	binary	custom	TRUE	TRUE	FALSE	-100	-1	0	0	0	31	230.5	247	TRUE	0.085058652493342	0.773724461579817	245	220	67.7246793030901	0.251209820874568	10	0.0366339450846493	6853125	5798125	0.0312821671562351	6977500	6127500	67
20211128 164436	binary	custom	TRUE	TRUE	FALSE	-100	-1	0	0	0	31	409.4	365	TRUE	0.0241543451718838	0.757732654825802	161	313	71.9217765244003	0.235089570754418	10	0.0365134359334856	6936125	5986125	0.0390985245997673	6860000	6260000	68
20211128 170305	binary	custom	TRUE	TRUE	FALSE	-100	-1	0	0	0	31	522.6	356	TRUE	0.0256313580015642	0.993287689950095	174	321	71.1512259998848	0.260082891708282	10	0.0402190923317684	6827625	5947625	0.0375921602102215	6735000	6135000	69
20211128 170931	binary	custom	TRUE	TRUE	FALSE	-100	-1	0	0	0	31	180.6	231	TRUE	0.127664164316276	0.269357519095069	770	155	56.2556935155101	0.555860140034392	10	0.0372523913534684	6785750	5630750	0.0400190806156009	7022500	6072500	70
20211128 172649	binary	custom	TRUE	TRUE	FALSE	-100	-1	0	0	0	31	1480.9	333	TRUE	0.0299177911351123	0.113261075027407	2280	27	45.3346642882924	0.289440968447757	10	0.0415572460311483	6577750	6067750	0.042119622069912	6508750	6308750	71
20211128 174251	binary	custom	TRUE	TRUE	FALSE	-100	-1	0	0	0	31	1519.5	334	TRUE	0.0298210094008497	0.10011877141729	4425	11	38.601773965552	0.218403188337471	10	0.0331057049366908	6255125	5855125	0.0299013331324847	6083750	5933750	72
20211128 175119	binary	custom	TRUE	TRUE	FALSE	-100	-1	0	0	0	31	339.6	241	TRUE	0.0959214721216417	0.37156160121072	3666	33	40.5198752362526	0.562588346736739	10	0.0398893659042789	6636875	5781875	0.0438854158821019	6695000	5895000	73
20211128 175717	binary	custom	TRUE	TRUE	FALSE	-100	-1	0	0	0	31	177.5	220	TRUE	0.199793125475189	0.295552878952593	1281	98	51.1508295492188	0.582635413152752	10	0.0366239026553857	6659625	5549625	0.03744989246232	7356250	6056250	74
20211128 180402	binary	custom	TRUE	TRUE	FALSE	-100	-1	0	0	0	31	327.6	252	TRUE	0.075939135293993	0.115047384218259	1132	121	52.3864498942788	0.638040379507871	10	0.0388081310202271	6883375	5963375	0.0391654741281916	7050000	6250000	75
20211128 180921	binary	custom	TRUE	TRUE	FALSE	-100	-1	0	0	0	31	260.1	228	TRUE	0.140912011720429	0.105372272737328	1719	80	48.1836647599854	0.641450627355013	10	0.0371402508933578	6652500	5772500	0.0407136819730026	6968750	6018750	76
20211128 181751	binary	custom	TRUE	TRUE	FALSE	-100	-1	0	0	0	31	492.2	267	TRUE	0.0588576411468786	0.100614407198052	1079	120	52.8686430772417	0.60052392143281	10	0.0378231360832852	6920500	5870500	0.0350982902764179	7057500	5857500	77
20211128 182739	binary	custom	TRUE	TRUE	FALSE	-100	-1	0	0	0	31	316.9	252	TRUE	0.0757418953003098	0.356159875552481	918	153	54.4943469195615	0.655966818250937	10	0.0379679144385027	6903875	5853875	0.0352991388616906	6927500	6227500	78
20211128 183550	binary	custom	TRUE	TRUE	FALSE	-100	-1	0	0	0	31	287.2	247	TRUE	0.0836409333854672	0.18849325606104	528	262	60.0546380627167	0.642642522658148	10	0.0369276861406107	6894250	5599250	0.0354916187559104	7198750	5848750	79
20211128 184351	binary	custom	TRUE	TRUE	FALSE	-100	-1	0	0	0	31	146.3	232	TRUE	0.123106886641085	0.739860316063417	521	313	60.1785868331604	0.758860719150766	10	0.0371025917836191	6803125	5868125	0.0341861029516373	6943750	5793750	80
20211128 185004	binary	custom	TRUE	TRUE	FALSE	-100	-1	0	0	0	31	231.5	230	TRUE	0.130407606169335	0.761312945929263	3326	65	41.5098623279668	0.997742804165611	10	0.0399069401554903	6554250	5609250	0.0445883859305566	6490000	5740000	81
20211128 185503	binary	custom	TRUE	TRUE	FALSE	-100	-1	0	0	0	31	161	221	TRUE	0.189649143937747	0.745480968631758	1667	66	48.4936859105527	0.514521300580518	10	0.0364004586042697	6568000	5703000	0.0311398994083335	6798750	5898750	82
20211128 190151	binary	custom	TRUE	TRUE	FALSE	-100	-1	0	0	0	31	256.6	222	TRUE	0.180709188660132	0.362176299802004	6223	31	35.1063215278648	0.88447009327664	10	0.0396215677905819	6566875	5536875	0.0433749257278669	6571250	5771250	83
20211128 190807	binary	custom	TRUE	TRUE	FALSE	-100	-1	0	0	0	31	211.1	227	TRUE	0.143047165446901	0.853160652756179	2077	102	46.2756492612511	0.981201271375047	10	0.0363920899132167	6634250	5679250	0.0436092490773518	6686250	5936250	84
20211128 191726	binary	custom	TRUE	TRUE	FALSE	-100	-1	0	0	0	31	286	254	TRUE	0.0736480277631944	0.227864002532046	98	411	76.8912127220817	0.187832865938938	10	0.0393797126191492	6723000	5708000	0.037985488689714	7026250	5676250	85
20211128 192929	binary	custom	TRUE	TRUE	FALSE	-100	-1	0	0	0	31	904.9	221	TRUE	0.182974175354769	0.295527386989165	17066	2	24.4837336674705	0.0435307990251784	10	0.039199785761509	5264875	4819875	0.0350564468211527	5163750	4813750	86
