Feature	Gain	Cover	Frequency	pos
ctrx_quarter	0.318102269653623	0.0293623894713492	0.00569906002516468	1
mcuentas_saldo	0.0570048954503127	0.0180861005151041	0.00784545925542151	2
cpayroll_trx	0.0239392819694196	0.0212676700705196	0.00540300495892236	3
mtarjeta_visa_consumo	0.0216145131740518	0.00985844383968272	0.00347864702834727	4
mcaja_ahorro	0.0194952458181868	0.00326630563203652	0.00325660572866553	5
mv_status06_tend6	0.018436430683446	0.00490534002260628	0.000814151432166383	6
mprestamos_personales	0.0142227558381113	0.0200986774951568	0.00851158315446673	7
ctarjeta_visa_transacciones	0.0122214457163313	0.00925457992600876	0.00355266079490785	8
mpayroll	0.0117725694149988	0.0113009304664296	0.00370068832802901	9
mv_status07_tend6	0.0110461402371983	0.0006624325762955	0.000222041299681741	10
mdescubierto_preacordado	0.00943575838381025	0.000821664145291473	0.000444082599363482	11
mdescubierto_preacordado_tend6	0.00925016492895498	0.00491912658026915	0.00222041299681741	12
mdescubierto_preacordado_tend6_avg3	0.00806699246649536	0.00378754035159983	0.00177633039745393	13
mpasivos_margen_avg3	0.00758514117029148	0.000654288857685733	0.00118422026496928	14
foto_mes	0.00675393231321665	0.0185011864202667	0.00888165198726963	15
ccomisiones_mantenimiento_tend6	0.00618164314724115	0.00492398142522962	0.00444082599363482	16
mpasivos_margen	0.00586774132267736	0.00150247434652677	0.00229442676337799	17
mv_status01	0.00534280793796985	0.00695467225253864	0.00281252312930205	18
ccaja_ahorro	0.00533142696826954	0.0120102620470682	0.0045148397601954	19
mv_msaldopesos	0.00531947177935006	0.000989874172402109	0.0011102064984087	20
mautoservicio	0.00510348876686914	0.00916341301624202	0.00222041299681741	21
mprestamos_personales_min6	0.00468611236883972	0.000272679345627401	0.000740137665605803	22
mcuentas_saldo_tend6	0.00450545447590921	0.00566693297416741	0.00532899119236178	23
cproductos	0.0040173100710353	0.00802849116851113	0.00340463326178669	24
mprestamos_personales_tend6	0.00396333442450012	0.0023061114574705	0.00259048182962031	25
mactivos_margen	0.00350953810794925	0.00301727946501986	0.00325660572866553	26
mtarjeta_master_consumo	0.00347321973548675	0.00591718453877726	0.00273850936274147	27
mv_status02	0.00330857291626098	0.0032736847292598	0.00118422026496928	28
cproductos_tend6	0.003194892342625	0.00428011011656499	0.00192435793057509	29
mcuentas_saldo_min6_tend6	0.00304915047460886	0.000765259127466629	0.00251646806305973	30
mpagomiscuentas	0.00304144273778048	0.0147166978762968	0.00273850936274147	31
ctarjeta_visa_transacciones_tend6_avg3	0.00303336580464427	0.00263028087471792	0.00177633039745393	32
Visa_fultimo_cierre_tend6_avg6_avg3	0.00282418003686815	0.00361257895137359	0.00340463326178669	33
mv_Finiciomora	0.00273576002699937	0.00809644564212572	0.00259048182962031	34
mv_mpagominimo	0.00233145561760364	0.00483842730389381	0.00222041299681741	35
ctrx_quarter_max6_tend6_avg3	0.00229030932628411	0.00274625624257017	0.00370068832802901	36
mcomisiones_mantenimiento_tend6	0.00227066287667007	0.00503746926935729	0.00377470209458959	37
numero_de_cliente	0.00225571561509924	0.00642440899049038	0.00592110132484642	38
mcuenta_corriente	0.00225069730881636	0.00157756751238723	0.00340463326178669	39
mcomisiones_mantenimiento	0.00218581706169189	0.00882910986140516	0.00340463326178669	40
ccallcenter_transacciones_tend6	0.00218381481865761	0.00288724040598911	0.00244245429649915	41
mdescubierto_preacordado_tend6_avg6_avg3	0.00211221978831723	0.00238553859084038	0.00118422026496928	42
mpayroll_min6_avg3	0.00205033383994062	0.00353389640564208	0.00192435793057509	43
ctarjeta_visa_transacciones_tend6	0.00198002572962586	0.00290601870589126	0.00266449559618089	44
Visa_fultimo_cierre_tend6_avg6	0.00191653192853547	0.000658522656454566	0.00229442676337799	45
cproductos_tend6_avg3	0.00189395411524797	0.00368359191053412	0.00155428909777219	46
mv_Finiciomora_avg3	0.00174934229517331	0.00331414622254113	0.00192435793057509	47
cpayroll_trx_avg6_avg3	0.00174710059333976	0.00102725714638938	0.00103619273184812	48
mplazo_fijo_dolares	0.00170421315483936	0.0157211566173285	0.00281252312930205	49
ctrx_quarter_tend6_avg6_avg3	0.0016690667060668	0.00106324109696644	0.00222041299681741	50
mv_status01_max6	0.0016321631974977	0.000205225715715752	0.000592110132484642	51
ccaja_seguridad	0.00154066863883457	0.00321751343849633	0.00162830286433277	52
mpayroll_min6	0.00139952260190671	0.00496756484425926	0.00118422026496928	53
mtransferencias_recibidas	0.00137923359950411	0.00322692596115354	0.00236844052993857	54
mrentabilidad_max6_avg6	0.0013694388610057	0.000853167214206254	0.00133224779809044	55
mcuenta_debitos_automaticos	0.00136458189765069	0.0045672638452073	0.00199837169713567	56
tcallcenter_tend6	0.00136155150665346	0.00421518073891615	0.00207238546369625	57
mcuenta_corriente_tend6	0.00134528942358167	0.000474215512731512	0.00155428909777219	58
mcuenta_corriente_tend6_avg3	0.00134500814765048	0.000694920637826058	0.00125823403152986	59
mprestamos_personales_min6_tend6	0.00133700976024033	0.00163413280019701	0.00170231663089335	60
mactivos_margen_avg3	0.00133371344685009	0.00533073996909147	0.00222041299681741	61
Master_mlimitecompra_min6_avg6_avg3	0.001315863723559	0.00228442826409132	0.00273850936274147	62
Visa_mpagominimo_max6_tend6	0.00130203511700483	0.00362900996378797	0.00266449559618089	63
mv_mpagominimo_avg3	0.0012489503575793	0.000515648642796538	0.0011102064984087	64
mvr_msaldopesos2_tend6	0.00119665126501288	0.00721127785425977	0.00303456442898379	65
mcomisiones_mantenimiento_max6_avg3	0.00118995525729797	0.000269357082397915	0.000962178965287544	66
mactivos_margen_max6_avg6_avg3	0.00118209677869912	0.00190962688743492	0.00251646806305973	67
mrentabilidad_max6_avg3	0.00117862257963747	0.00048211214844783	0.00192435793057509	68
mcuentas_saldo_min6_avg6	0.00116739905308855	0.00035291784579604	0.000962178965287544	69
mrentabilidad_max6_avg6_avg3	0.00116269931884572	0.000439460298705655	0.00162830286433277	70
mv_msaldototal_avg3	0.00115754480636329	0.000373786333418444	0.000518096365924062	71
Master_mfinanciacion_limite	0.0011564620344415	0.00326990502878163	0.00251646806305973	72
Visa_Finiciomora	0.00115574088308319	0.00687991298248014	0.00155428909777219	73
mv_status06_tend6_avg3	0.0011160943280367	0.00149681481268357	0.000444082599363482	74
Visa_fechaalta_tend6	0.001109232793416	0.00247097584864551	0.00185034416401451	75
Master_fechaalta	0.00110899867005451	0.000769259199174091	0.00148027533121161	76
mv_msaldopesos_avg3	0.00110728044771553	0.000112335903610906	0.000370068832802901	77
mcuentas_saldo_min6_tend6_avg3	0.00108067200804483	0.00095377001933634	0.00192435793057509	78
chomebanking_transacciones_max6	0.00107976893579888	0.00213408500134348	0.00229442676337799	79
chomebanking_transacciones	0.00107075100506813	0.00132332255398595	0.00222041299681741	80
mcaja_ahorro_dolares	0.00105230393033775	0.00939052894073417	0.00259048182962031	81
cpagomiscuentas_tend6_avg6_avg3	0.00105200879114964	0.00196058940368784	0.00185034416401451	82
Visa_mpagominimo_max6_avg6_avg3	0.00103132440771812	0.000455650906142621	0.00140626156465103	83
cpayroll_trx_avg3	0.00102462043170563	0.000235633606400109	0.000296055066242321	84
ctrx_quarter_tend6	0.00102442262040556	0.00166605323886424	0.00207238546369625	85
thomebanking_tend6	0.000997637958974017	0.00567907342552662	0.00229442676337799	86
Visa_cconsumos_tend6_avg6	0.000970539858002623	0.00128108139608019	0.00229442676337799	87
mcomisiones_mantenimiento_avg6_tend6	0.000965959631349086	0.00116669537224525	0.00162830286433277	88
Visa_cconsumos_tend6	0.00096264967318177	0.00318121228690741	0.00207238546369625	89
cliente_edad_min6	0.000962195649852222	0.00359238827222916	0.00229442676337799	90
ctarjeta_visa_transacciones_tend6_avg6	0.000960889357946665	0.000511177778008314	0.00162830286433277	91
cmobile_app_trx_max6_avg6_avg3	0.00095001149405094	0.000653247102783622	0.00222041299681741	92
Visa_delinquency_tend6	0.000947812560091904	0.00321293572705148	0.00185034416401451	93
mpayroll_min6_avg6_avg3	0.000942013927272412	0.00339223777270318	0.00148027533121161	94
mvr_mpagominimo_min6_tend6	0.000938388360753081	0.00159593512045296	0.00177633039745393	95
cliente_edad	0.000937507906500286	0.00403353808369273	0.00244245429649915	96
internet_avg6_avg6_avg3	0.000922062562385145	0.000759489408008787	0.00140626156465103	97
ccomisiones_mantenimiento_tend6_avg3	0.000900323256107553	0.000425827333111691	0.000666123899045222	98
ctrx_quarter_tend6_avg6	0.000897646809570809	0.000441196556875839	0.00177633039745393	99
ctransferencias_emitidas_avg6_tend6_avg3	0.000897509767641432	0.00315153896698736	0.00199837169713567	100
ctrx_quarter_max6_tend6	0.000897426489517509	0.00096076179742935	0.00162830286433277	101
mrentabilidad_annual_min6_tend6_avg3	0.000892717940589709	0.000733612483357006	0.00207238546369625	102
chomebanking_transacciones_avg6_avg6_avg3	0.000891651672777821	0.000322656869264545	0.00155428909777219	103
mcuentas_saldo_min6	0.000886348379070713	0.00091952566588748	0.00192435793057509	104
chomebanking_transacciones_max6_avg6	0.000881028860126359	0.000311137464096977	0.000962178965287544	105
mprestamos_personales_tend6_avg3	0.000880613815911017	0.00252552774476949	0.00118422026496928	106
mcuenta_corriente_min6_tend6	0.000878037825698359	0.000452191745634332	0.00207238546369625	107
cprestamos_personales_avg6_avg6_avg3	0.000875188593573682	0.00188097862762688	0.00133224779809044	108
mpayroll_min6_tend6	0.000874905271392206	0.00533272664911312	0.00214639923025683	109
ccajas_transacciones_tend6	0.00085379935329519	0.00493695661609373	0.00207238546369625	110
mrentabilidad_min6	0.000853214311330315	0.000754928391354034	0.00192435793057509	111
Visa_fechaalta	0.000842598666771786	0.000456034886314874	0.00125823403152986	112
ccuenta_debitos_automaticos_tend6	0.000840792314457596	0.00416713647197235	0.00162830286433277	113
mtarjeta_master_consumo_tend6	0.000838174424072913	0.00832756831624137	0.00207238546369625	114
mv_fechaalta	0.000837412466718081	0.00095304880440411	0.00155428909777219	115
ctarjeta_visa_transacciones_tend6_avg6_avg3	0.000836177823769197	0.000856886813440071	0.00155428909777219	116
ctrx_quarter_min6_tend6	0.000832327842919721	0.000764234067354617	0.00199837169713567	117
cproductos_avg6_avg6_avg3	0.000829016930901356	0.00166767931141978	0.00192435793057509	118
mcuentas_saldo_min6_avg6_avg3	0.000828528787413919	0.000365111720483564	0.00148027533121161	119
mrentabilidad_avg6_avg6_avg3	0.000827336209829142	0.000329054312830069	0.00103619273184812	120
mpayroll_min6_avg6	0.000821392774604985	0.000847237224763472	0.000814151432166383	121
Visa_fultimo_cierre_avg6	0.000819770366337358	0.00154488245233351	0.00148027533121161	122
Master_fultimo_cierre_avg6_avg6_avg3	0.000814675414481419	0.000852372542197593	0.00236844052993857	123
chomebanking_transacciones_avg3	0.00079935395643385	0.00106704083119273	0.00177633039745393	124
mv_cconsumos_tend6	0.00079665845063873	0.000649103455881318	0.000962178965287544	125
cpagomiscuentas_tend6_avg6	0.000792070400452713	0.00267874251141417	0.00170231663089335	126
mcaja_ahorro_avg3	0.00078694804447392	0.00118073235175959	0.00170231663089335	127
Visa_mfinanciacion_limite	0.000778872805444668	0.000990515252341869	0.00222041299681741	128
cmobile_app_trx_max6_tend6_avg3	0.000777994269551524	0.000673384358599737	0.00155428909777219	129
ccomisiones_otras_tend6_tend6_avg3	0.000776169749660943	0.00102058256930823	0.00244245429649915	130
Master_fultimo_cierre_avg6_tend6_avg3	0.000773669678531439	0.00102386476504148	0.00192435793057509	131
chomebanking_transacciones_tend6	0.000773466954987282	0.00403045622544065	0.00185034416401451	132
Visa_fultimo_cierre_avg3	0.000772825612719193	0.000596598341023349	0.00192435793057509	133
mprestamos_personales_tend6_tend6	0.00076854563066601	0.000580117244238679	0.000888165198726963	134
mv_msaldototal	0.00076648287271012	0.00639716309305057	0.00148027533121161	135
mactivos_margen_min6_tend6	0.000762761283409005	0.000873651721656406	0.00185034416401451	136
mvr_mpagominimo_min6	0.000758799042994817	0.00221840036925403	0.00177633039745393	137
mttarjeta_visa_debitos_automaticos_tend6_tend6_avg3	0.000756272075752514	0.00203910166256036	0.00192435793057509	138
mrentabilidad_avg6	0.000755786423468235	0.000842288888978447	0.00133224779809044	139
mautoservicio_tend6_avg3	0.000755465268747696	0.00081846876246673	0.00177633039745393	140
ccaja_ahorro_tend6_avg3	0.000754717922010736	0.00247580064298381	0.000962178965287544	141
chomebanking_transacciones_max6_avg6_avg3	0.000743326316960059	0.000828539059853797	0.00162830286433277	142
mrentabilidad_avg3	0.000743125509999293	0.00165640365018764	0.00148027533121161	143
mvr_mpagominimo	0.000739640640950228	0.000971196041240552	0.00125823403152986	144
mcuenta_corriente_tend6_tend6	0.000737956828299337	0.000539792648236155	0.00222041299681741	145
ccallcenter_transacciones_tend6_tend6_avg3	0.00073445239286997	0.00551065638301877	0.00244245429649915	146
mv_Finiciomora_avg6	0.000733853972122794	0.00464579947678595	0.00140626156465103	147
ctransferencias_emitidas_max6_avg6_avg3	0.000732466052237865	0.000628074698273974	0.00133224779809044	148
Master_mfinanciacion_limite_tend6	0.000730786052770844	0.0110730131920128	0.00207238546369625	149
Visa_mpagospesos_tend6_tend6_avg3	0.000728201309598217	0.00440331098957163	0.00244245429649915	150
tcallcenter_tend6_tend6_avg3	0.000717457237966148	0.00102670287935813	0.00185034416401451	151
ctarjeta_visa_debitos_automaticos_tend6_avg6_avg3	0.000716803943251683	0.000561883194493727	0.00133224779809044	152
mtransferencias_recibidas_tend6_tend6_avg3	0.000716624216043832	0.000708062776591144	0.00214639923025683	153
mcuenta_corriente_min6_tend6_avg3	0.000713607736706584	0.00244548958208202	0.00207238546369625	154
mactivos_margen_min6	0.000708840874086067	0.00106982886113908	0.00177633039745393	155
mcuenta_corriente_avg3	0.000708795318373153	0.000511364759657411	0.00162830286433277	156
ctarjeta_visa_debitos_automaticos_tend6	0.000705977738294574	0.00131164621779146	0.00170231663089335	157
mrentabilidad_tend6_tend6_avg3	0.000703704301818885	0.000373479149280643	0.00185034416401451	158
internet_avg6_tend6_avg3	0.000703133602700848	0.00422220590658936	0.00199837169713567	159
ccajas_transacciones_tend6_tend6_avg3	0.000700845720355302	0.000973523294980203	0.00199837169713567	160
Visa_mpagospesos_tend6_avg6_avg3	0.000700824483403472	0.000942220563546597	0.00185034416401451	161
ccomisiones_otras_avg6	0.000700193838654821	0.00331169542735476	0.00177633039745393	162
Visa_mconsumospesos_avg6_avg3	0.000697728239382474	0.000363732730821475	0.00148027533121161	163
mcuenta_debitos_automaticos_tend6	0.000696523386072195	0.00167858100935372	0.0011102064984087	164
mcuenta_corriente_avg6_tend6_avg3	0.000696455770999564	0.00145091415678834	0.00148027533121161	165
ctransferencias_recibidas_avg6_avg6_avg3	0.000695423156189464	0.00101715345942212	0.00192435793057509	166
canarito9	0.000691363655829144	0.00144359516080941	0.00236844052993857	167
ctransferencias_emitidas_max6_tend6_avg3	0.000688874954533085	0.000520990975627874	0.00148027533121161	168
mcuenta_corriente_min6	0.000688637923435721	0.000386454340144749	0.00170231663089335	169
mrentabilidad_tend6	0.000683288423904928	0.00134316264253832	0.00244245429649915	170
mcomisiones_max6_tend6	0.000681945519750197	0.00913597012027905	0.00214639923025683	171
mprestamos_personales_tend6_avg6_avg3	0.000680214940865928	0.00106441307123132	0.00140626156465103	172
mcuenta_corriente_min6_avg3	0.000679280043388637	0.000557465753033817	0.00162830286433277	173
ctarjeta_visa_debitos_automaticos_tend6_avg6	0.000677761964577705	0.000383275652110104	0.00155428909777219	174
Visa_mpagospesos_max6_tend6	0.000669470630327031	0.00168600685198928	0.00177633039745393	175
mcuenta_corriente_avg6_avg6_avg3	0.000666456544498698	0.00226103886316413	0.00148027533121161	176
Visa_mpagospesos_max6_avg6_avg3	0.000665799725686506	0.000728370319266258	0.00140626156465103	177
mcuenta_corriente_tend6_tend6_avg3	0.000661040775411417	0.000858399361422943	0.00199837169713567	178
mactivos_margen_tend6_tend6	0.000659355391659498	0.0042509743688861	0.00214639923025683	179
mcomisiones_mantenimiento_tend6_tend6	0.000658029355747746	0.000383649615408298	0.00170231663089335	180
cliente_edad_avg6_avg6_avg3	0.000657585113388025	0.00120068596488463	0.00162830286433277	181
mtransferencias_emitidas_max6_avg6_avg3	0.000656906025617561	0.000447089817780406	0.000962178965287544	182
mcomisiones_max6_tend6_avg3	0.000654346964040686	0.00047085652096381	0.00199837169713567	183
mcaja_ahorro_max6_tend6	0.000654329128624717	0.000324473262427199	0.00192435793057509	184
ctransferencias_emitidas_avg6_avg6_avg3	0.000653903613362951	0.000657484240510475	0.0011102064984087	185
cproductos_tend6_avg6	0.000653189048372772	0.000271821233416368	0.000740137665605803	186
Master_fechaalta_min6_avg6_avg3	0.000652295354774003	0.00294386579504325	0.00207238546369625	187
mprestamos_personales_tend6_avg6	0.000647679534555792	0.000465560933544749	0.000888165198726963	188
Visa_cconsumos_tend6_avg3	0.000643471277838416	0.000257917812222817	0.00133224779809044	189
mv_Fvencimiento	0.000641625015650338	0.000560621068362324	0.00192435793057509	190
Master_fultimo_cierre_avg6	0.000640137989398114	0.00102603842671223	0.00133224779809044	191
mttarjeta_visa_debitos_automaticos_tend6	0.000634802396198525	0.00105377515098092	0.00162830286433277	192
Visa_fultimo_cierre_tend6_avg3	0.000630679534905723	0.000520783960230659	0.00125823403152986	193
mcaja_ahorro_max6_tend6_avg3	0.000629728966383975	0.000310676687890275	0.00185034416401451	194
matm_max6	0.000628449036825407	0.00136569393125448	0.00162830286433277	195
mvr_mpagominimo_tend6_avg3	0.000627341448790036	0.00119666919838707	0.00148027533121161	196
Visa_mpagospesos_max6_tend6_avg3	0.000627131754317688	0.00107214275904666	0.00170231663089335	197
ctarjeta_visa_debitos_automaticos_tend6_avg3	0.000624308731781731	0.000893742232060247	0.00125823403152986	198
mcomisiones_avg6_avg6_avg3	0.000619228551295097	0.000274285384434821	0.00140626156465103	199
cprestamos_personales_avg6	0.000617301826353509	0.00164354866181224	0.000888165198726963	200
mv_fechaalta_tend6	0.000615633763790598	0.0020549817469015	0.000962178965287544	201
mpayroll_avg3	0.000615388918930178	0.00121220537005219	0.000888165198726963	202
Master_fechaalta_tend6	0.000614078054045992	0.00187225726927973	0.00103619273184812	203
Visa_fechaalta_avg6_avg3	0.000611883465704441	0.000450562334120774	0.00103619273184812	204
mtransferencias_recibidas_avg6_tend6_avg3	0.000608821152669756	0.00101383787410867	0.00177633039745393	205
mrentabilidad_annual_max6_tend6_avg3	0.000604925968250699	0.00349146826608721	0.00162830286433277	206
Visa_fultimo_cierre_avg6_avg3	0.000603616648267722	0.000505975681413801	0.00162830286433277	207
cproductos_tend6_tend6_avg3	0.000600226479575664	0.000549839572917085	0.00170231663089335	208
Visa_cconsumos_tend6_tend6_avg3	0.000600143044252825	0.000717408520087961	0.00140626156465103	209
mvr_Master_mlimitecompra_max6_avg6_avg3	0.000596059133654086	0.000999243288605064	0.00162830286433277	210
ccaja_seguridad_avg6_avg3	0.000593002636091155	0.00465642070224625	0.000666123899045222	211
chomebanking_transacciones_max6_tend6_avg3	0.000591968590504483	0.000445894470809395	0.00155428909777219	212
canarito24	0.000589656733548023	0.00262346606139995	0.00214639923025683	213
mactivos_margen_min6_tend6_avg3	0.000587564153092738	0.000714593778477451	0.00140626156465103	214
canarito46	0.000587286181891304	0.000905351789094343	0.00192435793057509	215
mvr_mpagominimo_avg6_avg3	0.000587091202836105	0.000426431684513236	0.00133224779809044	216
Visa_mpagado_max6_tend6_avg3	0.000583298965944292	0.00463437690140095	0.00192435793057509	217
cliente_edad_min6_avg6	0.000581633233389039	0.000326833905747045	0.00103619273184812	218
mv_status02_avg3	0.000581315089427395	0.000172627468570547	0.000370068832802901	219
canarito47	0.000581088083535462	0.000352884456215845	0.00177633039745393	220
mpasivos_margen_min6_tend6_avg3	0.000580987957595538	0.000390591309131014	0.00155428909777219	221
matm_max6_tend6_avg3	0.000580331622813906	0.00102423538938165	0.00155428909777219	222
ctransferencias_emitidas_max6	0.000579954491957409	0.00387481069735771	0.00125823403152986	223
ccallcenter_transacciones_tend6_tend6	0.000578528092087035	0.000392764970801764	0.00118422026496928	224
cmobile_app_trx_max6	0.000573433684654459	0.00212603143460024	0.00170231663089335	225
mrentabilidad_annual_tend6_tend6_avg3	0.000567005007461836	0.000339051153140705	0.00162830286433277	226
ccomisiones_mantenimiento_tend6_avg6_avg3	0.000566076259392979	0.000762728197287784	0.00155428909777219	227
ctrx_quarter_min6_tend6_avg3	0.000565349801461099	0.0021337310717934	0.00162830286433277	228
mactivos_margen_max6	0.000564541380725037	0.00170602390531669	0.00155428909777219	229
ctransferencias_recibidas_tend6	0.000564498969878568	0.00193886948177044	0.00192435793057509	230
canarito39	0.00056292514673347	0.00462458707648753	0.00229442676337799	231
thomebanking_tend6_tend6	0.000561733495467727	0.000615804027552	0.00155428909777219	232
mvr_msaldopesos2_max6	0.000560713514299305	0.000866205845272732	0.00177633039745393	233
mpayroll_avg6_avg6	0.000560543290964887	0.000304269227450692	0.000370068832802901	234
ccajas_transacciones_tend6_avg6	0.00055973699818703	0.00334375276330079	0.00192435793057509	235
mactivos_margen_avg6	0.000555713681997481	0.00396794425339799	0.00125823403152986	236
Master_fultimo_cierre_avg6_tend6	0.000555229940079687	0.000100298959950304	0.000888165198726963	237
Visa_mpagospesos_max6_avg6	0.000554427394320054	0.000380941720454414	0.00162830286433277	238
mcomisiones_avg6_avg6	0.000554130435798731	0.000641353734317862	0.00118422026496928	239
Master_Fvencimiento	0.000553284277553459	0.000918206777469744	0.00162830286433277	240
mcomisiones_avg6_tend6_avg3	0.000552207574220327	0.00031698397958927	0.00148027533121161	241
mactivos_margen_max6_tend6	0.000551653039502665	0.000766648134002776	0.00155428909777219	242
mcaja_ahorro_min6_tend6_avg3	0.000551316516589818	0.00168530900976318	0.00155428909777219	243
canarito32	0.000548563732216875	0.00160016891922179	0.00185034416401451	244
mvr_mpagominimo_avg6	0.000548257674365092	0.00127868402422212	0.00140626156465103	245
mcomisiones_mantenimiento_max6_tend6_avg3	0.000547855912125938	0.000820939591401223	0.00148027533121161	246
canarito31	0.000547743324841453	0.000765272483298707	0.00214639923025683	247
ccomisiones_otras_avg6_avg3	0.000547580780274413	0.000239960895993491	0.00140626156465103	248
ctarjeta_visa_transacciones_tend6_tend6_avg3	0.000545935019530564	0.0033828987071224	0.00170231663089335	249
thomebanking_tend6_avg6_avg3	0.000545353434165577	0.00117027139628423	0.00177633039745393	250
ctransferencias_emitidas_max6_avg6	0.000545119300146537	0.000553676035681588	0.000888165198726963	251
cprestamos_personales_avg6_avg6	0.000544651663568509	0.000355061456844614	0.000370068832802901	252
mttarjeta_visa_debitos_automaticos_tend6_avg6	0.000544198389820232	0.000602348026733074	0.00133224779809044	253
ccajas_transacciones_tend6_avg6_avg3	0.000543447353793464	0.000470362355176911	0.00148027533121161	254
mcuentas_saldo_tend6_tend6	0.000540490143776239	0.00176763435869406	0.00155428909777219	255
Visa_mconsumospesos_max6_tend6	0.000540005149595895	0.000786969032509968	0.00155428909777219	256
Master_Fvencimiento_avg3	0.000539731007120597	0.000829554103091751	0.00177633039745393	257
Visa_mconsumospesos	0.000539472423785442	0.00178154445780365	0.00185034416401451	258
mrentabilidad	0.000539125374762144	0.000844946699562037	0.00125823403152986	259
cpayroll_trx_avg6_avg6_avg3	0.000538097859591448	0.00296088112511105	0.00125823403152986	260
mtransferencias_emitidas_max6	0.000537843269286379	0.00075488164594176	0.00133224779809044	261
mrentabilidad_max6	0.000537718892083211	0.00052166544514783	0.00133224779809044	262
Visa_mconsumospesos_max6_avg6_avg3	0.00053699762349181	0.0017225116800174	0.00140626156465103	263
canarito53	0.000536385477591841	0.000880309603947458	0.00192435793057509	264
Master_fultimo_cierre_avg6_avg3	0.000534646148856057	0.000196918388163025	0.00140626156465103	265
mrentabilidad_max6_tend6	0.000532182856944068	0.00112291161573444	0.00140626156465103	266
mcaja_ahorro_tend6	0.000530508024170225	0.000316973962715211	0.00148027533121161	267
ctransferencias_recibidas_avg6_avg6	0.000530372230950879	0.00149189652752072	0.00155428909777219	268
mcaja_ahorro_min6	0.000529462863643265	0.00136586421811348	0.00133224779809044	269
Visa_mpagominimo_max6_tend6_avg3	0.000525090333170775	0.00175689293074506	0.00148027533121161	270
mv_cconsumos_tend6_avg6_avg3	0.000524268911995566	0.000445220001289439	0.00118422026496928	271
mv_fechaalta_avg3	0.00052261674073322	0.000485177311909809	0.00125823403152986	272
mcomisiones_max6	0.000518359059610969	0.00164647358903739	0.00133224779809044	273
Master_mfinanciacion_limite_avg6_avg3	0.000516744212877631	0.00119983786954765	0.00133224779809044	274
mcaja_ahorro_tend6_tend6_avg3	0.000514858546161332	0.000563025118136425	0.00170231663089335	275
matm_max6_tend6	0.000514257689275026	0.00121172456009737	0.00118422026496928	276
canarito71	0.00051417808711897	0.00100500966910489	0.00162830286433277	277
Visa_cconsumos_tend6_tend6	0.000511562218116955	0.000239857388294884	0.00177633039745393	278
Visa_mpagospesos_max6_avg3	0.000511072008840377	0.00274154163384652	0.00140626156465103	279
ccomisiones_otras_avg6_avg6_avg3	0.000510827340717721	0.000729081517324429	0.00170231663089335	280
cpagomiscuentas_tend6	0.000510592997988257	0.00415274556290794	0.00148027533121161	281
mrentabilidad_annual_max6_avg6_avg3	0.000510555257814658	0.00050092383793017	0.00118422026496928	282
Master_fechaalta_tend6_tend6_avg3	0.000510372461231367	0.000327007531564063	0.0011102064984087	283
canarito3	0.00051007365717701	0.0004500381177117	0.00177633039745393	284
Visa_cconsumos_max6_avg6	0.000509302357588308	0.000931696167868866	0.00148027533121161	285
ctrx_quarter_tend6_tend6	0.000509264426466874	0.00203086779208406	0.00155428909777219	286
mdescubierto_preacordado_tend6_tend6	0.000507809682832669	0.00244041770485027	0.000666123899045222	287
mcaja_ahorro_min6_avg3	0.000507787263780517	0.000329050973872049	0.0011102064984087	288
mcomisiones_mantenimiento_tend6_avg6	0.00050667371462016	0.000659844883830322	0.00103619273184812	289
canarito38	0.000506208156265086	0.000271343762419567	0.00185034416401451	290
mcaja_ahorro_max6_avg3	0.000503237634963401	0.00100774427572293	0.00125823403152986	291
mrentabilidad_tend6_avg6_avg3	0.000502560522392873	0.000479067018733969	0.00125823403152986	292
mactivos_margen_tend6_tend6_avg3	0.000501145606036515	0.000728356963434179	0.00155428909777219	293
Visa_cconsumos_tend6_avg6_avg3	0.00050099558143058	0.000182714460747712	0.00118422026496928	294
mprestamos_personales_tend6_tend6_avg3	0.000500089053472874	0.000550420551612493	0.0011102064984087	295
canarito66	0.000499876257652424	0.000646966522748783	0.00192435793057509	296
mtransferencias_emitidas_max6_tend6_avg3	0.000497576694184056	0.000880186062500733	0.00133224779809044	297
mcuentas_saldo_max6_tend6_avg3	0.00049741974749705	0.000313872070715017	0.00148027533121161	298
mpasivos_margen_max6_avg3	0.000496710362966056	0.000611767227306322	0.00103619273184812	299
mcuentas_saldo_avg6_tend6_avg3	0.000496575265152083	6.99378146782204e-05	0.000666123899045222	300
ccallcenter_transacciones_tend6_avg6_avg3	0.000495701664594391	0.000947806640313362	0.00155428909777219	301
ctrx_quarter_max6_avg6_avg3	0.000494463393636632	0.000241426698564089	0.00103619273184812	302
canarito15	0.000493205779219068	0.000294218963811742	0.00177633039745393	303
cliente_edad_avg6_tend6	0.000492133317148208	0.0021112932739018	0.00177633039745393	304
cpagomiscuentas_tend6_avg3	0.000491444228595873	0.000321711944145002	0.00133224779809044	305
Visa_cconsumos_max6_avg3	0.000490640901726373	0.00343216169374335	0.00155428909777219	306
Visa_mconsumospesos_tend6	0.000489784058839541	0.000186577635176372	0.00148027533121161	307
mcuentas_saldo_max6_tend6	0.000489090666855871	0.000579102201000725	0.00155428909777219	308
canarito13	0.000488402074323845	0.00182043330185776	0.00192435793057509	309
ctrx_quarter_avg3	0.000487550774697085	0.00379246531467871	0.00133224779809044	310
mvr_msaldopesos2_max6_tend6_avg3	0.000485858983979186	0.000229429822399721	0.00155428909777219	311
ccomisiones_otras_tend6_avg6_avg3	0.000485600358013817	0.000593259383003764	0.00162830286433277	312
Visa_cconsumos_max6	0.000485388376608089	0.000490055529576422	0.00118422026496928	313
Master_fechaalta_tend6_tend6	0.000483127880178743	0.000479668031177494	0.00125823403152986	314
ctransferencias_recibidas_avg6_tend6_avg3	0.000481510602635051	0.000547261897325966	0.00125823403152986	315
mcomisiones_max6_avg3	0.000479873657464298	0.000665467689135302	0.00125823403152986	316
mcaja_ahorro_max6	0.000478765371359167	0.000901171413653823	0.0011102064984087	317
mcuentas_saldo_max6_avg6_avg3	0.000478501226557285	0.000925105064738206	0.00148027533121161	318
Visa_Fvencimiento_avg3	0.000476673640843783	0.00121201171048706	0.00177633039745393	319
ctrx_quarter_tend6_tend6_avg3	0.000476083779000286	0.00100477928100153	0.00162830286433277	320
Visa_cconsumos_max6_avg6_avg3	0.000476004988594564	0.000226641792453368	0.000888165198726963	321
mcomisiones_mantenimiento_avg6_avg6_avg3	0.000475662943292686	0.00064353407390465	0.00140626156465103	322
ccomisiones_mantenimiento_tend6_tend6_avg3	0.000474868883610116	0.00244964658481641	0.00140626156465103	323
mcuentas_saldo_tend6_avg6	0.00047331454247302	0.000135962370557488	0.0011102064984087	324
mvr_msaldopesos2_tend6_avg6_avg3	0.000471883886686237	0.000222034030386341	0.00133224779809044	325
ctarjeta_visa_debitos_automaticos_tend6_tend6	0.00047180803954157	0.000465540899796631	0.00133224779809044	326
tcallcenter_tend6_avg6	0.000471725562510427	0.00160172821261694	0.00133224779809044	327
ccomisiones_otras_tend6_avg3	0.000471721057917767	0.00101164083973178	0.00140626156465103	328
ccallcenter_transacciones_tend6_avg3	0.000471664783370308	0.00020950292093884	0.000962178965287544	329
cprestamos_personales_avg6_avg3	0.000469848574595286	0.00094356282467047	0.000666123899045222	330
cliente_edad_avg6	0.000468009368595828	0.000355478826597062	0.00118422026496928	331
Master_Fvencimiento_max6	0.000467668589766572	0.00312344163525255	0.00133224779809044	332
ccomisiones_otras_tend6	0.000465685516562778	0.000278115169283285	0.00140626156465103	333
ccuenta_debitos_automaticos_tend6_avg6_avg3	0.000464750434354558	0.00202050700534929	0.00125823403152986	334
Visa_fechaalta_tend6_tend6	0.00046439857877458	0.000336012701342883	0.0011102064984087	335
mcuentas_saldo_tend6_tend6_avg3	0.000464239404658869	0.000705368237469339	0.00162830286433277	336
ccaja_ahorro_avg3	0.000463876994548299	0.000124877029932466	0.000518096365924062	337
cproductos_avg6_tend6	0.000463441404345852	0.000460742817122488	0.00103619273184812	338
mpayroll_tend6_avg6	0.000462928135675776	0.00476633586129295	0.00118422026496928	339
mtransferencias_recibidas_avg6_avg6_avg3	0.000462857614643526	0.000544871203383943	0.0011102064984087	340
canarito19	0.00046209579850128	0.00230296949797407	0.00192435793057509	341
Visa_fechaalta_avg3	0.000461009386136807	0.00062592774826738	0.00118422026496928	342
chomebanking_transacciones_max6_avg3	0.000460286427435029	0.000290579499570395	0.0011102064984087	343
mcaja_ahorro_min6_tend6	0.000460037800919336	0.00108533832114005	0.00125823403152986	344
canarito27	0.000459710728592154	0.000310032268992495	0.00177633039745393	345
mpasivos_margen_min6	0.000459454342489302	0.000216795205253613	0.000814151432166383	346
mrentabilidad_annual_max6_tend6	0.00045889874201628	0.000190881552063616	0.0011102064984087	347
mtransferencias_emitidas_max6_avg3	0.000458037355903155	0.00112853775999744	0.00118422026496928	348
canarito21	0.000456713129111129	0.000322326312420606	0.00170231663089335	349
mautoservicio_tend6	0.000456371316499172	0.000568814871342385	0.00140626156465103	350
mtransferencias_recibidas_tend6_avg6_avg3	0.000456299556526315	0.000173175057685759	0.00125823403152986	351
canarito50	0.000456156695572666	0.000334603661058618	0.00148027533121161	352
canarito45	0.000455438464384044	0.000571372513185387	0.00162830286433277	353
Visa_mpagospesos_tend6_tend6	0.000454364601288949	0.000917061514869026	0.00148027533121161	354
mcomisiones_mantenimiento_tend6_tend6_avg3	0.000453591772341304	0.00099090924938818	0.00133224779809044	355
mtarjeta_visa_consumo_tend6_tend6	0.000452410743103994	0.000467928254780634	0.00148027533121161	356
mcuentas_saldo_avg6_avg6_avg3	0.000451013149712904	0.000195816532016562	0.000962178965287544	357
mpasivos_margen_max6_avg6_avg3	0.00044990571798832	0.000887191196425822	0.00140626156465103	358
canarito67	0.000449622959769055	0.00183758886816238	0.00155428909777219	359
mplazo_fijo_dolares_tend6	0.000449007474946353	0.00373720889841261	0.00133224779809044	360
mrentabilidad_tend6_avg3	0.000448500411192802	0.000368226968315836	0.00133224779809044	361
mrentabilidad_avg6_avg6	0.000448404958590137	0.00022059160052188	0.000962178965287544	362
ccomisiones_otras_tend6_tend6	0.000448303480029033	0.00085295685985102	0.00140626156465103	363
mvr_msaldopesos2_tend6_tend6	0.000447671003069291	0.00044738030712811	0.00125823403152986	364
tcallcenter_tend6_tend6	0.000447627347953437	0.00125382882072434	0.00133224779809044	365
canarito60	0.000446790927159649	0.000229987428388992	0.00170231663089335	366
internet_avg6_avg3	0.000446409485322716	0.000454953063916528	0.0011102064984087	367
mrentabilidad_min6_tend6	0.000442952190917362	0.000395382713889118	0.00133224779809044	368
mvr_msaldopesos2_tend6_tend6_avg3	0.000442887404537086	0.000210154017752659	0.00125823403152986	369
mvr_mpagominimo_tend6	0.000441870597543381	0.000228618455600962	0.0011102064984087	370
canarito18	0.00044179145366213	0.002039552421893	0.00170231663089335	371
ctransferencias_recibidas_tend6_tend6	0.000441605515764911	0.000847878304703232	0.00148027533121161	372
cliente_antiguedad	0.000440676732170875	0.00053155543880184	0.00148027533121161	373
mpayroll_tend6_avg6_avg3	0.00043885809347363	0.00672750290471818	0.00148027533121161	374
internet_avg6_tend6	0.000438641350361761	0.00162530793415125	0.00162830286433277	375
thomebanking_tend6_tend6_avg3	0.000438377718454647	0.000642205168612856	0.00140626156465103	376
Visa_mconsumospesos_avg6_tend6	0.000436481317805602	0.000571222260074505	0.00125823403152986	377
Visa_mconsumospesos_max6_tend6_avg3	0.000435709533298211	0.000353138217025333	0.00155428909777219	378
canarito43	0.000434943125526616	0.000159325059820521	0.00148027533121161	379
mtarjeta_visa_consumo_tend6_tend6_avg3	0.000434817078640049	0.000835403957542064	0.00125823403152986	380
mpasivos_margen_min6_avg6_avg3	0.000434666064657887	0.000468996721346901	0.00140626156465103	381
canarito56	0.000433435711374332	9.95343385638189e-05	0.00125823403152986	382
cliente_edad_avg6_tend6_avg3	0.000431824085886573	0.000229997445263051	0.00133224779809044	383
canarito22	0.000430390478845569	0.00026786790712118	0.00133224779809044	384
mcomisiones_avg6_avg3	0.00042968357130766	0.00018603004606116	0.00103619273184812	385
canarito52	0.000428054399046008	0.000812909397364122	0.00177633039745393	386
mcaja_ahorro_dolares_tend6_avg6_avg3	0.000427471937985366	0.000184126839989996	0.000888165198726963	387
mcuentas_saldo_avg3	0.000426922671651707	0.00276651703983301	0.00133224779809044	388
mpasivos_margen_max6_tend6	0.000426540061036394	0.000534997904520031	0.00125823403152986	389
mvr_mpagominimo_min6_tend6_avg3	0.000425521269961459	0.0019427326561991	0.00133224779809044	390
cliente_edad_min6_avg6_avg3	0.000423790108464259	0.000534186537721272	0.00133224779809044	391
mttarjeta_visa_debitos_automaticos_tend6_avg6_avg3	0.000422160951300808	0.000670252415977367	0.00133224779809044	392
mrentabilidad_annual_min6_avg3	0.000422073554032414	0.0006886367188332	0.0011102064984087	393
mactivos_margen_max6_avg3	0.000420874817269778	0.000208197388353182	0.000814151432166383	394
mvr_mpagominimo_min6_avg6_avg3	0.000420418462600378	0.000229820480488013	0.000962178965287544	395
ccallcenter_transacciones_tend6_avg6	0.000418691276370676	0.000615393335715591	0.000962178965287544	396
canarito61	0.000418523945673934	0.000329468343624497	0.00155428909777219	397
ccajas_transacciones_tend6_avg3	0.000415330989682686	0.000570971838223036	0.00118422026496928	398
mactivos_margen_min6_avg6_avg3	0.000415150964063333	0.000368430644755031	0.0011102064984087	399
mcomisiones_avg6_tend6	0.000415033508941236	0.00097555672041413	0.00148027533121161	400
canarito6	0.000414718941476958	0.00329120424198857	0.00170231663089335	401
mcaja_ahorro_tend6_avg3	0.000414252082012214	0.000524663829449417	0.000888165198726963	402
mttarjeta_visa_debitos_automaticos_tend6_avg3	0.00041390409157168	0.000717428553836079	0.000962178965287544	403
cprestamos_personales_avg6_tend6	0.000413410421254567	0.000482612992150768	0.000518096365924062	404
canarito30	0.000411030294674058	0.000167806013190267	0.00133224779809044	405
mcomisiones_mantenimiento_tend6_avg3	0.000410986177730882	0.00043829500235682	0.0011102064984087	406
mcuenta_debitos_automaticos_tend6_avg3	0.000410189494513864	0.00161934121617025	0.0011102064984087	407
canarito36	0.000410105576936725	0.000886389846501121	0.00148027533121161	408
ccaja_ahorro_tend6	0.000409350493703973	0.00307675632422272	0.000740137665605803	409
mcaja_ahorro_dolares_tend6_tend6_avg3	0.000408521826280437	0.000353228368891862	0.00125823403152986	410
Visa_fultimo_cierre_tend6_tend6_avg3	0.000408180358262713	0.000531194831335724	0.00118422026496928	411
mcomisiones_mantenimiento_avg6_tend6_avg3	0.000407450679973383	0.000247329976342715	0.00103619273184812	412
mcuenta_debitos_automaticos_tend6_avg6_avg3	0.000406436716770234	0.00090738521452827	0.00125823403152986	413
ccuenta_debitos_automaticos_tend6_avg6	0.00040606054864608	0.000554367199991642	0.00103619273184812	414
mpagomiscuentas_avg6_avg3	0.000405793957047515	0.000155779086403723	0.00118422026496928	415
Visa_mconsumospesos_max6_avg3	0.000405715378016606	0.00024761044881636	0.00103619273184812	416
mtransferencias_recibidas_tend6_avg3	0.000405662378890623	0.000288132043342039	0.000962178965287544	417
Visa_fultimo_cierre_tend6	0.00040531740720215	0.00386917453622065	0.00103619273184812	418
mcuenta_debitos_automaticos_tend6_avg6	0.00040525079038704	0.000658522656454566	0.000814151432166383	419
Visa_fechaalta_tend6_avg6_avg3	0.00040491790791688	0.000503344582494369	0.000888165198726963	420
mrentabilidad_min6_tend6_avg3	0.000404423160298722	0.000420474983406297	0.00140626156465103	421
cmobile_app_trx_max6_tend6	0.000404040668692758	0.000881918981712898	0.00118422026496928	422
mactivos_margen_max6_tend6_avg3	0.000403319955182275	0.000531395168816899	0.00133224779809044	423
canarito34	0.00040279549075213	0.000263143281523467	0.00148027533121161	424
mactivos_margen_max6_avg6	0.000402308590645948	0.000115724946000785	0.000962178965287544	425
canarito23	0.000401973449662552	0.000152717261899763	0.00140626156465103	426
mcuentas_saldo_avg6_tend6	0.00040162076723404	0.000405289402333226	0.000962178965287544	427
Visa_mconsumospesos_max6	0.000401613274973851	0.000548216839319567	0.00133224779809044	428
mrentabilidad_min6_avg6	0.000401126032049695	7.80481437077915e-05	0.000666123899045222	429
canarito63	0.000399966959149085	0.000306569769526186	0.00140626156465103	430
mcuenta_corriente_min6_avg6	0.00039918538834309	0.000189068497858982	0.00103619273184812	431
mtransferencias_emitidas_max6_avg6	0.000397854925994071	0.000567115341710416	0.00103619273184812	432
ctransferencias_recibidas_avg6_tend6	0.000397750577886657	0.000509087590288054	0.00118422026496928	433
mpasivos_margen_min6_tend6	0.000397331959838337	0.000263380347542858	0.00133224779809044	434
mttarjeta_visa_debitos_automaticos_tend6_tend6	0.000396680711374166	0.00110464083745127	0.00118422026496928	435
mvr_msaldopesos2_max6_tend6	0.000396284908483741	0.000316523203382568	0.00118422026496928	436
cmobile_app_trx_max6_avg3	0.000395804409126633	0.000153021107079546	0.000962178965287544	437
ctrx_quarter_min6	0.000395696830892345	0.00057102526155135	0.000962178965287544	438
mrentabilidad_annual	0.00039555493178291	0.00079708607530931	0.00103619273184812	439
mv_mpagospesos_avg6	0.000395296677943788	0.00089604945205178	0.000518096365924062	440
mvr_msaldopesos2_max6_avg6_avg3	0.000394572140147817	0.000907091386222546	0.00118422026496928	441
ccomisiones_mantenimiento_tend6_avg6	0.000393735206903325	0.000801780650284846	0.000962178965287544	442
Visa_cconsumos_max6_tend6_avg3	0.000393609287907401	0.000665781551189143	0.00118422026496928	443
mactivos_margen_tend6	0.000393295598803167	0.000315935546771121	0.00125823403152986	444
cmobile_app_trx_max6_avg6	0.000392439935796333	0.000458802882513109	0.0011102064984087	445
mcuentas_saldo_min6_avg3	0.00039190118491557	0.000380841551713827	0.000814151432166383	446
canarito69	0.000391604117598388	0.00253459635475068	0.00177633039745393	447
Visa_mconsumospesos_avg6_avg6_avg3	0.000391559039255063	0.000321795418095492	0.00103619273184812	448
canarito26	0.000389302614899327	0.00079250168594842	0.00133224779809044	449
Visa_Fvencimiento	0.000389270174194262	0.000922163442722952	0.00140626156465103	450
mv_fechaalta_avg6_avg3	0.000388032699000506	0.00021914917065742	0.0011102064984087	451
mcuenta_corriente_avg6_avg3	0.000386915615084867	0.000251006169122277	0.000814151432166383	452
mv_Fvencimiento_tend6	0.000385124986214773	0.000304709969909277	0.000740137665605803	453
ccomisiones_otras_tend6_avg6	0.000384945763464459	0.00018819702981587	0.00103619273184812	454
Visa_mconsumospesos_avg3	0.000384453467971762	0.000402962148593575	0.00125823403152986	455
canarito12	0.000382534491071649	0.000432976042231622	0.00148027533121161	456
canarito11	0.0003818361086885	0.000223236055273392	0.00140626156465103	457
mprestamos_personales_min6_avg3	0.000381722660806561	0.00398673257017419	0.00103619273184812	458
mv_fechaalta_tend6_tend6_avg3	0.000380676161868494	0.000666669714022353	0.00103619273184812	459
canarito64	0.000379072440732996	0.000371445723846716	0.00133224779809044	460
canarito70	0.000378856545340704	0.000264949657812063	0.00162830286433277	461
canarito68	0.000378092033725523	0.000212491288366368	0.00133224779809044	462
canarito57	0.000377971733036612	0.000433046160350033	0.00155428909777219	463
mcomisiones_mantenimiento_avg6	0.000377795607193752	0.000338456818613219	0.000814151432166383	464
Visa_mpagado_max6_avg6_avg3	0.000377466185764127	0.000426044365382964	0.00103619273184812	465
canarito72	0.000377399711937862	0.000150029400693998	0.00133224779809044	466
Master_Fvencimiento_max6_avg6_avg3	0.00037696683230655	0.000314883774994951	0.00103619273184812	467
chomebanking_transacciones_tend6_avg3	0.000376813172586704	0.000135725304538097	0.00103619273184812	468
mv_Fvencimiento_avg3	0.00037655891000141	0.000564808121718883	0.00118422026496928	469
canarito10	0.000374429274120346	0.000379155377913937	0.00155428909777219	470
cproductos_avg6_tend6_avg3	0.000373004267725107	0.000619082884327232	0.00103619273184812	471
canarito20	0.000372879769736331	0.000174323659244496	0.00148027533121161	472
ctransferencias_recibidas_tend6_avg6_avg3	0.000372048014286636	0.000126873726828178	0.00118422026496928	473
mvr_msaldopesos2_max6_avg3	0.000370375924944719	0.000231917346124312	0.00103619273184812	474
chomebanking_transacciones_max6_tend6	0.000369915769969326	0.000174817825031394	0.00125823403152986	475
mcaja_ahorro_avg6	0.000369012181720158	0.000219543167703731	0.000814151432166383	476
mv_mpagominimo_avg6_tend6_avg3	0.000368419597759844	0.000289227221572463	0.000740137665605803	477
mcuentas_saldo_max6_avg3	0.000368028398044449	0.000210274220241364	0.000888165198726963	478
Visa_mpagado_max6	0.000367424332346377	0.000465136885876261	0.0011102064984087	479
Visa_mfinanciacion_limite_avg6	0.00036688862597343	0.000225276158623358	0.00103619273184812	480
mv_Fvencimiento_avg6_avg3	0.000363432225026321	0.000414187725455419	0.00118422026496928	481
canarito14	0.000363083752331486	0.000498486398575873	0.00118422026496928	482
ctrx_quarter_min6_avg6_avg3	0.00036297847435252	9.27796264901991e-05	0.000814151432166383	483
mcomisiones_mantenimiento_max6	0.000362623571600339	0.000241750577491989	0.000592110132484642	484
canarito59	0.00036211036731965	0.000898804092417937	0.00140626156465103	485
mv_cconsumos_tend6_avg6	0.000361743147543947	0.000325895658543542	0.00118422026496928	486
mv_status01_avg3	0.000360779616772618	7.30864520906887e-05	0.000222041299681741	487
mrentabilidad_tend6_avg6	0.000360714573722925	0.00028346418003066	0.000814151432166383	488
Visa_fechaalta_tend6_tend6_avg3	0.000360583846394063	0.000656813109948539	0.0011102064984087	489
mv_status07_tend6_avg3	0.000359964769531729	0.000959389485683301	0.000444082599363482	490
ctransferencias_emitidas_max6_tend6	0.000359638175906329	0.000309775169224987	0.00103619273184812	491
Visa_mconsumospesos_tend6_avg3	0.000359066466541023	0.000173218464140013	0.00118422026496928	492
Master_fechaalta_min6_avg6	0.000359066058001467	0.000193672920967989	0.00103619273184812	493
mrentabilidad_tend6_tend6	0.000358959976265333	0.000344173114742748	0.00118422026496928	494
canarito8	0.000358707291886102	0.000289270628026717	0.00140626156465103	495
chomebanking_transacciones_tend6_tend6	0.000358523221725154	0.000266408782466621	0.00133224779809044	496
canarito41	0.000358428003588668	0.00155095601697114	0.00140626156465103	497
Visa_Fvencimiento_tend6_tend6	0.000357167523177312	0.000422568510084576	0.00125823403152986	498
mcaja_ahorro_dolares_tend6	0.000357051299002657	0.000319835449737995	0.000962178965287544	499
mtransferencias_emitidas_max6_tend6	0.00035676861183375	0.000531044578224843	0.0011102064984087	500
mcuenta_corriente_tend6_avg6	0.000356068805779064	0.000125882056296361	0.000888165198726963	501
tcallcenter_tend6_avg6_avg3	0.000355468095434121	0.000398818501691271	0.00103619273184812	502
mcaja_ahorro_tend6_avg6_avg3	0.000355159662280076	0.000108819980816284	0.000888165198726963	503
ctrx_quarter_tend6_avg3	0.000354733009324462	0.000256031300941752	0.00103619273184812	504
mvr_msaldopesos2_tend6_avg3	0.000354226719575743	0.000753198811099889	0.00118422026496928	505
cliente_antiguedad_avg6_avg3	0.000353913363520059	0.0018982343626721	0.0011102064984087	506
mautoservicio_avg6_avg3	0.00035326094361312	0.000316610016291077	0.0011102064984087	507
canarito35	0.000352593191927182	0.000151728930325966	0.00125823403152986	508
Visa_fultimo_cierre_tend6_tend6	0.000352476584968726	0.000335445078479554	0.00118422026496928	509
mactivos_margen_min6_avg6	0.000352210723412584	0.000595536552373121	0.00118422026496928	510
mrentabilidad_annual_avg6_tend6	0.000351963390901525	0.000223162598196961	0.00103619273184812	511
mrentabilidad_annual_avg6_avg3	0.000351417630903004	0.000318680170263219	0.000666123899045222	512
ctrx_quarter_min6_avg6	0.000349657042124024	0.000391816706724202	0.000814151432166383	513
Master_fechaalta_tend6_avg3	0.000348766337969043	0.00011713398628505	0.000592110132484642	514
Master_Fvencimiento_max6_avg3	0.000348128938995791	0.000152767346270057	0.000740137665605803	515
mcuentas_saldo_tend6_avg6_avg3	0.000348099756837742	0.000202060383513186	0.000888165198726963	516
Visa_mpagospesos_max6	0.00034774609124991	0.000473444213428988	0.000814151432166383	517
mv_mpagominimo_avg6_avg6	0.000346281367704877	0.00126043327968707	0.000666123899045222	518
mvr_mpagominimo_avg3	0.00034607914506574	0.000256348501953613	0.000666123899045222	519
ctarjeta_visa_debitos_automaticos_tend6_tend6_avg3	0.000343294678894362	0.00155373403004343	0.000962178965287544	520
canarito58	0.000340159858969937	0.00050381537557513	0.00125823403152986	521
mcaja_ahorro_dolares_tend6_avg6	0.000339448870477125	0.000851814936208322	0.000888165198726963	522
mactivos_margen_avg6_avg6	0.00033923207052497	0.00513101685619199	0.00103619273184812	523
ccajas_transacciones_tend6_tend6	0.000338599177476572	0.000185095137815676	0.00103619273184812	524
mrentabilidad_min6_avg3	0.000338167411559613	0.00018160258772719	0.000962178965287544	525
ctransferencias_recibidas_tend6_tend6_avg3	0.000336671391220269	0.000248041174400886	0.00103619273184812	526
mcaja_ahorro_dolares_avg3	0.000336086759571208	0.000367585888376076	0.000888165198726963	527
mactivos_margen_tend6_avg3	0.00033583527150237	0.000110135530276	0.000962178965287544	528
mvr_msaldopesos2_tend6_avg6	0.000335178237762847	0.000857421046723205	0.00103619273184812	529
mactivos_margen_avg6_avg3	0.000334273261367321	0.000978141073921288	0.000962178965287544	530
canarito62	0.000333102754687944	0.00157612174356475	0.00140626156465103	531
mcuenta_corriente_tend6_avg6_avg3	0.000332416022787153	0.000364250269314511	0.000814151432166383	532
mv_mpagospesos_tend6	0.000332396926671404	0.00161280019740988	0.000962178965287544	533
canarito2	0.000332174777515465	0.000328022574802017	0.00125823403152986	534
canarito16	0.00033179103631134	0.000188530925617829	0.00125823403152986	535
mv_Fvencimiento_avg6	0.000331652985466888	0.000541882835956415	0.000962178965287544	536
ccomisiones_otras_avg6_tend6	0.000331122607870747	0.000826769412103418	0.00125823403152986	537
mrentabilidad_annual_avg6_tend6_avg3	0.000330087782506403	0.0002070921932487	0.000740137665605803	538
Visa_mfinanciacion_limite_avg3	0.000329218141229877	0.000504893859015456	0.0011102064984087	539
ctrx_quarter_max6_avg6	0.000327843800844508	0.000325034207374489	0.000814151432166383	540
ctransferencias_recibidas_avg6	0.000327597542970105	0.000279888155991685	0.000962178965287544	541
Master_fechaalta_min6_tend6_avg3	0.000326031568225113	0.00151038767703318	0.000888165198726963	542
mcuenta_corriente_avg6_avg6	0.000325594545469835	6.58709638103663e-05	0.000518096365924062	543
Visa_Fvencimiento_avg6_avg3	0.000325011312624685	0.000324069248506829	0.0011102064984087	544
Visa_mconsumospesos_avg6_tend6_avg3	0.000324788468507438	0.000793727083541608	0.00118422026496928	545
mcuenta_corriente_avg6	0.000324728777325917	0.000486275829098252	0.000740137665605803	546
mcuentas_saldo_avg6	0.000324712578732557	0.0005990791868319	0.000740137665605803	547
mtarjeta_visa_consumo_tend6_avg6_avg3	0.000324681289043282	0.000433343327613776	0.000814151432166383	548
mcomisiones_mantenimiento_max6_tend6	0.00032350329987314	0.000926944830606997	0.0011102064984087	549
mcuentas_saldo_tend6_avg3	0.000323349723637464	0.000236525108191339	0.000814151432166383	550
mcomisiones_mantenimiento_max6_avg6	0.000322862141447851	0.00214232888869383	0.00103619273184812	551
cproductos_tend6_avg6_avg3	0.000322719415489881	0.00030926764760601	0.000888165198726963	552
matm_max6_avg3	0.0003226025003505	0.000198290699909074	0.000962178965287544	553
mrentabilidad_max6_tend6_avg3	0.000322592976938219	0.000419399838923991	0.000962178965287544	554
thomebanking_tend6_avg6	0.000321769774175297	0.00111006330527508	0.00103619273184812	555
mcuenta_corriente_avg6_tend6	0.000321646135895846	0.000187903201510147	0.0011102064984087	556
Master_Fvencimiento_max6_tend6_avg3	0.000320391653022785	0.000153435137873974	0.000814151432166383	557
matm_max6_avg6_avg3	0.00031959610128271	0.000221877099359421	0.00103619273184812	558
Visa_mpagado_max6_tend6	0.0003186283847572	0.000422475019260028	0.000740137665605803	559
Visa_Fvencimiento_tend6_avg6_avg3	0.000318239900053588	0.000846836549801122	0.00103619273184812	560
ctransferencias_recibidas_tend6_avg3	0.000317166537863513	0.000112820052523746	0.000962178965287544	561
canarito51	0.000317075950434071	0.000225039092603967	0.00133224779809044	562
mtransferencias_recibidas_avg3	0.000317028250776623	0.000397025481234754	0.000814151432166383	563
mtransferencias_recibidas_avg6	0.000316230065732676	0.000226745300151975	0.000888165198726963	564
mcomisiones_avg6	0.000315413888073844	0.00062971412666159	0.000888165198726963	565
canarito40	0.000315244616814215	0.00475726057339572	0.00133224779809044	566
Master_fechaalta_avg3	0.000312692973782783	0.000246932640338384	0.000888165198726963	567
Visa_delinquency_tend6_avg3	0.0003125289074059	0.00227097560223041	0.000888165198726963	568
mv_mpagominimo_avg6	0.000310704710350381	0.000486659809270504	0.000814151432166383	569
canarito33	0.000309594391316898	0.000256381891533809	0.0011102064984087	570
cliente_edad_avg6_avg3	0.000309193705490659	0.000431981032741786	0.000814151432166383	571
tcallcenter_tend6_avg3	0.000309046725392539	0.000318666814431141	0.000888165198726963	572
Visa_Fvencimiento_avg6	0.00030892560229574	0.000239710474142022	0.000888165198726963	573
mcomisiones_mantenimiento_max6_avg6_avg3	0.000308122871805178	0.000180671018439726	0.000666123899045222	574
mcomisiones_mantenimiento_avg3	0.000307091201076703	0.0012522194429589	0.000666123899045222	575
mv_mpagospesos_avg3	0.000306750173571195	0.000116840157979326	0.000592110132484642	576
mactivos_margen_avg6_tend6	0.000306639236431261	0.000170333604411092	0.000962178965287544	577
chomebanking_transacciones_tend6_avg6_avg3	0.000304867994539316	0.000272178501924464	0.000888165198726963	578
mtarjeta_visa_consumo_tend6	0.00030243752878058	0.000170520586060189	0.0011102064984087	579
Master_Fvencimiento_max6_tend6	0.000301420649848388	0.000150637091053562	0.000814151432166383	580
mrentabilidad_annual_max6	0.000301063279872546	0.000326369790582323	0.000888165198726963	581
Visa_Fvencimiento_tend6	0.000300855198243311	7.74504702222859e-05	0.000518096365924062	582
mcaja_ahorro_dolares_avg6_avg3	0.000300298809999451	0.000130506513153486	0.000814151432166383	583
mpasivos_margen_min6_avg6	0.00029908568376318	0.000586097318051755	0.000888165198726963	584
cliente_edad_avg6_avg6	0.00029870281825471	0.000139291311703013	0.000740137665605803	585
Visa_mfinanciacion_limite_avg6_avg3	0.000298509936073184	0.00145744515867465	0.0011102064984087	586
canarito25	0.000298211350498677	0.00145723480431941	0.0011102064984087	587
mpasivos_margen_avg6	0.000298080945560812	0.000281253789821695	0.000666123899045222	588
Visa_mpagominimo_max6	0.000297430995541922	0.000496346126485319	0.000740137665605803	589
mrentabilidad_annual_min6	0.000295188092069202	0.000233643587420437	0.000666123899045222	590
ctrx_quarter_min6_avg3	0.000295066667008384	0.000210150678794639	0.000666123899045222	591
cpayroll_trx_avg6_tend6_avg3	0.000292983146361799	0.00146238681654363	0.000962178965287544	592
ccomisiones_mantenimiento_tend6_tend6	0.000292866324476012	0.00036127859667708	0.000740137665605803	593
Visa_mconsumospesos_avg6_avg6	0.000292225536400711	0.000798258049574184	0.000740137665605803	594
Visa_mconsumospesos_avg6	0.000291957590404708	0.000318820406500042	0.000740137665605803	595
ctransferencias_recibidas_avg6_avg3	0.000291892392820488	0.000418952418549366	0.000888165198726963	596
mrentabilidad_annual_tend6_avg6_avg3	0.000290797172876084	0.000382998518594479	0.000888165198726963	597
Visa_cconsumos_max6_tend6	0.000289687487967041	0.00014904440807822	0.000962178965287544	598
mv_mpagospesos_avg6_avg3	0.000289274762657739	0.000201105441519584	0.000666123899045222	599
canarito54	0.00028786518662387	0.000168974648497121	0.00118422026496928	600
mcuenta_corriente_min6_avg6_avg3	0.000286251406534022	0.000194347390487945	0.000666123899045222	601
cproductos_avg6	0.000285318319952716	0.000584578092152844	0.000814151432166383	602
mvr_Master_mlimitecompra_max6	0.000285068285751816	0.000247710617556947	0.000888165198726963	603
mpasivos_margen_avg6_avg6_avg3	0.00028291139406552	0.000191352345144378	0.000814151432166383	604
mcuentas_saldo_avg6_avg6	0.000282737475224387	0.000458135090909192	0.000888165198726963	605
mrentabilidad_annual_tend6_avg3	0.000281943480375269	5.49859606665203e-05	0.000888165198726963	606
Master_mfinanciacion_limite_avg3	0.000281935278499635	0.000367352161314705	0.000814151432166383	607
mcomisiones_mantenimiento_avg6_avg3	0.000281827979138	0.000623693985352278	0.000888165198726963	608
mtarjeta_master_consumo_tend6_avg3	0.000281657160756839	0.00079386731977843	0.000740137665605803	609
mplazo_fijo_dolares_avg3	0.000281075737031415	0.00323427166879663	0.000740137665605803	610
Visa_fechaalta_avg6	0.000279936761612528	0.0015570195647347	0.000592110132484642	611
mcuentas_saldo_max6	0.000277362086719612	0.00041240806083098	0.000962178965287544	612
mtransferencias_recibidas_tend6_tend6	0.000275743445009058	0.000359098257090292	0.000814151432166383	613
mactivos_margen_tend6_avg6_avg3	0.000275195419392265	0.000768771711303232	0.000888165198726963	614
mcomisiones_max6_avg6	0.000275177345957598	0.000622668925240266	0.000962178965287544	615
Visa_Fvencimiento_tend6_tend6_avg3	0.000274316790245526	0.000831377174170445	0.000962178965287544	616
canarito17	0.000273976166838927	0.000204327536008484	0.000962178965287544	617
mpasivos_margen_min6_avg3	0.000273455230947156	0.000224625061809539	0.000888165198726963	618
canarito65	0.000272278506473376	0.000197228911258847	0.00118422026496928	619
thomebanking_tend6_avg3	0.000271979523904997	0.000871100757729443	0.00103619273184812	620
ctransferencias_recibidas_tend6_avg6	0.00027173339036872	0.000160109714955124	0.000888165198726963	621
mcuentas_saldo_max6_avg6	0.000271271807281143	0.000914577330102455	0.000740137665605803	622
ctransferencias_emitidas_max6_avg3	0.000268763927717359	0.000336386664641077	0.000444082599363482	623
canarito28	0.00026758721834178	9.32337247808626e-05	0.00103619273184812	624
mtransferencias_recibidas_avg6_avg3	0.000267295167623896	0.000321227795232162	0.000666123899045222	625
mpasivos_margen_max6_tend6_avg3	0.000266086545092156	0.000362333707411269	0.00103619273184812	626
mtransferencias_recibidas_avg6_tend6	0.000263637530749488	0.000401826902866917	0.000740137665605803	627
canarito7	0.000263293516464581	0.000150513549606838	0.0011102064984087	628
mrentabilidad_annual_tend6	0.000263241544904393	0.000438492000879976	0.000814151432166383	629
Master_fultimo_cierre_avg6_avg6	0.000262912428991305	0.000189712916756762	0.000814151432166383	630
canarito42	0.000262149611039019	0.00142925433611529	0.000962178965287544	631
mprestamos_personales_min6_tend6_avg3	0.000260112740280852	0.00050035621506684	0.000740137665605803	632
cprestamos_personales_avg6_tend6_avg3	0.000259182554330387	0.00037470788583185	0.000814151432166383	633
mcomisiones_max6_avg6_avg3	0.000258120145441036	0.000236919105237649	0.000888165198726963	634
mcomisiones_mantenimiento_avg6_avg6	0.000257803099207414	0.000704423312349796	0.000592110132484642	635
mrentabilidad_min6_avg6_avg3	0.000256594305266687	0.000266428816214739	0.000814151432166383	636
ctransferencias_emitidas_avg6_tend6	0.000256343352739918	0.000317207689776582	0.000740137665605803	637
mcaja_ahorro_max6_avg6_avg3	0.000255229893280637	0.000362417181361759	0.000888165198726963	638
mpasivos_margen_avg6_tend6	0.000254559573124278	0.00013722783564691	0.000814151432166383	639
Master_fechaalta_tend6_avg6_avg3	0.000254107026754034	0.000970595028797027	0.000814151432166383	640
canarito29	0.000252476127968697	8.55407655037395e-05	0.000962178965287544	641
internet_avg6	0.000252024411999506	0.000222491467635024	0.000666123899045222	642
mpayroll_tend6	0.000251419388009739	0.000407473080878034	0.000592110132484642	643
mtransferencias_recibidas_tend6_avg6	0.000251045040550993	7.77376206119702e-05	0.000740137665605803	644
chomebanking_transacciones_tend6_tend6_avg3	0.000249056715837657	9.4789679217989e-05	0.000962178965287544	645
mprestamos_personales_avg3	0.000247527776979595	0.00197212550364551	0.000518096365924062	646
Master_mlimitecompra_min6_avg6	0.000247264882664004	0.000273136782876084	0.000740137665605803	647
mpasivos_margen_max6	0.000246803582001599	0.00025709642855	0.000740137665605803	648
mrentabilidad_annual_min6_avg6	0.000246221690231945	0.000458452291921053	0.000370068832802901	649
canarito5	0.000245955890844866	0.000129074100163084	0.000962178965287544	650
ctrx_quarter_avg6_avg3	0.000242629906381305	5.01478104961421e-05	0.000666123899045222	651
mdescubierto_preacordado_tend6_avg6	0.000242023152315334	0.000109948548626903	0.000222041299681741	652
mautoservicio_avg3	0.00024077748235098	0.000476031905894166	0.000666123899045222	653
mcaja_ahorro_tend6_avg6	0.000239457609169604	0.000276582587552296	0.000740137665605803	654
mrentabilidad_avg6_tend6_avg3	0.000239455284934787	0.000179585857083361	0.000814151432166383	655
mcaja_ahorro_min6_avg6_avg3	0.000239248936934272	0.000159111366507268	0.000740137665605803	656
mrentabilidad_annual_tend6_tend6	0.000239125741831426	0.000162440307652794	0.000814151432166383	657
cproductos_avg3	0.00023739974569521	0.000297631378907757	0.000518096365924062	658
canarito49	0.00023318302066336	0.000218715106114874	0.000888165198726963	659
Visa_mpagado_max6_avg3	0.000231314178671697	0.000238979242335733	0.000592110132484642	660
Visa_mpagospesos_tend6_avg6	0.000231145903005201	8.58112211033259e-05	0.000592110132484642	661
ctarjeta_visa_transacciones_avg6_avg3	0.000230872836054688	0.000316075783007943	0.000444082599363482	662
canarito4	0.000230589697716011	0.000202804971151553	0.000888165198726963	663
mactivos_margen_avg6_tend6_avg3	0.000229231293037681	0.00011480005462936	0.000592110132484642	664
mpayroll_min6_tend6_avg3	0.000229055254231509	0.00131265458311338	0.000592110132484642	665
mvr_Master_mlimitecompra_max6_avg3	0.000228632882948059	0.000164600613491465	0.000740137665605803	666
ctarjeta_visa_transacciones_avg6	0.000227616917901089	3.57001391453992e-05	0.000518096365924062	667
mvr_mpagominimo_min6_avg3	0.000226337843611198	0.00043444184480222	0.000814151432166383	668
mactivos_margen_avg6_avg6_avg3	0.000226175982015718	0.000132933935633724	0.000888165198726963	669
mv_fechaalta_tend6_tend6	0.000225927677002893	0.000267670908598024	0.000666123899045222	670
chomebanking_transacciones_avg6	0.000224311192558815	0.00055462096080113	0.000740137665605803	671
mpayroll_avg6_avg3	0.000224000376553409	2.80171967423349e-05	0.000222041299681741	672
mcomisiones_mantenimiento_tend6_avg6_avg3	0.000223495922568299	0.000173822815541558	0.000592110132484642	673
mpagomiscuentas_avg3	0.00022318683042219	0.000985256393461023	0.000740137665605803	674
mrentabilidad_avg6_avg3	0.000222576410157776	4.23480045623923e-05	0.000592110132484642	675
chomebanking_transacciones_avg6_tend6	0.000221182370172686	0.000388601290151342	0.000444082599363482	676
mdescubierto_preacordado_avg3	0.000221146395600469	7.20947815588721e-05	0.000296055066242321	677
mv_mpagominimo_avg6_tend6	0.000221068942717724	0.000419636904943381	0.000740137665605803	678
mrentabilidad_avg6_tend6	0.000220100631145471	0.000162196563717364	0.000740137665605803	679
canarito55	0.000220081529256881	8.08461905282035e-05	0.000962178965287544	680
mv_mpagospesos	0.000219317206813277	6.11763888348302e-05	0.000518096365924062	681
mtarjeta_visa_consumo_tend6_avg6	0.000217983841169028	0.000162744152832576	0.000740137665605803	682
mv_msaldototal_avg6	0.000217885550104584	2.86749714721931e-05	0.000518096365924062	683
mcaja_ahorro_avg6_tend6	0.000217459729326281	0.000118753380924548	0.000740137665605803	684
mpasivos_margen_max6_avg6	0.000216275011687292	0.000223446409628625	0.000518096365924062	685
cliente_antiguedad_avg6	0.000216047301508692	0.000277988288878541	0.000814151432166383	686
cpayroll_trx_avg6	0.000215540017054969	0.00117657534902521	0.000666123899045222	687
mvr_msaldopesos2_max6_avg6	0.000215403652768376	0.000139511682932306	0.000666123899045222	688
mplazo_fijo_dolares_tend6_avg3	0.000215198739096952	0.000659060228695719	0.000592110132484642	689
cproductos_avg6_avg3	0.000214095224911449	0.000273801235521982	0.000518096365924062	690
mpasivos_margen_avg6_tend6_avg3	0.000213064025779722	0.000178313714077899	0.000666123899045222	691
mpayroll_tend6_avg3	0.000211380355229546	0.000594508153303089	0.000518096365924062	692
mpasivos_margen_avg6_avg6	0.000210762052816107	0.000187596017372345	0.000740137665605803	693
mcaja_ahorro_dolares_tend6_tend6	0.000210527291777663	0.000366694386584847	0.000592110132484642	694
canarito48	0.000210135909995728	0.000224514876194892	0.000814151432166383	695
Visa_mconsumospesos_max6_avg6	0.000208015309055739	0.000151899217184965	0.000814151432166383	696
matm_max6_avg6	0.000207871599938448	0.000181549164398877	0.000592110132484642	697
ccomisiones_otras_avg6_tend6_avg3	0.000207217234139846	0.000136463214260425	0.000592110132484642	698
canarito37	0.000206723979467323	0.000115217424381808	0.000666123899045222	699
mcaja_ahorro_tend6_tend6	0.000205741379668195	9.69199344344841e-05	0.000666123899045222	700
mcaja_ahorro_dolares_tend6_avg3	0.000205379754664073	0.000290125401279731	0.000740137665605803	701
Visa_Fvencimiento_tend6_avg6	0.000203699578015223	0.000590544810133842	0.000740137665605803	702
mrentabilidad_annual_avg3	0.00020275552569938	0.000422338121981225	0.000518096365924062	703
mactivos_margen_tend6_avg6	0.000202433680014114	0.000284692916581867	0.000666123899045222	704
mcaja_ahorro_dolares_avg6	0.000201915805504619	0.00024913635263131	0.000592110132484642	705
chomebanking_transacciones_avg6_avg6	0.000201215325359668	7.14303289129747e-05	0.000518096365924062	706
Visa_fechaalta_tend6_avg3	0.000200990085957246	0.000179211893785168	0.000592110132484642	707
mv_Fvencimiento_tend6_avg3	0.000200820505628563	0.000387178894034999	0.000814151432166383	708
mrentabilidad_annual_avg6_avg6_avg3	0.000200806651696997	0.000110025344661354	0.000666123899045222	709
Master_mfinanciacion_limite_avg6	0.000200152012354519	0.000371522519881166	0.000518096365924062	710
mtransferencias_recibidas_avg6_avg6	0.000199231922659842	0.00065076959593309	0.000592110132484642	711
mcuenta_debitos_automaticos_tend6_tend6_avg3	0.000199149450069346	0.000164477072044741	0.000592110132484642	712
ctransferencias_emitidas_avg6_avg3	0.00019737917712665	0.000589376174826987	0.000518096365924062	713
Master_Fvencimiento_avg6	0.000196959980017917	6.38842837887134e-05	0.000444082599363482	714
mpasivos_margen_avg6_avg3	0.000195929774703063	0.000268405479362333	0.000444082599363482	715
mrentabilidad_annual_min6_avg6_avg3	0.000194594596386571	0.000111374283701266	0.000444082599363482	716
mrentabilidad_annual_avg6	0.000193817190019649	0.000383679666030474	0.000592110132484642	717
mrentabilidad_annual_min6_tend6	0.000193644663765522	9.97446929190527e-05	0.000666123899045222	718
mtransferencias_recibidas_tend6	0.000189886503069188	0.000127561552180213	0.000444082599363482	719
Visa_fechaalta_tend6_avg6	0.000189825129770455	0.000108469390224227	0.000444082599363482	720
ccaja_seguridad_avg6	0.000189354467335331	0.00177868297078087	0.000444082599363482	721
mcuenta_debitos_automaticos_avg6_avg3	0.000189035399719041	0.000129635045110375	0.000444082599363482	722
ctransferencias_emitidas_avg6_avg6	0.000188232255360146	0.000231573433448294	0.000592110132484642	723
Visa_fultimo_cierre	0.000187519257918478	0.000444992952144107	0.000666123899045222	724
mv_cconsumos_tend6_avg3	0.000187425739661793	0.000374741275412046	0.000666123899045222	725
mvr_mpagominimo_min6_avg6	0.000187304562389097	0.000200778223633665	0.000592110132484642	726
mvr_Master_mlimitecompra_max6_avg6	0.000186987796804386	0.000120920364679259	0.000592110132484642	727
mcaja_ahorro_avg6_avg3	0.000185984444972117	0.000447266782555444	0.000592110132484642	728
cpayroll_trx_avg6_tend6	0.00018418871379823	0.00115499232438661	0.000592110132484642	729
chomebanking_transacciones_tend6_avg6	0.00018300610102608	0.000357154983522893	0.000740137665605803	730
Master_Fvencimiento_avg6_avg3	0.000179790114061477	0.000623370106424379	0.000592110132484642	731
canarito1	0.000177975157549004	0.000807370066009631	0.000814151432166383	732
canarito44	0.000176935703253874	9.66962242471719e-05	0.000666123899045222	733
Visa_mpagospesos_tend6	0.000176339024128584	0.000158560438434037	0.000740137665605803	734
cproductos_avg6_avg6	0.000173440075404438	0.000445887792893356	0.000518096365924062	735
cliente_edad_min6_avg3	0.000172390122530871	0.00159750776968019	0.000444082599363482	736
mv_msaldopesos_avg6	0.000172036143433336	0.000316606677333057	0.000370068832802901	737
mcaja_ahorro_min6_avg6	0.000172012383305688	8.08094619899881e-05	0.000444082599363482	738
Master_fechaalta_tend6_avg6	0.000169491784839798	8.43253847846107e-05	0.000592110132484642	739
chomebanking_transacciones_avg6_avg3	0.000169269835068925	0.000180070005996201	0.000518096365924062	740
mv_fechaalta_avg6	0.00016696858149018	6.89428051883842e-05	0.000518096365924062	741
ctarjeta_visa_transacciones_tend6_tend6	0.000166704855885407	7.32567389496876e-05	0.000592110132484642	742
Visa_mpagospesos_tend6_avg3	0.000162955772760362	4.69657835034779e-05	0.000444082599363482	743
mtarjeta_master_consumo_avg3	0.000158456437826869	9.23756125698293e-05	0.000370068832802901	744
ctrx_quarter_max6	0.000158204931995442	0.000615473470708061	0.000592110132484642	745
mrentabilidad_annual_max6_avg3	0.00015745787390056	5.79743280940485e-05	0.000370068832802901	746
mcuenta_debitos_automaticos_avg3	0.000157298106514365	0.000882506638324345	0.000592110132484642	747
cliente_edad_avg3	0.000155806980656517	0.000109708143649493	0.000444082599363482	748
mpayroll_avg6	0.000155431261037744	0.000601880572610332	0.000296055066242321	749
ccaja_seguridad_avg3	0.000149290087340131	3.94798396235691e-05	7.40137665605803e-05	750
ccuenta_debitos_automaticos_tend6_avg3	0.000148662122966214	5.81012084987928e-05	0.000370068832802901	751
Visa_mpagominimo_max6_avg3	0.000147576342949922	0.000144924133882053	0.000518096365924062	752
mrentabilidad_annual_max6_avg6	0.000146427221539997	5.51228579453232e-05	0.000370068832802901	753
Master_Fvencimiento_max6_avg6	0.00014518010570087	3.01908584130845e-05	0.000518096365924062	754
mv_mpagominimo_avg6_avg3	0.000144810189120038	0.000199622944158889	0.000370068832802901	755
ctrx_quarter_max6_avg3	0.000144496602150693	2.33626892630339e-05	0.000370068832802901	756
mcaja_ahorro_avg6_tend6_avg3	0.000142230531820808	5.14366482917018e-05	0.000518096365924062	757
mpayroll_avg6_avg6_avg3	0.000141793400713735	3.73495844070741e-05	0.000222041299681741	758
mcuentas_saldo_avg6_avg3	0.00014135376952221	0.000120523028674928	0.000592110132484642	759
mv_mpagominimo_avg6_avg6_avg3	0.000139983540288148	0.00013851333448445	0.000296055066242321	760
mtarjeta_visa_consumo_tend6_avg3	0.000137392272472387	8.08729021923602e-05	0.000444082599363482	761
mv_status01_max6_avg3	0.000131785309537698	0.000159582159588029	0.000444082599363482	762
mrentabilidad_annual_avg6_avg6	0.00012979942451601	0.000493164099492655	0.000444082599363482	763
mtarjeta_visa_consumo_avg3	0.000126529550295956	0.000156580436328423	0.000444082599363482	764
Visa_mpagado_max6_avg6	0.00012634466039151	0.000431553646115279	0.000370068832802901	765
mcuenta_debitos_automaticos_avg6	0.000123912423702615	7.68127292405452e-05	0.000296055066242321	766
Master_mfinanciacion_limite_tend6_avg3	0.000121913629719115	0.00186090147305512	0.000444082599363482	767
mv_Finiciomora_avg6_avg3	0.000121028542094888	0.00229037160936618	0.000518096365924062	768
mcaja_ahorro_max6_avg6	0.000118864405936524	0.000204257417890072	0.000370068832802901	769
Master_fechaalta_min6_tend6	0.000114837491046372	0.000186968293264663	0.000444082599363482	770
mdescubierto_preacordado_avg6_avg3	0.000114379064370923	0.000834499099918756	0.000370068832802901	771
chomebanking_transacciones_avg6_tend6_avg3	0.000106457970868337	0.000122142423314427	0.000296055066242321	772
mautoservicio_avg6	0.000106211470090525	0.00290466642789333	0.000518096365924062	773
mdescubierto_preacordado_tend6_tend6_avg3	0.000105898811660537	0.00170588033012184	0.000444082599363482	774
ctransferencias_emitidas_avg6	0.000103436094368313	7.48460829670098e-05	0.000296055066242321	775
ctarjeta_visa_transacciones_avg3	0.000103409196479256	5.59008351638865e-05	0.000296055066242321	776
cproductos_tend6_tend6	0.000101528287472515	0.000267570739857437	0.000370068832802901	777
mactivos_margen_min6_avg3	0.000100408670611635	5.5036045036814e-05	0.000444082599363482	778
mcuenta_debitos_automaticos_tend6_tend6	9.82287923584567e-05	0.000133521592245171	0.000370068832802901	779
ccomisiones_otras_avg6_avg6	9.72476082376997e-05	4.62746191934239e-05	0.000296055066242321	780
Visa_mpagominimo_max6_avg6	9.71317553011621e-05	0.000148900832883378	0.000370068832802901	781
mv_fechaalta_tend6_avg3	9.19558024852548e-05	0.000227045806373738	0.000222041299681741	782
mv_mpagospesos_tend6_avg3	9.19057901386723e-05	2.98235730309302e-05	0.000222041299681741	783
mv_msaldopesos_avg6_avg3	9.05720861170962e-05	0.000130179295267567	0.000370068832802901	784
mrentabilidad_annual_tend6_avg6	8.47886332064652e-05	4.02912064223282e-05	0.000296055066242321	785
Visa_Fvencimiento_tend6_avg3	8.09673034136152e-05	6.61581142000506e-05	0.000370068832802901	786
Visa_Finiciomora_avg3	7.98818191444358e-05	0.000758988564305849	0.000148027533121161	787
cpayroll_trx_avg6_avg6	6.64181689680249e-05	0.000456425544403165	0.000148027533121161	788
mpagomiscuentas_avg6	5.95344097955289e-05	0.000759629644245609	0.000222041299681741	789
internet_avg6_avg6	5.83859482657982e-05	6.62382491925206e-05	0.000222041299681741	790
ctrx_quarter_avg6	5.13612163029015e-05	2.54295042771568e-05	0.000148027533121161	791
cliente_antiguedad_avg3	4.92279470841858e-05	4.74833219965135e-05	0.000148027533121161	792
mv_msaldototal_avg6_avg3	3.6444820783588e-05	6.92533282842055e-05	0.000148027533121161	793
mdescubierto_preacordado_avg6	1.58264120495685e-05	2.50087955666891e-06	7.40137665605803e-05	794
